[38;2;5;5;5m [38;2;13;13;13m [38;2;13;13;13m [38;2;13;13;13m [38;2;13;13;13m [38;2;13;13;13m [38;2;13;13;13m [38;2;13;13;13m [38;2;13;13;13m [38;2;13;13;13m [38;2;13;13;13m [38;2;13;13;13m [38;2;13;13;13m [38;2;13;13;13m [38;2;13;13;13m [38;2;13;13;13m [38;2;13;13;13m [38;2;13;13;13m [38;2;13;13;13m [38;2;13;13;13m [38;2;13;13;13m [38;2;13;13;13m [38;2;13;13;13m [38;2;13;13;13m [38;2;3;3;3m [0m
[38;2;13;13;13m [38;2;13;13;13m [38;2;13;13;13m [38;2;13;13;13m [38;2;13;13;13m [38;2;13;13;13m [38;2;13;13;13m [38;2;13;13;13m [38;2;13;13;13m [38;2;13;13;13m [38;2;13;13;13m [38;2;13;13;13m [38;2;13;13;13m [38;2;13;13;13m [38;2;13;13;13m [38;2;13;13;13m [38;2;13;13;13m [38;2;13;13;13m [38;2;13;13;13m [38;2;13;13;13m [38;2;13;13;13m [38;2;13;13;13m [38;2;13;13;13m [38;2;13;13;13m [38;2;13;13;13m [0m
[38;2;13;13;13m [38;2;13;13;13m [38;2;13;13;13m [38;2;15;15;14m.[38;2;36;31;22m.[38;2;38;32;21m.[38;2;39;33;23m.[38;2;38;32;23m.[38;2;43;37;26m.[38;2;44;39;27m.[38;2;37;32;21m.[38;2;44;37;27m.[38;2;41;35;25m.[38;2;39;33;23m.[38;2;34;28;20m.[38;2;39;31;21m.[38;2;40;32;21m.[38;2;35;27;17m.[38;2;38;29;19m.[38;2;39;31;22m.[38;2;38;30;21m.[38;2;14;13;12m [38;2;13;13;13m [38;2;13;13;13m [38;2;13;13;13m [0m
[38;2;13;13;13m [38;2;13;13;13m [38;2;13;13;13m [38;2;107;99;81m=[38;2;98;89;79m-[38;2;95;86;76m-[38;2;95;87;75m-[38;2;96;88;83m-[38;2;99;88;80m-[38;2;100;89;78m-[38;2;94;86;78m-[38;2;32;23;20m.[38;2;25;17;16m.[38;2;35;27;25m.[38;2;92;84;76m-[38;2;92;85;68m-[38;2;93;83;67m-[38;2;92;84;74m-[38;2;89;82;71m-[38;2;89;82;61m-[38;2;106;93;70m-[38;2;73;62;48m:[38;2;12;14;13m [38;2;13;13;13m [38;2;13;13;13m [0m
[38;2;13;13;13m [38;2;13;13;13m [38;2;13;13;13m [38;2;98;82;64m-[38;2;15;12;10m [38;2;13;12;14m [38;2;11;13;15m [38;2;13;13;13m [38;2;13;13;13m [38;2;13;13;13m [38;2;13;13;13m [38;2;11;14;13m [38;2;13;13;13m [38;2;13;13;12m [38;2;13;13;13m [38;2;13;13;13m [38;2;13;13;13m [38;2;13;13;13m [38;2;13;13;13m [38;2;13;12;14m [38;2;28;24;20m.[38;2;70;62;51m:[38;2;12;13;13m [38;2;13;13;13m [38;2;13;13;13m [0m
[38;2;13;13;13m [38;2;13;13;13m [38;2;13;13;13m [38;2;60;41;32m:[38;2;13;13;12m [38;2;33;25;21m.[38;2;154;122;86m=[38;2;136;98;62m=[38;2;110;69;41m-[38;2;108;66;40m-[38;2;80;50;31m:[38;2;34;28;18m.[38;2;107;73;46m-[38;2;30;23;16m.[38;2;86;52;31m:[38;2;102;64;40m:[38;2;93;56;33m:[38;2;130;102;73m=[38;2;149;126;93m+[38;2;23;18;14m.[38;2;13;13;13m [38;2;47;36;31m.[38;2;12;13;13m [38;2;13;13;13m [38;2;13;13;13m [0m
[38;2;13;13;13m [38;2;13;13;13m [38;2;13;13;13m [38;2;60;40;31m:[38;2;13;13;12m [38;2;62;46;33m:[38;2;232;175;118m*[38;2;190;142;93m+[38;2;128;76;41m-[38;2;129;75;44m-[38;2;130;77;45m-[38;2;82;53;33m:[38;2;29;20;14m.[38;2;90;56;33m:[38;2;123;71;41m-[38;2;116;66;37m-[38;2;119;69;40m-[38;2;188;154;112m*[38;2;246;215;159m%[38;2;35;27;21m.[38;2;13;13;14m [38;2;47;36;31m.[38;2;12;14;13m [38;2;13;13;13m [38;2;13;13;13m [0m
[38;2;13;13;13m [38;2;13;13;13m [38;2;13;13;13m [38;2;60;40;28m:[38;2;13;14;12m [38;2;59;44;32m:[38;2;232;176;118m*[38;2;187;136;87m+[38;2;119;70;36m-[38;2;107;62;33m:[38;2;114;66;38m-[38;2;121;72;40m-[38;2;108;63;37m:[38;2;124;71;41m-[38;2;119;72;42m-[38;2;108;62;34m:[38;2;111;64;34m-[38;2;189;150;104m+[38;2;240;192;132m#[38;2;36;26;20m.[38;2;13;13;12m [38;2;48;36;29m.[38;2;13;13;11m [38;2;13;13;13m [38;2;13;13;13m [0m
[38;2;13;13;13m [38;2;13;13;13m [38;2;13;12;13m [38;2;60;40;28m:[38;2;13;13;12m [38;2;60;45;31m:[38;2;223;161;104m*[38;2;179;121;75m+[38;2;112;65;35m-[38;2;99;57;29m:[38;2;100;58;31m:[38;2;100;57;31m:[38;2;104;59;33m:[38;2;111;62;36m:[38;2;107;61;34m:[38;2;104;58;33m:[38;2;111;64;36m-[38;2;191;145;100m+[38;2;236;173;115m*[38;2;36;25;19m.[38;2;14;13;12m [38;2;47;35;28m.[38;2;12;14;13m [38;2;13;13;13m [38;2;13;13;13m [0m
[38;2;13;13;13m [38;2;13;13;13m [38;2;13;12;13m [38;2;90;71;54m-[38;2;14;14;13m [38;2;61;49;36m:[38;2;224;169;111m*[38;2;178;120;75m+[38;2;104;61;35m:[38;2;97;56;31m:[38;2;95;56;33m:[38;2;91;53;28m:[38;2;94;53;28m:[38;2;96;54;30m:[38;2;97;55;32m:[38;2;102;59;34m:[38;2;106;59;33m:[38;2;197;157;111m*[38;2;223;152;97m*[38;2;35;25;18m.[38;2;23;22;16m.[38;2;64;52;39m:[38;2;12;13;13m [38;2;13;13;13m [38;2;13;13;13m [0m
[38;2;13;13;13m [38;2;13;13;13m [38;2;13;12;13m [38;2;116;104;84m=[38;2;16;12;12m [38;2;60;46;34m:[38;2;231;183;122m#[38;2;175;120;76m+[38;2;102;69;51m-[38;2;127;108;93m=[38;2;68;38;23m:[38;2;127;109;96m=[38;2;86;54;35m:[38;2;93;52;31m:[38;2;92;56;35m:[38;2;133;112;97m=[38;2;94;54;31m:[38;2;190;150;102m+[38;2;215;144;89m+[38;2;35;26;19m.[38;2;40;33;25m.[38;2;84;72;53m-[38;2;13;12;13m [38;2;13;13;13m [38;2;13;13;13m [0m
[38;2;13;13;13m [38;2;13;13;13m [38;2;12;13;13m [38;2;115;102;79m=[38;2;16;12;11m [38;2;60;47;33m:[38;2;226;168;110m*[38;2;164;106;68m=[38;2;123;102;86m=[38;2;239;237;235m%[38;2;55;31;19m.[38;2;217;215;210m%[38;2;133;113;107m=[38;2;84;46;26m:[38;2;123;102;90m=[38;2;227;224;221m%[38;2;87;48;27m:[38;2;190;146;99m+[38;2;231;169;108m*[38;2;38;28;20m.[38;2;39;33;23m.[38;2;84;69;50m:[38;2;13;12;13m [38;2;13;13;13m [38;2;13;13;13m [0m
[38;2;13;13;13m [38;2;13;13;13m [38;2;13;12;13m [38;2;115;101;77m=[38;2;16;12;10m [38;2;57;43;30m:[38;2;217;156;101m*[38;2;157;100;62m=[38;2;120;99;85m=[38;2;238;237;236m%[38;2;59;35;22m.[38;2;157;146;139m+[38;2;189;181;177m*[38;2;67;36;20m.[38;2;178;168;163m*[38;2;162;149;144m+[38;2;94;50;27m:[38;2;191;159;115m*[38;2;249;234;179m%[38;2;38;29;24m.[38;2;41;33;24m.[38;2;84;76;57m-[38;2;13;13;13m [38;2;13;13;13m [38;2;13;13;13m [0m
[38;2;13;13;13m [38;2;13;13;13m [38;2;13;12;13m [38;2;114;99;72m=[38;2;15;13;11m [38;2;54;38;26m.[38;2;192;128;79m+[38;2;147;93;55m=[38;2;119;97;86m=[38;2;238;237;236m%[38;2;63;36;20m.[38;2;96;74;63m-[38;2;242;242;240m@[38;2;57;39;26m.[38;2;238;236;234m%[38;2;108;83;71m-[38;2;103;56;30m:[38;2;193;166;128m*[38;2;249;237;186m%[38;2;38;30;22m.[38;2;41;32;24m.[38;2;84;70;48m-[38;2;13;12;11m [38;2;13;13;13m [38;2;13;13;13m [0m
[38;2;13;13;13m [38;2;13;13;13m [38;2;13;12;13m [38;2;113;97;67m-[38;2;15;12;12m [38;2;55;38;27m.[38;2;190;121;73m+[38;2;140;86;50m-[38;2;117;96;85m=[38;2;238;236;235m%[38;2;61;35;19m.[38;2;60;32;20m.[38;2;224;223;220m%[38;2;158;150;145m+[38;2;230;226;224m%[38;2;76;44;26m:[38;2;109;60;33m:[38;2;195;160;115m*[38;2;249;233;182m%[38;2;37;29;22m.[38;2;41;32;24m.[38;2;87;70;49m-[38;2;13;13;12m [38;2;13;13;13m [38;2;13;13;13m [0m
[38;2;13;13;13m [38;2;13;13;13m [38;2;13;12;13m [38;2;109;92;60m-[38;2;15;12;10m [38;2;53;37;25m.[38;2;182;113;67m=[38;2;146;87;51m-[38;2;117;96;83m=[38;2;238;236;235m%[38;2;58;32;17m.[38;2;68;35;18m.[38;2;159;148;143m+[38;2;251;251;250m@[38;2;176;163;158m*[38;2;97;56;30m:[38;2;111;62;34m:[38;2;194;159;115m*[38;2;246;221;161m%[38;2;37;29;21m.[38;2;41;33;23m.[38;2;85;66;44m:[38;2;13;13;13m [38;2;13;13;13m [38;2;13;13;13m [0m
[38;2;13;13;13m [38;2;13;13;13m [38;2;13;12;13m [38;2;106;82;51m-[38;2;15;12;11m [38;2;52;33;24m.[38;2;168;100;61m=[38;2;132;77;42m-[38;2;111;89;74m-[38;2;212;209;205m#[38;2;59;33;17m.[38;2;78;42;24m:[38;2;102;80;67m-[38;2;229;226;222m%[38;2;125;98;84m=[38;2;114;69;42m-[38;2;113;64;35m-[38;2;191;146;96m+[38;2;235;186;121m#[38;2;39;28;21m.[38;2;40;33;24m.[38;2;85;66;45m:[38;2;13;13;13m [38;2;13;13;13m [38;2;13;13;13m [0m
[38;2;13;13;13m [38;2;13;13;13m [38;2;13;13;13m [38;2;110;87;56m-[38;2;14;12;11m [38;2;44;29;19m.[38;2;144;81;43m-[38;2;121;68;35m-[38;2;87;48;26m:[38;2;64;35;21m.[38;2;71;38;23m:[38;2;85;47;27m:[38;2;82;46;26m:[38;2;87;51;31m:[38;2;110;68;43m-[38;2;116;69;41m-[38;2;121;69;38m-[38;2;195;152;95m*[38;2;229;176;111m*[38;2;41;28;21m.[38;2;40;33;23m.[38;2;85;66;46m:[38;2;13;13;14m [38;2;13;13;13m [38;2;13;13;13m [0m
[38;2;13;13;13m [38;2;13;13;13m [38;2;12;13;13m [38;2;111;82;54m-[38;2;15;13;10m [38;2;19;16;17m.[38;2;97;56;30m:[38;2;121;66;36m-[38;2;98;55;30m:[38;2;88;48;27m:[38;2;81;43;22m:[38;2;89;51;30m:[38;2;95;54;31m:[38;2;100;57;32m:[38;2;106;61;34m:[38;2;115;68;38m-[38;2;129;77;43m-[38;2;195;139;87m+[38;2;152;107;69m=[38;2;15;14;13m [38;2;40;33;24m.[38;2;85;66;45m:[38;2;13;13;13m [38;2;13;13;13m [38;2;13;13;13m [0m
[38;2;13;13;13m [38;2;13;13;13m [38;2;13;13;13m [38;2;73;53;35m:[38;2;64;43;30m:[38;2;13;13;14m [38;2;22;17;14m.[38;2;92;53;30m:[38;2;100;56;30m:[38;2;94;52;27m:[38;2;93;52;28m:[38;2;104;60;37m:[38;2;100;56;32m:[38;2;104;60;35m:[38;2;111;65;36m-[38;2;127;73;39m-[38;2;134;82;46m-[38;2;126;90;58m-[38;2;19;17;15m.[38;2;13;14;13m [38;2;90;77;51m-[38;2;53;41;30m:[38;2;13;13;12m [38;2;13;13;13m [38;2;13;13;13m [0m
[38;2;13;13;13m [38;2;13;13;13m [38;2;13;13;13m [38;2;13;13;14m [38;2;82;56;41m:[38;2;66;45;32m:[38;2;13;13;12m [38;2;20;17;12m.[38;2;90;52;30m:[38;2;107;61;35m:[38;2;100;56;31m:[38;2;101;57;30m:[38;2;103;60;33m:[38;2;109;65;38m-[38;2;121;72;41m-[38;2;135;82;48m-[38;2;105;67;41m-[38;2;18;16;15m.[38;2;13;13;13m [38;2;89;74;49m-[38;2;70;55;37m:[38;2;13;13;13m [38;2;13;13;13m [38;2;13;13;13m [38;2;13;13;13m [0m
[38;2;13;13;13m [38;2;13;13;13m [38;2;13;13;13m [38;2;13;13;13m [38;2;13;13;13m [38;2;70;48;31m:[38;2;60;41;25m:[38;2;13;13;14m [38;2;20;17;15m.[38;2;89;51;31m:[38;2;105;58;30m:[38;2;105;59;31m:[38;2;103;59;32m:[38;2;103;58;31m:[38;2;113;65;35m-[38;2;97;59;33m:[38;2;18;15;12m.[38;2;14;14;12m [38;2;90;76;49m-[38;2;69;50;37m:[38;2;15;14;12m [38;2;14;13;13m [38;2;13;13;13m [38;2;13;13;13m [38;2;13;13;13m [0m
[38;2;5;5;5m [38;2;13;13;13m [38;2;13;13;13m [38;2;13;13;13m [38;2;13;13;13m [38;2;13;13;12m [38;2;72;49;34m:[38;2;70;46;30m:[38;2;14;14;13m [38;2;23;18;14m.[38;2;104;61;36m:[38;2;119;69;38m-[38;2;122;70;40m-[38;2;123;71;41m-[38;2;97;58;36m:[38;2;18;16;14m.[38;2;14;14;12m [38;2;91;76;50m-[38;2;64;50;36m:[38;2;13;13;12m [38;2;13;13;12m [38;2;13;13;12m [38;2;13;13;13m [38;2;13;13;13m [38;2;3;3;3m [0m
[38;2;0;0;0m [38;2;5;5;5m [38;2;13;13;13m [38;2;13;13;13m [38;2;13;13;13m [38;2;13;13;13m [38;2;13;13;13m [38;2;71;49;35m:[38;2;68;48;31m:[38;2;14;14;14m [38;2;22;19;14m.[38;2;66;42;27m:[38;2;73;46;31m:[38;2;69;43;30m:[38;2;19;17;12m.[38;2;13;14;11m [38;2;93;71;45m-[38;2;63;47;31m:[38;2;13;12;15m [38;2;13;13;13m [38;2;13;13;12m [38;2;13;13;13m [38;2;13;13;13m [38;2;4;4;4m [38;2;0;0;0m [0m
[38;2;0;0;0m [38;2;0;0;0m [38;2;5;5;5m [38;2;13;13;13m [38;2;13;13;13m [38;2;13;13;13m [38;2;13;13;13m [38;2;13;13;13m [38;2;71;49;33m:[38;2;71;51;33m:[38;2;13;14;12m [38;2;13;13;13m [38;2;13;13;13m [38;2;13;13;13m [38;2;14;13;13m [38;2;94;69;47m-[38;2;56;39;23m.[38;2;12;13;14m [38;2;13;13;14m [38;2;13;13;13m [38;2;13;13;13m [38;2;13;13;13m [38;2;4;4;4m [38;2;0;0;0m [38;2;0;0;0m [0m
[38;2;0;0;0m [38;2;0;0;0m [38;2;0;0;0m [38;2;6;6;6m [38;2;13;13;13m [38;2;13;13;13m [38;2;13;13;13m [38;2;13;13;13m [38;2;13;14;11m [38;2;70;45;33m:[38;2;79;55;37m:[38;2;26;22;16m.[38;2;26;22;15m.[38;2;24;21;13m.[38;2;98;75;46m-[38;2;55;36;25m.[38;2;12;12;10m [38;2;12;13;12m [38;2;13;13;13m [38;2;13;13;13m [38;2;13;13;13m [38;2;4;4;4m [38;2;0;0;0m [38;2;0;0;0m [38;2;0;0;0m [0m
[38;2;0;0;0m [38;2;0;0;0m [38;2;0;0;0m [38;2;0;0;0m [38;2;6;6;6m [38;2;13;13;13m [38;2;13;13;13m [38;2;13;13;13m [38;2;13;13;13m [38;2;12;13;11m [38;2;57;39;29m.[38;2;93;68;45m-[38;2;96;70;48m-[38;2;96;70;48m-[38;2;52;36;26m.[38;2;13;12;14m [38;2;13;13;13m [38;2;13;13;13m [38;2;13;13;13m [38;2;13;13;13m [38;2;4;4;4m [38;2;0;0;0m [38;2;0;0;0m [38;2;0;0;0m [38;2;0;0;0m [0m
[38;2;0;0;0m [38;2;0;0;0m [38;2;0;0;0m [38;2;0;0;0m [38;2;0;0;0m [38;2;6;6;6m [38;2;13;13;13m [38;2;13;13;13m [38;2;13;13;13m [38;2;13;13;13m [38;2;13;13;13m [38;2;13;13;13m [38;2;13;13;13m [38;2;13;13;13m [38;2;13;13;13m [38;2;13;13;13m [38;2;13;13;13m [38;2;13;13;13m [38;2;13;13;13m [38;2;4;4;4m [38;2;0;0;0m [38;2;0;0;0m [38;2;0;0;0m [38;2;0;0;0m [38;2;0;0;0m [0m
[38;2;0;0;0m [38;2;0;0;0m [38;2;0;0;0m [38;2;0;0;0m [38;2;0;0;0m [38;2;0;0;0m [38;2;6;6;6m [38;2;13;13;13m [38;2;13;13;13m [38;2;13;13;13m [38;2;13;13;13m [38;2;13;13;13m [38;2;13;13;13m [38;2;13;13;13m [38;2;13;13;13m [38;2;13;13;13m [38;2;13;13;13m [38;2;13;13;13m [38;2;5;5;5m [38;2;0;0;0m [38;2;0;0;0m [38;2;0;0;0m [38;2;0;0;0m [38;2;0;0;0m [38;2;0;0;0m [0m
[38;2;0;0;0m [38;2;0;0;0m [38;2;0;0;0m [38;2;0;0;0m [38;2;0;0;0m [38;2;0;0;0m [38;2;0;0;0m [38;2;6;6;6m [38;2;13;13;13m [38;2;13;13;13m [38;2;13;13;13m [38;2;13;13;13m [38;2;13;13;13m [38;2;13;13;13m [38;2;13;13;13m [38;2;13;13;13m [38;2;13;13;13m [38;2;5;5;5m [38;2;0;0;0m [38;2;0;0;0m [38;2;0;0;0m [38;2;0;0;0m [38;2;0;0;0m [38;2;0;0;0m [38;2;0;0;0m [0m
