[38;2;5;5;5m [38;2;13;13;13m [38;2;13;13;13m [38;2;13;13;13m [38;2;13;13;13m [38;2;13;13;13m [38;2;13;13;13m [38;2;13;13;13m [38;2;13;13;13m [38;2;13;13;13m [38;2;13;13;13m [38;2;13;13;13m [38;2;13;13;13m [38;2;13;13;13m [38;2;13;13;13m [38;2;13;13;13m [38;2;13;13;13m [38;2;13;13;13m [38;2;13;13;13m [38;2;13;13;13m [38;2;13;13;13m [38;2;13;13;13m [38;2;13;13;13m [38;2;13;13;13m [38;2;3;3;3m [0m
[38;2;13;13;13m [38;2;13;13;13m [38;2;13;13;13m [38;2;13;13;13m [38;2;13;13;13m [38;2;13;13;13m [38;2;13;13;13m [38;2;13;13;13m [38;2;13;13;13m [38;2;13;13;13m [38;2;13;13;13m [38;2;13;13;13m [38;2;13;13;13m [38;2;13;13;13m [38;2;13;13;13m [38;2;13;13;13m [38;2;13;13;13m [38;2;13;13;13m [38;2;13;13;13m [38;2;13;13;13m [38;2;13;13;13m [38;2;13;13;13m [38;2;13;13;13m [38;2;13;13;13m [38;2;13;13;13m [0m
[38;2;13;13;13m [38;2;13;13;13m [38;2;13;13;13m [38;2;16;15;13m.[38;2;33;29;18m.[38;2;40;33;22m.[38;2;41;36;24m.[38;2;41;36;24m.[38;2;41;36;25m.[38;2;41;37;25m.[38;2;40;34;23m.[38;2;40;33;24m.[38;2;40;34;24m.[38;2;42;36;26m.[38;2;40;33;22m.[38;2;37;30;20m.[38;2;39;32;21m.[38;2;43;33;22m.[38;2;42;33;22m.[38;2;42;32;22m.[38;2;38;28;18m.[38;2;14;13;12m [38;2;13;13;13m [38;2;13;13;13m [38;2;13;13;13m [0m
[38;2;13;13;13m [38;2;13;13;13m [38;2;13;13;13m [38;2;106;97;76m-[38;2;98;87;79m-[38;2;96;85;69m-[38;2;95;83;64m-[38;2;96;83;66m-[38;2;95;83;63m-[38;2;96;83;64m-[38;2;93;84;69m-[38;2;31;22;19m.[38;2;25;16;14m.[38;2;37;28;23m.[38;2;93;79;61m-[38;2;93;82;69m-[38;2;89;79;62m-[38;2;89;71;52m-[38;2;89;70;50m-[38;2;86;70;49m-[38;2;101;93;69m-[38;2;71;62;49m:[38;2;12;14;13m [38;2;13;13;13m [38;2;13;13;13m [0m
[38;2;13;13;13m [38;2;13;13;13m [38;2;13;13;14m [38;2;99;79;57m-[38;2;16;12;10m [38;2;13;12;14m [38;2;13;14;14m [38;2;14;14;13m [38;2;14;14;14m [38;2;11;14;13m [38;2;13;13;13m [38;2;13;13;12m [38;2;13;13;13m [38;2;13;13;13m [38;2;13;13;13m [38;2;13;13;13m [38;2;13;13;13m [38;2;13;13;13m [38;2;13;13;13m [38;2;13;13;14m [38;2;27;24;18m.[38;2;69;60;49m:[38;2;12;13;13m [38;2;13;13;13m [38;2;13;13;13m [0m
[38;2;13;13;13m [38;2;13;13;13m [38;2;13;13;14m [38;2;61;40;31m:[38;2;12;13;12m [38;2;32;28;22m.[38;2;165;149;110m+[38;2;137;111;76m=[38;2;107;68;39m-[38;2;109;68;39m-[38;2;80;53;32m:[38;2;38;28;20m.[38;2;114;80;52m-[38;2;32;24;17m.[38;2;82;50;29m:[38;2;101;60;34m:[38;2;99;58;32m:[38;2;135;105;72m=[38;2;152;131;102m+[38;2;21;18;15m.[38;2;13;12;13m [38;2;45;36;29m.[38;2;13;13;13m [38;2;13;13;13m [38;2;13;13;13m [0m
[38;2;13;13;13m [38;2;13;13;13m [38;2;12;12;13m [38;2;60;40;29m:[38;2;13;13;11m [38;2;62;53;38m:[38;2;251;232;168m%[38;2;198;167;119m*[38;2;137;85;46m-[38;2;130;77;43m-[38;2;134;79;43m-[38;2;81;50;30m:[38;2;29;22;15m.[38;2;91;52;32m:[38;2;128;72;39m-[38;2;124;70;36m-[38;2;129;72;39m-[38;2;197;160;114m*[38;2;242;211;155m%[38;2;39;29;21m.[38;2;14;12;13m [38;2;49;35;29m.[38;2;12;13;11m [38;2;13;13;13m [38;2;13;13;13m [0m
[38;2;13;13;13m [38;2;13;13;13m [38;2;12;12;13m [38;2;60;40;29m:[38;2;13;13;10m [38;2;64;53;39m:[38;2;249;230;171m%[38;2;198;168;122m*[38;2;130;78;42m-[38;2;120;71;38m-[38;2;118;68;34m-[38;2;125;72;37m-[38;2;113;65;38m-[38;2;123;70;37m-[38;2;116;66;35m-[38;2;111;61;30m:[38;2;118;65;35m-[38;2;192;147;98m+[38;2;243;202;136m#[38;2;37;29;20m.[38;2;14;12;12m [38;2;49;36;29m.[38;2;12;13;13m [38;2;13;13;13m [38;2;13;13;13m [0m
[38;2;13;13;13m [38;2;13;13;13m [38;2;12;13;14m [38;2;60;40;29m:[38;2;13;13;11m [38;2;64;53;38m:[38;2;249;218;158m%[38;2;196;155;102m*[38;2;125;74;41m-[38;2;113;65;35m-[38;2;107;60;30m:[38;2;109;60;31m:[38;2;109;60;33m:[38;2;105;58;31m:[38;2;101;56;28m:[38;2;102;54;27m:[38;2;112;61;34m:[38;2;188;134;86m+[38;2;234;170;107m*[38;2;35;25;18m.[38;2;14;13;13m [38;2;49;36;29m.[38;2;13;13;11m [38;2;13;13;13m [38;2;13;13;13m [0m
[38;2;13;13;13m [38;2;13;13;13m [38;2;12;13;14m [38;2;86;68;47m:[38;2;14;13;12m [38;2;65;55;42m:[38;2;245;215;151m%[38;2;196;155;104m*[38;2;120;69;38m-[38;2;106;60;32m:[38;2;97;55;30m:[38;2;95;53;29m:[38;2;92;51;27m:[38;2;93;51;25m:[38;2;96;52;29m:[38;2;96;52;28m:[38;2;105;57;31m:[38;2;182;125;76m+[38;2;234;167;104m*[38;2;37;26;20m.[38;2;24;21;17m.[38;2;65;49;36m:[38;2;13;13;11m [38;2;13;13;13m [38;2;13;13;13m [0m
[38;2;13;13;13m [38;2;13;13;13m [38;2;12;12;13m [38;2;114;90;61m-[38;2;17;12;10m [38;2;64;50;34m:[38;2;243;195;129m#[38;2;192;145;93m+[38;2;117;66;37m-[38;2;100;55;29m:[38;2;93;62;46m:[38;2;123;103;89m=[38;2;71;38;19m:[38;2;123;99;88m=[38;2;92;62;48m:[38;2;89;46;23m:[38;2;101;54;29m:[38;2;187;131;81m+[38;2;234;177;111m#[38;2;36;25;19m.[38;2;39;31;23m.[38;2;84;66;48m:[38;2;13;13;13m [38;2;13;13;13m [38;2;13;13;13m [0m
[38;2;13;13;13m [38;2;13;13;13m [38;2;13;12;13m [38;2;113;89;59m-[38;2;17;12;9m [38;2;62;49;34m:[38;2;236;179;111m#[38;2;188;139;91m+[38;2;111;63;33m-[38;2;95;52;28m:[38;2;123;102;93m=[38;2;238;236;235m%[38;2;50;29;13m.[38;2;231;229;226m%[38;2;121;104;95m=[38;2;86;46;23m:[38;2;100;54;28m:[38;2;182;120;73m+[38;2;230;168;103m*[38;2;35;26;19m.[38;2;39;31;24m.[38;2;84;66;46m:[38;2;13;13;13m [38;2;13;13;13m [38;2;13;13;13m [0m
[38;2;13;13;13m [38;2;13;13;13m [38;2;13;12;13m [38;2;113;93;65m-[38;2;17;12;10m [38;2;62;47;32m:[38;2;246;195;125m#[38;2;194;148;98m+[38;2;108;61;33m:[38;2;91;49;25m:[38;2;120;99;91m=[38;2;238;236;236m%[38;2;48;26;14m.[38;2;231;229;226m%[38;2;120;103;95m=[38;2;84;44;21m:[38;2;101;54;28m:[38;2;187;125;78m+[38;2;241;180;116m#[38;2;36;28;19m.[38;2;40;33;24m.[38;2;85;67;48m:[38;2;13;13;11m [38;2;13;13;13m [38;2;13;13;13m [0m
[38;2;13;13;13m [38;2;13;13;13m [38;2;13;12;13m [38;2;111;92;63m-[38;2;15;12;11m [38;2;63;48;32m:[38;2;241;190;124m#[38;2;198;141;94m+[38;2;114;65;36m-[38;2;90;50;25m:[38;2;119;99;90m=[38;2;238;236;236m%[38;2;48;26;14m.[38;2;231;229;226m%[38;2;121;104;95m=[38;2;83;43;22m:[38;2;101;54;29m:[38;2;189;143;92m+[38;2;229;175;110m*[38;2;37;28;20m.[38;2;40;32;24m.[38;2;84;65;46m:[38;2;13;13;13m [38;2;13;13;13m [38;2;13;13;13m [0m
[38;2;13;13;13m [38;2;13;13;13m [38;2;13;12;13m [38;2;110;92;63m-[38;2;15;12;11m [38;2;62;47;32m:[38;2;235;182;117m#[38;2;199;144;96m+[38;2;116;67;36m-[38;2;96;54;30m:[38;2;120;99;90m=[38;2;238;236;236m%[38;2;47;25;13m.[38;2;231;229;226m%[38;2;121;103;95m=[38;2;85;45;24m:[38;2;105;58;31m:[38;2;189;138;89m+[38;2;226;170;107m*[38;2;37;29;21m.[38;2;41;32;24m.[38;2;85;67;48m:[38;2;13;13;11m [38;2;13;13;13m [38;2;13;13;13m [0m
[38;2;13;13;13m [38;2;13;13;13m [38;2;13;12;14m [38;2;111;89;59m-[38;2;16;12;10m [38;2;59;43;27m:[38;2;219;149;91m*[38;2;176;109;64m=[38;2;108;60;32m:[38;2;92;49;25m:[38;2;121;99;91m=[38;2;238;236;236m%[38;2;47;25;14m.[38;2;231;229;226m%[38;2;121;105;95m=[38;2;87;48;25m:[38;2;110;62;31m:[38;2;194;148;101m+[38;2;243;208;146m#[38;2;37;30;21m.[38;2;39;33;23m.[38;2;86;75;54m-[38;2;13;13;13m [38;2;13;13;13m [38;2;13;13;13m [0m
[38;2;13;13;13m [38;2;13;13;13m [38;2;13;12;14m [38;2;106;85;54m-[38;2;14;13;10m [38;2;56;38;27m.[38;2;200;125;74m+[38;2;166;98;57m=[38;2;108;59;32m:[38;2;93;49;26m:[38;2;115;90;80m-[38;2;214;209;206m#[38;2;53;29;16m.[38;2;209;202;197m#[38;2;117;97;86m=[38;2;93;50;28m:[38;2;116;66;36m-[38;2;194;146;96m+[38;2;246;214;149m%[38;2;36;29;20m.[38;2;39;33;23m.[38;2;86;75;52m-[38;2;13;13;13m [38;2;13;13;13m [38;2;13;13;13m [0m
[38;2;13;13;13m [38;2;13;13;13m [38;2;14;12;14m [38;2;109;82;54m-[38;2;14;13;10m [38;2;54;37;27m.[38;2;192;118;68m+[38;2;160;94;54m=[38;2;108;58;30m:[38;2;95;51;26m:[38;2;77;42;22m:[38;2;75;39;23m:[38;2;77;41;24m:[38;2;71;38;20m:[38;2;82;45;26m:[38;2;108;59;32m:[38;2;121;70;40m-[38;2;194;136;79m+[38;2;237;196;127m#[38;2;37;31;22m.[38;2;40;34;23m.[38;2;85;69;45m:[38;2;12;13;14m [38;2;13;13;13m [38;2;13;13;13m [0m
[38;2;13;13;13m [38;2;13;13;13m [38;2;14;12;14m [38;2;108;81;53m-[38;2;14;13;11m [38;2;20;15;13m.[38;2;145;89;52m-[38;2;153;90;51m=[38;2;110;60;31m:[38;2;99;53;28m:[38;2;98;52;29m:[38;2;95;50;26m:[38;2;97;53;28m:[38;2;100;54;29m:[38;2;105;59;31m:[38;2;119;68;38m-[38;2;142;86;48m-[38;2;193;140;86m+[38;2;163;127;83m+[38;2;15;14;14m.[38;2;41;34;23m.[38;2;86;66;44m:[38;2;12;13;13m [38;2;13;13;13m [38;2;13;13;13m [0m
[38;2;13;13;13m [38;2;13;13;13m [38;2;12;13;13m [38;2;73;55;34m:[38;2;62;44;32m:[38;2;13;12;14m [38;2;23;18;14m.[38;2;115;66;39m-[38;2;120;65;36m-[38;2;111;59;31m:[38;2;106;59;31m:[38;2;103;57;29m:[38;2;107;60;32m:[38;2;115;66;36m-[38;2;128;76;43m-[38;2;134;78;44m-[38;2;142;85;47m-[38;2;121;83;51m-[38;2;17;14;11m.[38;2;13;12;11m [38;2;91;76;49m-[38;2;54;38;29m.[38;2;13;13;13m [38;2;13;13;13m [38;2;13;13;13m [0m
[38;2;13;13;13m [38;2;13;13;13m [38;2;13;13;13m [38;2;13;13;12m [38;2;76;51;32m:[38;2;60;40;27m:[38;2;13;14;12m [38;2;21;17;13m.[38;2;101;57;33m:[38;2;122;68;37m-[38;2;118;66;36m-[38;2;115;64;34m-[38;2;116;66;36m-[38;2;119;68;37m-[38;2;130;76;42m-[38;2;140;84;47m-[38;2;106;68;40m-[38;2;17;14;13m.[38;2;13;12;12m [38;2;88;74;50m-[38;2;71;54;36m:[38;2;11;13;12m [38;2;13;13;13m [38;2;13;13;13m [38;2;13;13;13m [0m
[38;2;13;13;13m [38;2;13;13;13m [38;2;13;13;13m [38;2;13;13;13m [38;2;13;13;13m [38;2;74;52;36m:[38;2;66;46;31m:[38;2;14;14;14m [38;2;22;16;15m.[38;2;106;60;34m:[38;2;129;74;40m-[38;2;124;70;35m-[38;2;124;72;38m-[38;2;123;70;38m-[38;2;136;82;45m-[38;2;109;67;41m-[38;2;19;16;15m.[38;2;13;14;15m [38;2;91;74;47m-[38;2;68;51;37m:[38;2;14;12;11m [38;2;12;13;12m [38;2;13;13;13m [38;2;13;13;13m [38;2;13;13;13m [0m
[38;2;5;5;5m [38;2;13;13;13m [38;2;13;13;13m [38;2;13;13;13m [38;2;13;13;13m [38;2;13;13;12m [38;2;73;51;35m:[38;2;71;48;31m:[38;2;14;14;14m [38;2;25;18;14m.[38;2;114;67;37m-[38;2;139;81;45m-[38;2;139;84;47m-[38;2;138;84;46m-[38;2;109;69;40m-[38;2;17;16;13m.[38;2;14;14;13m [38;2;93;76;49m-[38;2;63;46;34m:[38;2;13;12;11m [38;2;13;13;12m [38;2;13;13;13m [38;2;13;13;13m [38;2;13;13;13m [38;2;3;3;3m [0m
[38;2;0;0;0m [38;2;5;5;5m [38;2;13;13;13m [38;2;13;13;13m [38;2;13;13;13m [38;2;13;13;13m [38;2;13;12;12m [38;2;70;49;34m:[38;2;71;51;33m:[38;2;13;14;14m [38;2;25;18;16m.[38;2;75;48;31m:[38;2;75;48;32m:[38;2;73;48;30m:[38;2;20;18;15m.[38;2;13;14;13m [38;2;97;75;48m-[38;2;61;46;32m:[38;2;14;13;11m [38;2;13;13;12m [38;2;13;13;12m [38;2;13;13;12m [38;2;13;13;13m [38;2;4;4;4m [38;2;0;0;0m [0m
[38;2;0;0;0m [38;2;0;0;0m [38;2;5;5;5m [38;2;13;13;13m [38;2;13;13;13m [38;2;13;13;13m [38;2;13;13;13m [38;2;13;13;13m [38;2;66;44;31m:[38;2;74;53;33m:[38;2;14;12;11m [38;2;13;13;13m [38;2;13;13;13m [38;2;13;13;13m [38;2;15;14;13m [38;2;97;74;48m-[38;2;59;43;26m:[38;2;13;12;12m [38;2;13;13;13m [38;2;13;13;13m [38;2;13;13;13m [38;2;13;13;13m [38;2;4;4;4m [38;2;0;0;0m [38;2;0;0;0m [0m
[38;2;0;0;0m [38;2;0;0;0m [38;2;0;0;0m [38;2;6;6;6m [38;2;13;13;13m [38;2;13;13;13m [38;2;13;13;13m [38;2;13;13;13m [38;2;13;12;13m [38;2;68;47;28m:[38;2;72;53;34m:[38;2;26;21;16m.[38;2;26;21;15m.[38;2;25;22;14m.[38;2;93;70;42m-[38;2;58;39;29m.[38;2;13;13;11m [38;2;12;13;12m [38;2;13;13;12m [38;2;13;13;12m [38;2;13;13;13m [38;2;4;4;4m [38;2;0;0;0m [38;2;0;0;0m [38;2;0;0;0m [0m
[38;2;0;0;0m [38;2;0;0;0m [38;2;0;0;0m [38;2;0;0;0m [38;2;6;6;6m [38;2;13;13;13m [38;2;13;13;13m [38;2;13;13;13m [38;2;13;13;13m [38;2;12;13;13m [38;2;56;37;28m.[38;2;92;67;44m:[38;2;92;66;44m:[38;2;93;67;45m-[38;2;49;34;26m.[38;2;13;12;11m [38;2;13;13;12m [38;2;13;13;13m [38;2;13;13;13m [38;2;13;13;13m [38;2;4;4;4m [38;2;0;0;0m [38;2;0;0;0m [38;2;0;0;0m [38;2;0;0;0m [0m
[38;2;0;0;0m [38;2;0;0;0m [38;2;0;0;0m [38;2;0;0;0m [38;2;0;0;0m [38;2;6;6;6m [38;2;13;13;13m [38;2;13;13;13m [38;2;13;13;13m [38;2;13;13;13m [38;2;13;13;13m [38;2;13;13;13m [38;2;13;13;13m [38;2;13;13;13m [38;2;13;13;13m [38;2;13;13;13m [38;2;13;13;12m [38;2;13;13;12m [38;2;13;13;13m [38;2;4;4;4m [38;2;0;0;0m [38;2;0;0;0m [38;2;0;0;0m [38;2;0;0;0m [38;2;0;0;0m [0m
[38;2;0;0;0m [38;2;0;0;0m [38;2;0;0;0m [38;2;0;0;0m [38;2;0;0;0m [38;2;0;0;0m [38;2;6;6;6m [38;2;13;13;13m [38;2;13;13;13m [38;2;13;13;13m [38;2;13;13;13m [38;2;13;13;13m [38;2;13;13;13m [38;2;13;13;13m [38;2;13;13;13m [38;2;13;13;13m [38;2;13;13;13m [38;2;13;13;13m [38;2;5;5;5m [38;2;0;0;0m [38;2;0;0;0m [38;2;0;0;0m [38;2;0;0;0m [38;2;0;0;0m [38;2;0;0;0m [0m
[38;2;0;0;0m [38;2;0;0;0m [38;2;0;0;0m [38;2;0;0;0m [38;2;0;0;0m [38;2;0;0;0m [38;2;0;0;0m [38;2;6;6;6m [38;2;13;13;13m [38;2;13;13;13m [38;2;13;13;13m [38;2;13;13;13m [38;2;13;13;13m [38;2;13;13;13m [38;2;13;13;13m [38;2;13;13;13m [38;2;13;13;13m [38;2;5;5;5m [38;2;0;0;0m [38;2;0;0;0m [38;2;0;0;0m [38;2;0;0;0m [38;2;0;0;0m [38;2;0;0;0m [38;2;0;0;0m [0m
