[38;2;5;5;5m [38;2;13;13;13m [38;2;13;13;13m [38;2;13;13;13m [38;2;13;13;13m [38;2;13;13;13m [38;2;13;13;13m [38;2;13;13;13m [38;2;13;13;13m [38;2;13;13;13m [38;2;13;13;13m [38;2;13;13;13m [38;2;13;13;13m [38;2;13;13;13m [38;2;13;13;13m [38;2;13;13;13m [38;2;13;13;13m [38;2;13;13;13m [38;2;13;13;13m [38;2;13;13;13m [38;2;13;13;13m [38;2;13;13;13m [38;2;13;13;13m [38;2;13;13;13m [38;2;3;3;3m [0m
[38;2;13;13;13m [38;2;13;13;13m [38;2;13;13;13m [38;2;13;13;13m [38;2;13;13;13m [38;2;13;13;13m [38;2;13;13;13m [38;2;13;13;13m [38;2;13;13;13m [38;2;13;13;13m [38;2;13;13;13m [38;2;13;13;13m [38;2;13;13;13m [38;2;13;13;13m [38;2;13;13;13m [38;2;13;13;13m [38;2;13;13;13m [38;2;13;13;13m [38;2;13;13;13m [38;2;13;13;13m [38;2;13;13;13m [38;2;13;13;13m [38;2;13;13;13m [38;2;13;13;13m [38;2;13;13;13m [0m
[38;2;13;13;13m [38;2;13;13;13m [38;2;13;13;13m [38;2;15;15;13m.[38;2;37;31;22m.[38;2;37;30;21m.[38;2;39;35;23m.[38;2;42;37;26m.[38;2;42;36;25m.[38;2;39;33;23m.[38;2;37;31;22m.[38;2;41;34;25m.[38;2;39;32;23m.[38;2;43;37;25m.[38;2;45;39;27m.[38;2;39;30;22m.[38;2;37;29;20m.[38;2;40;30;21m.[38;2;41;32;21m.[38;2;38;28;18m.[38;2;37;27;18m.[38;2;14;13;12m [38;2;13;13;13m [38;2;13;13;13m [38;2;13;13;13m [0m
[38;2;13;13;13m [38;2;13;13;13m [38;2;13;13;13m [38;2;106;96;74m-[38;2;99;88;77m-[38;2;94;85;76m-[38;2;94;82;61m-[38;2;95;80;60m-[38;2;96;82;65m-[38;2;97;86;74m-[38;2;94;85;78m-[38;2;33;23;18m.[38;2;23;15;12m.[38;2;40;30;29m.[38;2;99;87;76m-[38;2;96;85;74m-[38;2;93;85;77m-[38;2;90;82;66m-[38;2;89;79;58m-[38;2;86;74;54m-[38;2;102;91;69m-[38;2;70;59;47m:[38;2;13;13;13m [38;2;13;13;13m [38;2;13;13;13m [0m
[38;2;13;13;13m [38;2;13;13;13m [38;2;12;12;13m [38;2;100;84;69m-[38;2;16;14;13m.[38;2;12;13;13m [38;2;14;14;14m [38;2;14;14;14m [38;2;14;14;14m [38;2;13;13;12m [38;2;13;13;13m [38;2;13;13;14m [38;2;13;13;13m [38;2;13;13;13m [38;2;13;13;11m [38;2;13;13;13m [38;2;13;13;13m [38;2;13;13;13m [38;2;13;13;13m [38;2;13;13;13m [38;2;29;23;20m.[38;2;64;58;45m:[38;2;13;13;13m [38;2;13;13;13m [38;2;13;13;13m [0m
[38;2;13;13;13m [38;2;13;13;13m [38;2;12;12;13m [38;2;60;41;30m:[38;2;12;13;13m [38;2;33;27;20m.[38;2;162;142;100m+[38;2;142;118;79m=[38;2;114;78;45m-[38;2;116;78;46m-[38;2;87;59;37m:[38;2;40;29;22m.[38;2;119;83;54m-[38;2;33;24;17m.[38;2;89;56;35m:[38;2;108;66;40m-[38;2;106;65;37m-[38;2;139;100;60m=[38;2;155;124;82m+[38;2;24;18;14m.[38;2;14;12;14m [38;2;44;36;30m.[38;2;13;13;13m [38;2;13;13;13m [38;2;13;13;13m [0m
[38;2;13;13;13m [38;2;13;13;13m [38;2;12;12;13m [38;2;60;41;30m:[38;2;12;12;13m [38;2;63;52;36m:[38;2;249;223;155m%[38;2;204;171;118m*[38;2;152;101;56m=[38;2;154;100;56m=[38;2;157;103;58m=[38;2;89;58;35m:[38;2;29;23;16m.[38;2;99;63;38m:[38;2;137;84;48m-[38;2;130;77;42m-[38;2;131;76;40m-[38;2;199;150;95m*[38;2;247;209;142m#[38;2;38;28;21m.[38;2;14;12;14m [38;2;45;37;31m.[38;2;13;13;13m [38;2;13;13;13m [38;2;13;13;13m [0m
[38;2;13;13;13m [38;2;13;13;13m [38;2;12;12;13m [38;2;60;41;31m:[38;2;11;13;13m [38;2;62;49;34m:[38;2;243;199;128m#[38;2;202;166;113m*[38;2;152;99;57m=[38;2;148;94;52m=[38;2;138;86;46m-[38;2;137;85;46m-[38;2;119;75;42m-[38;2;133;81;44m-[38;2;122;70;38m-[38;2;118;67;36m-[38;2;123;70;37m-[38;2;199;151;97m*[38;2;237;183;119m#[38;2;38;28;21m.[38;2;14;12;14m [38;2;46;37;28m.[38;2;12;13;11m [38;2;13;13;13m [38;2;13;13;13m [0m
[38;2;13;13;13m [38;2;13;13;13m [38;2;13;12;14m [38;2;68;49;34m:[38;2;12;13;14m [38;2;64;49;35m:[38;2;233;181;111m#[38;2;199;164;110m*[38;2;140;88;48m-[38;2;128;76;40m-[38;2;121;71;38m-[38;2;118;68;37m-[38;2;117;67;36m-[38;2;114;65;35m-[38;2;109;61;31m:[38;2;109;61;31m:[38;2;128;73;42m-[38;2;198;131;82m+[38;2;225;151;94m*[38;2;39;28;21m.[38;2;14;12;14m [38;2;46;37;29m.[38;2;12;13;11m [38;2;13;13;13m [38;2;13;13;13m [0m
[38;2;13;13;13m [38;2;13;13;13m [38;2;13;13;12m [38;2;93;76;58m-[38;2;14;13;13m [38;2;63;50;35m:[38;2;236;189;117m#[38;2;196;160;103m*[38;2;128;77;40m-[38;2;120;69;37m-[38;2;113;65;35m-[38;2;104;58;31m:[38;2;93;53;27m:[38;2;101;58;32m:[38;2;104;58;30m:[38;2;108;59;31m:[38;2;137;77;46m-[38;2;198;130;86m+[38;2;230;156;99m*[38;2;40;29;21m.[38;2;25;23;17m.[38;2;66;57;46m:[38;2;13;13;13m [38;2;13;13;13m [38;2;13;13;13m [0m
[38;2;13;13;13m [38;2;13;13;13m [38;2;13;13;13m [38;2;121;102;71m=[38;2;16;13;10m [38;2;66;54;39m:[38;2;248;210;136m%[38;2;195;153;98m*[38;2;126;75;39m-[38;2;116;66;36m-[38;2;107;61;32m:[38;2;85;47;25m:[38;2;143;125;116m+[38;2;90;48;27m:[38;2;100;54;29m:[38;2;114;64;36m-[38;2;138;79;49m-[38;2;201;141;94m+[38;2;230;165;105m*[38;2;40;28;21m.[38;2;41;34;25m.[38;2;83;72;57m-[38;2;13;12;12m [38;2;13;13;13m [38;2;13;13;13m [0m
[38;2;13;13;13m [38;2;13;13;13m [38;2;13;13;13m [38;2;119;100;68m=[38;2;16;12;11m [38;2;65;54;38m:[38;2;247;211;135m%[38;2;189;144;86m+[38;2;123;72;39m-[38;2;109;62;33m:[38;2;102;57;30m:[38;2;99;72;54m-[38;2;237;233;231m%[38;2;78;46;28m:[38;2;96;52;27m:[38;2;101;54;28m:[38;2;122;67;39m-[38;2;202;149;100m*[38;2;232;176;114m*[38;2;39;29;22m.[38;2;39;34;24m.[38;2;87;78;62m-[38;2;13;13;13m [38;2;13;13;13m [38;2;13;13;13m [0m
[38;2;13;13;13m [38;2;13;13;13m [38;2;13;13;14m [38;2;114;94;63m-[38;2;17;12;11m [38;2;61;50;33m:[38;2;244;200;128m#[38;2;188;152;102m*[38;2;108;72;48m-[38;2;105;72;54m-[38;2;98;67;51m-[38;2;156;144;134m+[38;2;254;255;254m@[38;2;120;101;91m=[38;2;94;64;51m:[38;2;98;66;51m-[38;2;103;63;39m:[38;2;194;154;105m*[38;2;246;210;145m%[38;2;39;30;21m.[38;2;39;35;25m.[38;2;87;78;61m-[38;2;13;13;11m [38;2;13;13;13m [38;2;13;13;13m [0m
[38;2;13;13;13m [38;2;13;13;13m [38;2;13;13;14m [38;2;114;96;66m-[38;2;15;13;10m [38;2;65;55;40m:[38;2;248;220;156m%[38;2;187;154;106m*[38;2;110;77;56m-[38;2;212;205;202m#[38;2;254;254;254m@[38;2;255;255;254m@[38;2;255;255;255m@[38;2;255;255;255m@[38;2;255;254;252m@[38;2;184;175;169m*[38;2;99;61;38m:[38;2;194;152;99m*[38;2;240;191;124m#[38;2;38;30;20m.[38;2;40;32;25m.[38;2;87;74;53m-[38;2;13;13;13m [38;2;13;13;13m [38;2;13;13;13m [0m
[38;2;13;13;13m [38;2;13;13;13m [38;2;14;12;14m [38;2;118;99;69m=[38;2;15;12;12m [38;2;60;47;33m:[38;2;222;173;113m*[38;2;182;129;81m+[38;2;115;65;34m-[38;2;85;50;29m:[38;2;168;158;151m*[38;2;254;255;254m@[38;2;255;255;255m@[38;2;253;253;252m@[38;2;132;118;109m=[38;2;84;46;26m:[38;2;114;64;33m-[38;2;196;150;97m*[38;2;244;203;133m#[38;2;38;29;20m.[38;2;41;32;25m.[38;2;86;73;51m-[38;2;13;13;11m [38;2;13;13;13m [38;2;13;13;13m [0m
[38;2;13;13;13m [38;2;13;13;13m [38;2;13;13;14m [38;2;121;101;69m=[38;2;14;13;10m [38;2;58;41;29m:[38;2;193;134;78m+[38;2;170;109;65m=[38;2;120;66;34m-[38;2;98;53;29m:[38;2;144;126;119m+[38;2;254;255;255m@[38;2;254;253;253m@[38;2;255;255;255m@[38;2;106;82;70m-[38;2;104;56;30m:[38;2;120;68;37m-[38;2;195;153;93m*[38;2;243;195;124m#[38;2;39;31;21m.[38;2;41;33;25m.[38;2;86;73;51m-[38;2;13;13;13m [38;2;13;13;13m [38;2;13;13;13m [0m
[38;2;13;13;13m [38;2;13;13;13m [38;2;14;12;14m [38;2;113;90;60m-[38;2;15;12;11m [38;2;54;36;24m.[38;2;183;118;64m+[38;2;166;104;59m=[38;2;119;65;35m-[38;2;89;51;24m:[38;2;202;194;188m#[38;2;175;164;161m*[38;2;85;61;49m:[38;2;203;197;195m#[38;2;162;149;138m+[38;2;103;58;31m:[38;2;125;73;42m-[38;2;195;139;83m+[38;2;242;195;123m#[38;2;39;30;20m.[38;2;40;33;25m.[38;2;87;71;49m-[38;2;12;13;11m [38;2;13;13;13m [38;2;13;13;13m [0m
[38;2;13;13;13m [38;2;13;13;13m [38;2;14;12;14m [38;2;107;79;51m-[38;2;14;12;11m [38;2;55;39;26m.[38;2;189;121;69m+[38;2;168;104;60m=[38;2;119;64;33m-[38;2;90;51;33m:[38;2;125;105;93m=[38;2;83;43;24m:[38;2;90;50;27m:[38;2;79;45;25m:[38;2;134;113;103m=[38;2;102;58;30m:[38;2;148;90;50m=[38;2;204;154;93m*[38;2;244;217;147m%[38;2;40;30;21m.[38;2;40;34;23m.[38;2;87;67;44m:[38;2;12;13;13m [38;2;13;13;13m [38;2;13;13;13m [0m
[38;2;13;13;13m [38;2;13;13;13m [38;2;14;12;14m [38;2;96;68;40m-[38;2;14;12;11m [38;2;22;17;14m.[38;2;135;83;48m-[38;2;146;82;42m-[38;2;120;62;33m-[38;2;99;54;29m:[38;2;94;50;26m:[38;2;101;56;30m:[38;2;105;59;31m:[38;2;121;71;40m-[38;2;113;65;38m-[38;2;115;68;37m-[38;2;155;98;55m=[38;2;203;164;109m*[38;2;161;143;108m+[38;2;14;14;12m [38;2;40;34;24m.[38;2;86;67;46m:[38;2;13;13;13m [38;2;13;13;13m [38;2;13;13;13m [0m
[38;2;13;13;13m [38;2;13;13;13m [38;2;12;13;13m [38;2;66;45;26m:[38;2;54;36;24m.[38;2;13;14;12m [38;2;24;19;16m.[38;2;118;69;41m-[38;2;128;70;37m-[38;2;116;62;31m-[38;2;104;55;26m:[38;2;102;55;29m:[38;2;114;62;34m-[38;2;141;85;50m-[38;2;142;86;50m-[38;2;126;75;39m-[38;2;145;92;50m=[38;2;126;97;65m=[38;2;16;16;13m.[38;2;13;13;12m [38;2;91;76;52m-[38;2;55;40;30m.[38;2;13;12;13m [38;2;13;13;13m [38;2;13;13;13m [0m
[38;2;13;13;13m [38;2;13;13;13m [38;2;13;13;13m [38;2;13;13;13m [38;2;76;51;33m:[38;2;64;43;30m:[38;2;14;14;12m [38;2;23;17;13m.[38;2;108;62;33m:[38;2;126;70;37m-[38;2;119;65;36m-[38;2;114;64;35m-[38;2;117;68;35m-[38;2;136;83;47m-[38;2;144;89;51m-[38;2;141;88;50m-[38;2;106;69;39m-[38;2;19;15;15m.[38;2;14;12;12m [38;2;86;76;49m-[38;2;72;58;39m:[38;2;13;13;13m [38;2;13;13;13m [38;2;13;13;13m [38;2;13;13;13m [0m
[38;2;13;13;13m [38;2;13;13;13m [38;2;13;13;13m [38;2;13;13;13m [38;2;13;13;12m [38;2;71;49;34m:[38;2;70;45;29m:[38;2;13;14;15m [38;2;21;18;14m.[38;2;113;68;38m-[38;2;131;76;40m-[38;2;127;74;39m-[38;2;124;72;36m-[38;2;133;81;43m-[38;2;139;86;47m-[38;2;110;72;40m-[38;2;21;15;15m.[38;2;15;12;13m [38;2;87;73;44m-[38;2;66;53;37m:[38;2;12;14;11m [38;2;13;13;12m [38;2;13;13;13m [38;2;13;13;13m [38;2;13;13;13m [0m
[38;2;5;5;5m [38;2;13;13;13m [38;2;13;13;13m [38;2;13;13;13m [38;2;13;13;13m [38;2;13;13;13m [38;2;72;49;34m:[38;2;71;48;30m:[38;2;13;13;13m [38;2;25;19;16m.[38;2;114;70;38m-[38;2;140;85;46m-[38;2;141;87;49m-[38;2;138;87;46m-[38;2;109;70;40m-[38;2;21;16;16m.[38;2;15;13;13m [38;2;91;75;49m-[38;2;63;49;36m:[38;2;13;13;12m [38;2;13;13;12m [38;2;13;13;13m [38;2;13;13;13m [38;2;13;13;13m [38;2;3;3;3m [0m
[38;2;0;0;0m [38;2;5;5;5m [38;2;13;13;13m [38;2;13;13;13m [38;2;13;13;13m [38;2;13;13;13m [38;2;13;13;13m [38;2;70;48;31m:[38;2;72;49;32m:[38;2;13;13;15m [38;2;25;18;16m.[38;2;75;48;30m:[38;2;78;51;31m:[38;2;75;49;28m:[38;2;20;18;13m.[38;2;14;14;13m [38;2;95;77;49m-[38;2;62;47;32m:[38;2;12;12;10m [38;2;13;13;12m [38;2;13;13;12m [38;2;13;13;12m [38;2;13;13;13m [38;2;4;4;4m [38;2;0;0;0m [0m
[38;2;0;0;0m [38;2;0;0;0m [38;2;5;5;5m [38;2;13;13;13m [38;2;13;13;13m [38;2;13;13;13m [38;2;13;13;13m [38;2;13;13;13m [38;2;70;48;32m:[38;2;73;54;33m:[38;2;13;13;12m [38;2;13;13;11m [38;2;13;13;13m [38;2;13;12;15m [38;2;14;13;13m [38;2;98;76;51m-[38;2;58;43;28m:[38;2;13;12;13m [38;2;13;13;13m [38;2;13;13;13m [38;2;13;13;13m [38;2;13;13;13m [38;2;4;4;4m [38;2;0;0;0m [38;2;0;0;0m [0m
[38;2;0;0;0m [38;2;0;0;0m [38;2;0;0;0m [38;2;6;6;6m [38;2;13;13;13m [38;2;13;13;13m [38;2;13;13;13m [38;2;13;13;13m [38;2;13;12;13m [38;2;67;45;32m:[38;2;80;60;36m:[38;2;28;23;17m.[38;2;28;22;16m.[38;2;26;23;14m.[38;2;99;78;50m-[38;2;55;39;28m.[38;2;12;12;10m [38;2;13;13;13m [38;2;13;13;13m [38;2;13;13;13m [38;2;13;13;13m [38;2;4;4;4m [38;2;0;0;0m [38;2;0;0;0m [38;2;0;0;0m [0m
[38;2;0;0;0m [38;2;0;0;0m [38;2;0;0;0m [38;2;0;0;0m [38;2;6;6;6m [38;2;13;13;13m [38;2;13;13;13m [38;2;13;13;13m [38;2;13;13;13m [38;2;12;13;13m [38;2;59;40;29m:[38;2;95;70;46m-[38;2;95;69;46m-[38;2;95;69;46m-[38;2;51;36;26m.[38;2;13;12;15m [38;2;13;13;13m [38;2;13;13;13m [38;2;13;13;13m [38;2;13;13;13m [38;2;4;4;4m [38;2;0;0;0m [38;2;0;0;0m [38;2;0;0;0m [38;2;0;0;0m [0m
[38;2;0;0;0m [38;2;0;0;0m [38;2;0;0;0m [38;2;0;0;0m [38;2;0;0;0m [38;2;6;6;6m [38;2;13;13;13m [38;2;13;13;13m [38;2;13;13;13m [38;2;13;13;13m [38;2;13;13;13m [38;2;13;13;13m [38;2;13;13;13m [38;2;13;13;13m [38;2;13;13;13m [38;2;13;13;13m [38;2;14;12;13m [38;2;13;13;13m [38;2;13;13;13m [38;2;4;4;4m [38;2;0;0;0m [38;2;0;0;0m [38;2;0;0;0m [38;2;0;0;0m [38;2;0;0;0m [0m
[38;2;0;0;0m [38;2;0;0;0m [38;2;0;0;0m [38;2;0;0;0m [38;2;0;0;0m [38;2;0;0;0m [38;2;6;6;6m [38;2;13;13;13m [38;2;13;13;13m [38;2;13;13;13m [38;2;13;13;13m [38;2;13;13;13m [38;2;13;13;13m [38;2;13;13;13m [38;2;13;13;13m [38;2;13;13;13m [38;2;13;13;13m [38;2;13;13;13m [38;2;5;5;5m [38;2;0;0;0m [38;2;0;0;0m [38;2;0;0;0m [38;2;0;0;0m [38;2;0;0;0m [38;2;0;0;0m [0m
[38;2;0;0;0m [38;2;0;0;0m [38;2;0;0;0m [38;2;0;0;0m [38;2;0;0;0m [38;2;0;0;0m [38;2;0;0;0m [38;2;6;6;6m [38;2;13;13;13m [38;2;13;13;13m [38;2;13;13;13m [38;2;13;13;13m [38;2;13;13;13m [38;2;13;13;13m [38;2;13;13;13m [38;2;13;13;13m [38;2;13;13;13m [38;2;5;5;5m [38;2;0;0;0m [38;2;0;0;0m [38;2;0;0;0m [38;2;0;0;0m [38;2;0;0;0m [38;2;0;0;0m [38;2;0;0;0m [0m
