[38;2;5;5;5m [38;2;13;13;13m [38;2;13;13;13m [38;2;13;13;13m [38;2;13;13;13m [38;2;13;13;13m [38;2;13;13;13m [38;2;13;13;13m [38;2;13;13;13m [38;2;13;13;13m [38;2;13;13;13m [38;2;13;13;13m [38;2;13;13;13m [38;2;13;13;13m [38;2;13;13;13m [38;2;13;13;13m [38;2;13;13;13m [38;2;13;13;13m [38;2;13;13;13m [38;2;13;13;13m [38;2;13;13;13m [38;2;13;13;13m [38;2;13;13;13m [38;2;13;13;13m [38;2;3;3;3m [0m
[38;2;13;13;13m [38;2;13;13;13m [38;2;13;13;13m [38;2;13;13;13m [38;2;13;13;13m [38;2;13;13;13m [38;2;13;13;13m [38;2;13;13;13m [38;2;13;13;13m [38;2;13;13;13m [38;2;13;13;13m [38;2;13;13;13m [38;2;13;13;13m [38;2;13;13;13m [38;2;13;13;13m [38;2;13;13;13m [38;2;13;13;13m [38;2;13;13;13m [38;2;13;13;13m [38;2;13;13;13m [38;2;13;13;13m [38;2;13;13;13m [38;2;13;13;13m [38;2;13;13;13m [38;2;13;13;13m [0m
[38;2;13;13;13m [38;2;13;13;13m [38;2;13;13;13m [38;2;16;15;15m.[38;2;37;30;22m.[38;2;37;32;23m.[38;2;34;29;20m.[38;2;40;36;25m.[38;2;45;40;27m.[38;2;44;40;27m.[38;2;41;37;25m.[38;2;45;40;29m.[38;2;45;40;29m.[38;2;41;36;25m.[38;2;37;31;20m.[38;2;36;29;18m.[38;2;38;30;20m.[38;2;36;30;21m.[38;2;37;29;21m.[38;2;40;31;21m.[38;2;37;29;21m.[38;2;14;13;13m [38;2;13;13;13m [38;2;13;13;13m [38;2;13;13;13m [0m
[38;2;13;13;13m [38;2;13;13;13m [38;2;12;13;13m [38;2;113;101;85m=[38;2;102;88;80m-[38;2;99;86;80m-[38;2;95;87;82m-[38;2;99;88;85m-[38;2;102;89;81m-[38;2;103;88;82m-[38;2;96;83;70m-[38;2;32;22;18m.[38;2;27;19;15m.[38;2;36;27;24m.[38;2;94;83;68m-[38;2;92;81;66m-[38;2;90;83;73m-[38;2;91;85;75m-[38;2;90;85;75m-[38;2;89;84;70m-[38;2;104;94;74m-[38;2;71;59;44m:[38;2;12;13;13m [38;2;13;13;13m [38;2;13;13;13m [0m
[38;2;13;13;13m [38;2;13;13;13m [38;2;14;12;14m [38;2;111;92;71m-[38;2;15;13;11m [38;2;13;13;13m [38;2;13;13;13m [38;2;13;13;13m [38;2;13;13;13m [38;2;14;13;13m [38;2;13;13;13m [38;2;12;13;12m [38;2;13;13;13m [38;2;12;13;13m [38;2;13;13;13m [38;2;13;13;13m [38;2;13;13;13m [38;2;13;13;13m [38;2;13;13;11m [38;2;13;13;13m [38;2;29;23;18m.[38;2;70;59;47m:[38;2;12;13;13m [38;2;13;13;13m [38;2;13;13;13m [0m
[38;2;13;13;13m [38;2;13;13;13m [38;2;13;13;12m [38;2;71;49;36m:[38;2;11;13;13m [38;2;30;24;19m.[38;2;151;115;81m=[38;2;128;93;61m-[38;2;111;77;52m-[38;2;98;64;38m:[38;2;79;54;34m:[38;2;37;28;20m.[38;2;116;82;54m-[38;2;32;24;18m.[38;2;88;57;38m:[38;2;104;66;42m-[38;2;105;66;43m-[38;2;137;110;82m=[38;2;151;123;91m=[38;2;21;18;15m.[38;2;13;13;13m [38;2;46;34;28m.[38;2;13;13;11m [38;2;13;13;13m [38;2;13;13;13m [0m
[38;2;13;13;13m [38;2;13;13;13m [38;2;13;12;14m [38;2;67;45;35m:[38;2;12;14;13m [38;2;61;48;35m:[38;2;234;187;133m#[38;2;183;141;97m+[38;2;123;75;42m-[38;2;138;94;60m=[38;2;140;91;58m-[38;2;88;59;41m:[38;2;31;22;16m.[38;2;95;59;36m:[38;2;133;80;49m-[38;2;120;68;39m-[38;2;125;73;42m-[38;2;195;158;118m*[38;2;239;200;142m#[38;2;34;25;21m.[38;2;14;13;13m [38;2;47;35;29m.[38;2;13;13;13m [38;2;13;13;13m [38;2;13;13;13m [0m
[38;2;13;13;13m [38;2;13;13;13m [38;2;13;13;12m [38;2;61;42;31m:[38;2;12;13;13m [38;2;58;47;33m:[38;2;243;215;167m%[38;2;190;158;117m*[38;2;121;76;45m-[38;2;114;70;43m-[38;2;119;74;45m-[38;2;125;76;43m-[38;2;114;69;40m-[38;2;129;78;46m-[38;2;117;68;41m-[38;2;108;60;33m:[38;2;129;84;53m-[38;2;194;158;118m*[38;2;239;198;142m#[38;2;34;28;21m.[38;2;14;14;13m [38;2;49;37;30m.[38;2;13;13;11m [38;2;13;13;13m [38;2;13;13;13m [0m
[38;2;13;13;13m [38;2;13;13;13m [38;2;12;13;12m [38;2;60;41;30m:[38;2;13;13;13m [38;2;62;48;37m:[38;2;241;205;151m#[38;2;188;155;114m*[38;2;112;68;40m-[38;2;109;67;40m-[38;2;103;61;35m:[38;2;108;64;38m-[38;2;108;63;35m:[38;2;111;65;38m-[38;2;107;62;38m:[38;2;114;70;45m-[38;2;130;85;57m-[38;2;199;158;115m*[38;2;237;189;131m#[38;2;36;28;20m.[38;2;14;14;13m [38;2;52;40;34m.[38;2;13;13;13m [38;2;13;13;13m [38;2;13;13;13m [0m
[38;2;13;13;13m [38;2;13;13;13m [38;2;12;13;12m [38;2;88;71;49m-[38;2;15;12;12m [38;2;61;46;35m:[38;2;222;174;118m*[38;2;184;139;92m+[38;2;104;62;34m:[38;2;101;60;36m:[38;2;98;56;33m:[38;2;100;59;33m:[38;2;102;61;34m:[38;2;97;56;32m:[38;2;98;56;33m:[38;2;105;65;41m-[38;2;115;74;46m-[38;2;188;144;102m+[38;2;225;171;115m*[38;2;34;27;19m.[38;2;24;22;19m.[38;2;70;60;49m:[38;2;13;13;13m [38;2;13;13;13m [38;2;13;13;13m [0m
[38;2;13;13;13m [38;2;13;13;13m [38;2;12;13;13m [38;2;117;99;73m=[38;2;17;12;12m [38;2;59;43;32m:[38;2;214;155;103m*[38;2;180;128;83m+[38;2;106;63;36m:[38;2;87;52;30m:[38;2;129;110;99m=[38;2;85;53;34m:[38;2;91;53;32m:[38;2;85;51;32m:[38;2;134;115;104m=[38;2;97;64;42m:[38;2;116;76;51m-[38;2;180;130;87m+[38;2;223;159;105m*[38;2;35;26;19m.[38;2;42;36;27m.[38;2;88;78;61m-[38;2;13;12;13m [38;2;13;13;13m [38;2;13;13;13m [0m
[38;2;13;13;13m [38;2;13;13;13m [38;2;13;12;13m [38;2;117;103;84m=[38;2;15;12;12m [38;2;58;43;30m:[38;2;225;168;110m*[38;2;183;131;87m+[38;2;107;63;35m:[38;2;85;49;26m:[38;2;222;219;215m%[38;2;129;111;104m=[38;2;72;38;20m:[38;2;119;101;90m=[38;2;228;224;224m%[38;2;79;48;31m:[38;2;106;66;42m-[38;2;185;134;86m+[38;2;237;178;121m#[38;2;40;30;22m.[38;2;46;35;27m.[38;2;90;76;58m-[38;2;13;13;11m [38;2;13;13;13m [38;2;13;13;13m [0m
[38;2;13;13;13m [38;2;13;13;13m [38;2;12;13;13m [38;2;114;98;73m=[38;2;16;12;12m [38;2;58;43;30m:[38;2;224;169;111m*[38;2;181;131;85m+[38;2;104;60;31m:[38;2;87;49;26m:[38;2;158;144;139m+[38;2;188;180;175m*[38;2;54;29;14m.[38;2;171;163;159m*[38;2;159;150;144m+[38;2;77;45;28m:[38;2;105;65;39m-[38;2;189;133;85m+[38;2;230;171;115m*[38;2;39;26;20m.[38;2;46;36;27m.[38;2;91;72;52m-[38;2;12;13;12m [38;2;13;13;13m [38;2;13;13;13m [0m
[38;2;13;13;13m [38;2;13;13;13m [38;2;14;13;12m [38;2;114;98;71m=[38;2;15;13;11m [38;2;56;40;28m:[38;2;203;142;87m+[38;2;175;119;75m+[38;2;106;60;33m:[38;2;89;48;26m:[38;2;93;72;63m-[38;2;243;243;241m@[38;2;50;38;29m.[38;2;236;233;231m%[38;2;96;79;68m-[38;2;74;42;23m:[38;2;104;60;35m:[38;2;182;124;78m+[38;2;214;146;91m*[38;2;38;27;20m.[38;2;45;36;26m.[38;2;91;74;53m-[38;2;12;13;13m [38;2;13;13;13m [38;2;13;13;13m [0m
[38;2;13;13;13m [38;2;13;13;13m [38;2;14;13;12m [38;2;113;95;65m-[38;2;15;12;12m [38;2;52;34;24m.[38;2;188;123;71m+[38;2;163;100;59m=[38;2;101;56;30m:[38;2;88;47;25m:[38;2;60;35;19m.[38;2;224;221;219m%[38;2;149;143;139m+[38;2;230;228;227m%[38;2;58;34;21m.[38;2;77;43;24m:[38;2;99;56;32m:[38;2;176;116;72m=[38;2;211;143;88m+[38;2;38;27;21m.[38;2;45;37;26m.[38;2;90;74;54m-[38;2;12;13;13m [38;2;13;13;13m [38;2;13;13;13m [0m
[38;2;13;13;13m [38;2;13;13;13m [38;2;14;13;12m [38;2;111;92;60m-[38;2;14;13;12m [38;2;52;36;23m.[38;2;178;111;64m=[38;2;152;91;53m=[38;2;95;54;29m:[38;2;84;46;25m:[38;2;69;36;19m.[38;2;160;149;143m+[38;2;251;251;250m@[38;2;164;155;151m*[38;2;63;35;18m.[38;2;80;45;26m:[38;2;103;60;33m:[38;2;178;116;71m=[38;2;221;152;94m*[38;2;38;27;19m.[38;2;40;33;24m.[38;2;86;73;53m-[38;2;12;13;13m [38;2;13;13;13m [38;2;13;13;13m [0m
[38;2;13;13;13m [38;2;13;13;13m [38;2;13;12;12m [38;2;111;88;57m-[38;2;15;12;12m [38;2;54;34;24m.[38;2;174;105;60m=[38;2;137;78;44m-[38;2;90;50;25m:[38;2;82;44;23m:[38;2;74;39;21m:[38;2;93;74;65m-[38;2;226;223;221m%[38;2;100;81;72m-[38;2;70;39;22m:[38;2;82;45;25m:[38;2;99;57;31m:[38;2;170;106;62m=[38;2;220;152;93m*[38;2;37;26;19m.[38;2;40;33;25m.[38;2;86;73;51m-[38;2;12;13;13m [38;2;13;13;13m [38;2;13;13;13m [0m
[38;2;13;13;13m [38;2;13;13;13m [38;2;13;12;12m [38;2;100;78;48m-[38;2;15;12;13m [38;2;55;37;25m.[38;2;184;112;66m=[38;2;143;83;48m-[38;2;96;53;28m:[38;2;83;45;23m:[38;2;81;43;23m:[38;2;62;33;18m.[38;2;57;30;14m.[38;2;62;34;17m.[38;2;74;41;21m:[38;2;87;48;28m:[38;2;99;56;31m:[38;2;157;97;58m=[38;2;209;141;86m+[38;2;39;28;21m.[38;2;42;35;25m.[38;2;90;72;49m-[38;2;13;12;12m [38;2;13;13;13m [38;2;13;13;13m [0m
[38;2;13;13;13m [38;2;13;13;13m [38;2;13;12;12m [38;2;94;65;38m:[38;2;14;12;12m [38;2;21;15;14m.[38;2;148;91;55m=[38;2;154;91;54m=[38;2;109;61;34m:[38;2;91;50;26m:[38;2;87;47;26m:[38;2;99;58;38m:[38;2;84;49;28m:[38;2;76;42;21m:[38;2;83;47;27m:[38;2;90;52;30m:[38;2;111;66;42m-[38;2;160;101;60m=[38;2;138;95;62m=[38;2;17;14;12m.[38;2;44;39;28m.[38;2;95;77;56m-[38;2;13;13;13m [38;2;13;13;13m [38;2;13;13;13m [0m
[38;2;13;13;13m [38;2;13;13;13m [38;2;12;13;13m [38;2;73;54;36m:[38;2;61;42;27m:[38;2;13;13;12m [38;2;22;17;14m.[38;2;112;64;39m-[38;2;120;66;39m-[38;2;100;56;30m:[38;2;96;54;30m:[38;2;96;56;32m:[38;2;87;50;26m:[38;2;82;47;24m:[38;2;91;53;31m:[38;2;100;58;33m:[38;2;111;67;38m-[38;2;107;69;44m-[38;2;18;13;12m [38;2;13;12;14m [38;2;103;88;60m-[38;2;61;47;33m:[38;2;13;13;12m [38;2;13;13;13m [38;2;13;13;13m [0m
[38;2;13;13;13m [38;2;13;13;13m [38;2;13;13;13m [38;2;13;12;14m [38;2;81;55;37m:[38;2;64;44;30m:[38;2;13;12;13m [38;2;19;16;14m.[38;2;101;58;36m:[38;2;116;66;38m-[38;2;108;62;35m:[38;2;100;57;32m:[38;2;90;50;27m:[38;2;99;55;32m:[38;2;113;65;39m-[38;2;118;71;40m-[38;2;90;55;36m:[38;2;16;15;13m.[38;2;13;13;12m [38;2;92;79;54m-[38;2;70;53;34m:[38;2;12;13;12m [38;2;13;13;13m [38;2;13;13;13m [38;2;13;13;13m [0m
[38;2;13;13;13m [38;2;13;13;13m [38;2;13;13;13m [38;2;13;13;13m [38;2;13;13;13m [38;2;71;49;35m:[38;2;65;45;28m:[38;2;13;13;13m [38;2;22;17;13m.[38;2;104;60;35m:[38;2;120;68;39m-[38;2;112;61;33m:[38;2;109;63;36m:[38;2;110;63;37m-[38;2;124;74;45m-[38;2;102;67;44m-[38;2;17;16;13m.[38;2;13;12;13m [38;2;91;75;48m-[38;2;69;51;38m:[38;2;12;13;11m [38;2;12;13;12m [38;2;13;13;13m [38;2;13;13;13m [38;2;13;13;13m [0m
[38;2;5;5;5m [38;2;13;13;13m [38;2;13;13;13m [38;2;13;13;13m [38;2;13;13;13m [38;2;12;13;12m [38;2;70;47;33m:[38;2;69;45;29m:[38;2;13;13;11m [38;2;23;17;15m.[38;2;103;60;34m:[38;2;126;73;41m-[38;2;125;72;40m-[38;2;124;72;43m-[38;2;99;63;40m:[38;2;17;16;12m.[38;2;13;13;12m [38;2;92;81;54m-[38;2;61;47;32m:[38;2;12;13;11m [38;2;13;13;12m [38;2;13;13;13m [38;2;13;13;13m [38;2;13;13;13m [38;2;3;3;3m [0m
[38;2;0;0;0m [38;2;5;5;5m [38;2;13;13;13m [38;2;13;13;13m [38;2;13;13;13m [38;2;13;13;13m [38;2;13;13;13m [38;2;73;49;34m:[38;2;69;50;32m:[38;2;13;14;13m [38;2;24;19;15m.[38;2;69;44;26m:[38;2;67;42;26m:[38;2;66;42;26m:[38;2;19;16;13m.[38;2;13;13;12m [38;2;94;80;55m-[38;2;65;54;39m:[38;2;13;12;14m [38;2;13;13;12m [38;2;13;13;12m [38;2;13;13;13m [38;2;13;13;13m [38;2;4;4;4m [38;2;0;0;0m [0m
[38;2;0;0;0m [38;2;0;0;0m [38;2;5;5;5m [38;2;13;13;13m [38;2;13;13;13m [38;2;13;13;13m [38;2;13;13;13m [38;2;11;13;12m [38;2;67;48;32m:[38;2;68;47;31m:[38;2;14;12;13m [38;2;13;13;13m [38;2;13;13;13m [38;2;13;13;13m [38;2;14;14;11m [38;2;96;79;54m-[38;2;64;46;33m:[38;2;14;12;14m [38;2;13;13;13m [38;2;13;13;13m [38;2;13;13;13m [38;2;13;13;13m [38;2;4;4;4m [38;2;0;0;0m [38;2;0;0;0m [0m
[38;2;0;0;0m [38;2;0;0;0m [38;2;0;0;0m [38;2;6;6;6m [38;2;13;13;13m [38;2;13;13;13m [38;2;13;13;13m [38;2;13;13;13m [38;2;13;12;13m [38;2;63;41;28m:[38;2;63;44;25m:[38;2;24;19;14m.[38;2;25;20;15m.[38;2;24;20;16m.[38;2;100;80;51m-[38;2;59;43;31m:[38;2;13;13;11m [38;2;13;13;13m [38;2;14;12;13m [38;2;13;13;13m [38;2;13;13;13m [38;2;4;4;4m [38;2;0;0;0m [38;2;0;0;0m [38;2;0;0;0m [0m
[38;2;0;0;0m [38;2;0;0;0m [38;2;0;0;0m [38;2;0;0;0m [38;2;6;6;6m [38;2;13;13;13m [38;2;13;13;13m [38;2;13;13;13m [38;2;13;13;13m [38;2;13;13;13m [38;2;51;33;26m.[38;2;76;53;32m:[38;2;80;57;35m:[38;2;85;61;39m:[38;2;52;37;27m.[38;2;14;12;14m [38;2;13;13;13m [38;2;13;13;13m [38;2;13;13;13m [38;2;13;13;13m [38;2;4;4;4m [38;2;0;0;0m [38;2;0;0;0m [38;2;0;0;0m [38;2;0;0;0m [0m
[38;2;0;0;0m [38;2;0;0;0m [38;2;0;0;0m [38;2;0;0;0m [38;2;0;0;0m [38;2;6;6;6m [38;2;13;13;13m [38;2;13;13;13m [38;2;13;13;13m [38;2;13;13;13m [38;2;13;13;13m [38;2;13;13;13m [38;2;13;13;13m [38;2;13;13;13m [38;2;13;13;13m [38;2;13;13;13m [38;2;13;13;13m [38;2;13;13;13m [38;2;13;13;13m [38;2;4;4;4m [38;2;0;0;0m [38;2;0;0;0m [38;2;0;0;0m [38;2;0;0;0m [38;2;0;0;0m [0m
[38;2;0;0;0m [38;2;0;0;0m [38;2;0;0;0m [38;2;0;0;0m [38;2;0;0;0m [38;2;0;0;0m [38;2;6;6;6m [38;2;13;13;13m [38;2;13;13;13m [38;2;13;13;13m [38;2;13;13;13m [38;2;13;13;13m [38;2;13;13;13m [38;2;13;13;13m [38;2;13;13;13m [38;2;13;13;13m [38;2;13;13;13m [38;2;13;13;13m [38;2;5;5;5m [38;2;0;0;0m [38;2;0;0;0m [38;2;0;0;0m [38;2;0;0;0m [38;2;0;0;0m [38;2;0;0;0m [0m
[38;2;0;0;0m [38;2;0;0;0m [38;2;0;0;0m [38;2;0;0;0m [38;2;0;0;0m [38;2;0;0;0m [38;2;0;0;0m [38;2;6;6;6m [38;2;13;13;13m [38;2;13;13;13m [38;2;13;13;13m [38;2;13;13;13m [38;2;13;13;13m [38;2;13;13;13m [38;2;13;13;13m [38;2;13;13;13m [38;2;13;13;13m [38;2;5;5;5m [38;2;0;0;0m [38;2;0;0;0m [38;2;0;0;0m [38;2;0;0;0m [38;2;0;0;0m [38;2;0;0;0m [38;2;0;0;0m [0m
