[38;2;5;5;5m [38;2;13;13;13m [38;2;13;13;13m [38;2;13;13;13m [38;2;13;13;13m [38;2;13;13;13m [38;2;13;13;13m [38;2;13;13;13m [38;2;13;13;13m [38;2;13;13;13m [38;2;13;13;13m [38;2;13;13;13m [38;2;13;13;13m [38;2;13;13;13m [38;2;13;13;13m [38;2;13;13;13m [38;2;13;13;13m [38;2;13;13;13m [38;2;13;13;13m [38;2;13;13;13m [38;2;13;13;13m [38;2;13;13;13m [38;2;13;13;13m [38;2;13;13;13m [38;2;3;3;3m [0m
[38;2;13;13;13m [38;2;13;13;13m [38;2;13;13;13m [38;2;13;13;13m [38;2;13;13;13m [38;2;13;13;13m [38;2;13;13;13m [38;2;13;13;13m [38;2;13;13;13m [38;2;13;13;13m [38;2;13;13;13m [38;2;13;13;13m [38;2;13;13;13m [38;2;13;13;13m [38;2;13;13;13m [38;2;13;13;13m [38;2;13;13;13m [38;2;13;13;13m [38;2;13;13;13m [38;2;13;13;13m [38;2;13;13;13m [38;2;13;13;13m [38;2;13;13;13m [38;2;13;13;13m [38;2;13;13;13m [0m
[38;2;13;13;13m [38;2;13;13;13m [38;2;13;13;13m [38;2;16;15;13m.[38;2;40;37;23m.[38;2;41;37;23m.[38;2;39;34;24m.[38;2;35;30;20m.[38;2;34;29;17m.[38;2;36;31;21m.[38;2;39;32;23m.[38;2;44;37;27m.[38;2;40;32;23m.[38;2;39;32;22m.[38;2;39;32;22m.[38;2;40;33;22m.[38;2;40;33;22m.[38;2;40;32;22m.[38;2;40;31;21m.[38;2;41;30;21m.[38;2;41;31;21m.[38;2;14;13;11m [38;2;13;13;13m [38;2;13;13;13m [38;2;13;13;13m [0m
[38;2;13;13;13m [38;2;13;13;13m [38;2;13;13;13m [38;2;111;101;73m=[38;2;101;85;63m-[38;2;96;82;63m-[38;2;96;85;72m-[38;2;95;87;81m-[38;2;94;87;81m-[38;2;95;86;82m-[38;2;97;85;82m-[38;2;33;23;19m.[38;2;24;17;13m.[38;2;36;28;24m.[38;2;92;83;66m-[38;2;93;83;62m-[38;2;92;82;63m-[38;2;90;80;61m-[38;2;89;81;63m-[38;2;92;82;67m-[38;2;110;95;75m-[38;2;73;63;50m:[38;2;12;14;13m [38;2;13;13;13m [38;2;13;13;13m [0m
[38;2;13;13;13m [38;2;13;13;13m [38;2;14;13;13m [38;2;105;86;64m-[38;2;16;12;12m [38;2;13;12;14m [38;2;14;12;13m [38;2;14;13;12m [38;2;13;13;13m [38;2;13;13;13m [38;2;13;13;11m [38;2;13;14;14m [38;2;13;14;14m [38;2;15;13;15m [38;2;11;13;13m [38;2;13;13;13m [38;2;12;13;13m [38;2;12;13;12m [38;2;13;13;12m [38;2;13;13;12m [38;2;30;24;20m.[38;2;72;62;49m:[38;2;12;14;13m [38;2;13;13;13m [38;2;13;13;13m [0m
[38;2;13;13;13m [38;2;13;13;13m [38;2;12;13;13m [38;2;64;44;35m:[38;2;13;13;13m [38;2;32;28;20m.[38;2;154;125;82m+[38;2;135;99;62m=[38;2;110;72;42m-[38;2;114;74;42m-[38;2;90;60;36m:[38;2;43;34;25m.[38;2;137;98;64m=[38;2;34;25;19m.[38;2;87;53;33m:[38;2;104;62;37m:[38;2;103;60;35m:[38;2;131;106;81m=[38;2;152;127;99m+[38;2;23;18;16m.[38;2;13;13;12m [38;2;50;39;33m.[38;2;12;14;13m [38;2;13;13;13m [38;2;13;13;13m [0m
[38;2;13;13;13m [38;2;13;13;13m [38;2;12;13;13m [38;2;61;41;31m:[38;2;13;13;13m [38;2;63;51;36m:[38;2;243;197;134m#[38;2;197;154;105m*[38;2;143;91;49m-[38;2;140;85;45m-[38;2;147;90;48m-[38;2;97;63;40m:[38;2;34;26;18m.[38;2;96;59;36m:[38;2;129;74;41m-[38;2;122;68;36m-[38;2;124;69;38m-[38;2;194;155;113m*[38;2;241;209;157m#[38;2;40;29;22m.[38;2;13;13;12m [38;2;48;37;30m.[38;2;12;14;13m [38;2;13;13;13m [38;2;13;13;13m [0m
[38;2;13;13;13m [38;2;13;13;13m [38;2;14;12;13m [38;2;62;41;31m:[38;2;13;13;12m [38;2;65;54;39m:[38;2;242;197;134m#[38;2;196;152;99m*[38;2;133;81;43m-[38;2;123;72;37m-[38;2;128;75;40m-[38;2;146;91;51m=[38;2;116;69;41m-[38;2;126;73;40m-[38;2;112;62;33m:[38;2;102;57;30m:[38;2;108;59;31m:[38;2;181;126;79m+[38;2;242;202;142m#[38;2;40;29;21m.[38;2;13;13;12m [38;2;49;36;29m.[38;2;13;13;13m [38;2;13;13;13m [38;2;13;13;13m [0m
[38;2;13;13;13m [38;2;13;13;13m [38;2;14;12;13m [38;2;63;43;33m:[38;2;12;14;12m [38;2;65;57;46m:[38;2;248;218;161m%[38;2;193;145;93m+[38;2;125;75;41m-[38;2;113;65;34m-[38;2;112;63;34m-[38;2;112;64;35m-[38;2;109;61;32m:[38;2;103;58;31m:[38;2;95;52;28m:[38;2;93;49;25m:[38;2;100;55;30m:[38;2;171;118;74m=[38;2;225;162;106m*[38;2;37;27;19m.[38;2;13;13;12m [38;2;49;36;27m.[38;2;13;13;13m [38;2;13;13;13m [38;2;13;13;13m [0m
[38;2;13;13;13m [38;2;13;13;13m [38;2;14;12;13m [38;2;97;79;60m-[38;2;15;13;11m [38;2;64;55;40m:[38;2;247;222;168m%[38;2;190;151;101m+[38;2;119;70;37m-[38;2;107;60;33m:[38;2;98;54;29m:[38;2;99;56;29m:[38;2;94;53;28m:[38;2;87;48;26m:[38;2;84;45;24m:[38;2;82;46;24m:[38;2;89;49;25m:[38;2;162;99;61m=[38;2;200;127;78m+[38;2;36;26;20m.[38;2;25;20;16m.[38;2;64;51;39m:[38;2;12;13;13m [38;2;13;13;13m [38;2;13;13;13m [0m
[38;2;13;13;13m [38;2;13;13;13m [38;2;14;12;13m [38;2;125;111;88m=[38;2;15;12;12m [38;2;61;48;34m:[38;2;241;201;135m#[38;2;188;137;89m+[38;2;110;64;32m-[38;2;111;84;65m-[38;2;106;83;69m-[38;2;81;51;34m:[38;2;127;106;95m=[38;2;68;39;24m:[38;2;107;86;74m-[38;2;93;67;55m-[38;2;84;46;23m:[38;2;169;110;68m=[38;2;216;147;94m*[38;2;37;26;20m.[38;2;40;32;24m.[38;2;84;66;47m:[38;2;13;13;13m [38;2;13;13;13m [38;2;13;13;13m [0m
[38;2;13;13;13m [38;2;13;13;13m [38;2;13;13;13m [38;2;121;107;85m=[38;2;15;13;11m [38;2;61;47;32m:[38;2;231;179;114m#[38;2;176;124;77m+[38;2;94;53;26m:[38;2;169;157;149m*[38;2;180;173;168m*[38;2;88;68;56m-[38;2;255;254;253m@[38;2;59;38;27m.[38;2;198;193;191m#[38;2;149;136;129m+[38;2;81;43;22m:[38;2;178;118;70m=[38;2;231;166;104m*[38;2;35;27;21m.[38;2;40;32;24m.[38;2;82;68;46m:[38;2;13;13;11m [38;2;13;13;13m [38;2;13;13;13m [0m
[38;2;13;13;13m [38;2;13;13;13m [38;2;12;13;13m [38;2;112;98;74m=[38;2;16;12;12m [38;2;58;45;30m:[38;2;225;167;104m*[38;2;184;132;85m+[38;2;92;51;27m:[38;2;168;156;149m*[38;2;179;171;167m*[38;2;86;66;55m:[38;2;255;253;253m@[38;2;57;36;26m.[38;2;198;193;191m#[38;2;148;135;128m+[38;2;89;47;27m:[38;2;184;126;77m+[38;2;236;169;108m*[38;2;38;27;22m.[38;2;40;33;25m.[38;2;84;74;51m-[38;2;13;12;11m [38;2;13;13;13m [38;2;13;13;13m [0m
[38;2;13;13;13m [38;2;13;13;13m [38;2;13;12;13m [38;2;112;97;69m-[38;2;16;12;11m [38;2;61;46;32m:[38;2;233;174;112m*[38;2;178;128;81m+[38;2;92;50;27m:[38;2;168;158;150m*[38;2;177;171;166m*[38;2;85;66;55m:[38;2;254;253;253m@[38;2;57;36;25m.[38;2;198;193;190m#[38;2;147;136;126m+[38;2;91;48;26m:[38;2;181;122;75m+[38;2;229;165;101m*[38;2;38;28;21m.[38;2;41;33;23m.[38;2;85;70;49m-[38;2;13;12;13m [38;2;13;13;13m [38;2;13;13;13m [0m
[38;2;13;13;13m [38;2;13;13;13m [38;2;13;12;13m [38;2;111;96;65m-[38;2;17;13;14m [38;2;61;46;33m:[38;2;223;160;100m*[38;2;171;109;65m=[38;2;96;52;29m:[38;2;169;158;151m*[38;2;179;172;167m*[38;2;86;66;54m:[38;2;254;253;253m@[38;2;58;37;25m.[38;2;198;193;191m#[38;2;148;136;127m+[38;2;95;50;29m:[38;2;183;122;74m+[38;2;238;176;114m#[38;2;39;29;21m.[38;2;40;33;24m.[38;2;85;70;48m-[38;2;13;12;13m [38;2;13;13;13m [38;2;13;13;13m [0m
[38;2;13;13;13m [38;2;13;13;13m [38;2;13;13;13m [38;2;109;91;60m-[38;2;16;13;11m [38;2;62;49;34m:[38;2;204;142;84m+[38;2;158;95;54m=[38;2;98;52;30m:[38;2;168;156;149m*[38;2;178;171;166m*[38;2;84;65;53m:[38;2;254;253;253m@[38;2;59;38;27m.[38;2;199;194;190m#[38;2;150;137;127m+[38;2;98;52;30m:[38;2;184;123;74m+[38;2;231;168;106m*[38;2;40;29;21m.[38;2;39;34;24m.[38;2;85;73;53m-[38;2;12;13;13m [38;2;13;13;13m [38;2;13;13;13m [0m
[38;2;13;13;13m [38;2;13;13;13m [38;2;13;12;13m [38;2;106;84;54m-[38;2;15;12;10m [38;2;61;44;32m:[38;2;189;122;68m+[38;2;155;91;51m=[38;2;99;52;30m:[38;2;154;139;131m+[38;2;162;151;146m+[38;2;82;62;51m:[38;2;227;224;220m%[38;2;62;40;26m:[38;2;181;172;168m*[38;2;142;126;117m+[38;2;106;59;36m:[38;2;190;127;79m+[38;2;233;167;106m*[38;2;40;29;21m.[38;2;40;33;24m.[38;2;86;71;50m-[38;2;12;13;12m [38;2;13;13;13m [38;2;13;13;13m [0m
[38;2;13;13;13m [38;2;13;13;13m [38;2;13;12;13m [38;2;96;69;41m-[38;2;14;12;10m [38;2;56;39;27m.[38;2;186;116;64m=[38;2;152;88;50m-[38;2;106;55;28m:[38;2;73;38;17m:[38;2;68;35;17m.[38;2;72;39;20m:[38;2;72;38;21m:[38;2;76;41;23m:[38;2;76;42;24m:[38;2;78;45;25m:[38;2;106;59;31m:[38;2;183;119;71m+[38;2;221;154;94m*[38;2;39;28;21m.[38;2;40;33;24m.[38;2;85;70;48m-[38;2;13;13;13m [38;2;13;13;13m [38;2;13;13;13m [0m
[38;2;13;13;13m [38;2;13;13;13m [38;2;13;13;13m [38;2;95;65;39m:[38;2;14;11;11m [38;2;22;17;13m.[38;2;130;77;45m-[38;2;137;74;39m-[38;2;119;64;38m-[38;2;96;52;26m:[38;2;94;50;26m:[38;2;95;52;30m:[38;2;92;50;28m:[38;2;94;52;27m:[38;2;97;55;29m:[38;2;101;55;28m:[38;2;114;64;34m-[38;2;170;107;62m=[38;2;143;99;59m=[38;2;15;13;13m [38;2;42;35;24m.[38;2;92;76;53m-[38;2;13;13;13m [38;2;13;13;13m [38;2;13;13;13m [0m
[38;2;13;13;13m [38;2;13;13;13m [38;2;13;13;13m [38;2;74;54;36m:[38;2;56;40;26m.[38;2;14;13;12m [38;2;22;19;15m.[38;2;107;61;35m:[38;2;122;67;38m-[38;2;113;62;33m:[38;2;105;58;32m:[38;2;96;52;28m:[38;2;95;52;27m:[38;2;96;54;27m:[38;2;107;60;33m:[38;2;118;67;38m-[38;2;121;69;38m-[38;2;114;71;44m-[38;2;20;15;12m.[38;2;13;13;12m [38;2;90;79;52m-[38;2;54;44;32m:[38;2;12;13;13m [38;2;13;13;13m [38;2;13;13;13m [0m
[38;2;13;13;13m [38;2;13;13;13m [38;2;13;13;13m [38;2;13;13;13m [38;2;76;51;33m:[38;2;58;40;26m:[38;2;14;12;12m [38;2;21;16;15m.[38;2;103;59;35m:[38;2;122;68;38m-[38;2;114;64;35m-[38;2;105;58;31m:[38;2;105;59;32m:[38;2;105;59;31m:[38;2;125;75;42m-[38;2;138;83;50m-[38;2;101;62;36m:[38;2;19;14;14m.[38;2;15;12;14m [38;2;87;74;49m-[38;2;70;54;39m:[38;2;14;13;11m [38;2;13;13;12m [38;2;13;13;13m [38;2;13;13;13m [0m
[38;2;13;13;13m [38;2;13;13;13m [38;2;13;13;13m [38;2;13;13;13m [38;2;13;13;13m [38;2;72;50;34m:[38;2;57;37;22m.[38;2;12;13;14m [38;2;22;17;14m.[38;2;105;59;35m:[38;2;125;72;40m-[38;2;113;62;33m:[38;2;115;65;36m-[38;2;109;58;30m:[38;2;139;84;51m-[38;2;105;65;38m-[38;2;18;15;13m.[38;2;14;12;14m [38;2;93;77;51m-[38;2;68;50;32m:[38;2;15;14;11m [38;2;13;13;12m [38;2;13;13;12m [38;2;13;13;12m [38;2;13;13;13m [0m
[38;2;5;5;5m [38;2;13;13;13m [38;2;13;13;13m [38;2;13;13;13m [38;2;13;13;13m [38;2;13;13;12m [38;2;68;45;30m:[38;2;71;47;30m:[38;2;13;13;11m [38;2;23;17;14m.[38;2;108;64;35m-[38;2;132;78;43m-[38;2;131;76;43m-[38;2;128;73;41m-[38;2;105;64;39m-[38;2;21;16;15m.[38;2;15;13;13m [38;2;91;74;47m-[38;2;64;50;34m:[38;2;12;13;12m [38;2;13;13;13m [38;2;13;13;13m [38;2;13;13;13m [38;2;13;13;13m [38;2;3;3;3m [0m
[38;2;0;0;0m [38;2;5;5;5m [38;2;13;13;13m [38;2;13;13;13m [38;2;13;13;13m [38;2;13;13;13m [38;2;13;13;12m [38;2;74;52;35m:[38;2;73;50;33m:[38;2;13;12;14m [38;2;24;18;16m.[38;2;71;44;27m:[38;2;73;46;29m:[38;2;71;45;28m:[38;2;20;17;14m.[38;2;14;13;14m [38;2;96;80;54m-[38;2;63;50;34m:[38;2;13;11;14m [38;2;13;12;13m [38;2;13;13;12m [38;2;13;13;13m [38;2;13;13;13m [38;2;4;4;4m [38;2;0;0;0m [0m
[38;2;0;0;0m [38;2;0;0;0m [38;2;5;5;5m [38;2;13;13;13m [38;2;13;13;13m [38;2;13;13;13m [38;2;13;13;13m [38;2;13;12;15m [38;2;71;49;33m:[38;2;70;52;33m:[38;2;13;13;13m [38;2;13;13;13m [38;2;13;13;13m [38;2;13;13;13m [38;2;12;14;13m [38;2;97;77;50m-[38;2;62;45;32m:[38;2;14;12;15m [38;2;13;13;14m [38;2;13;13;13m [38;2;13;13;13m [38;2;13;13;13m [38;2;4;4;4m [38;2;0;0;0m [38;2;0;0;0m [0m
[38;2;0;0;0m [38;2;0;0;0m [38;2;0;0;0m [38;2;6;6;6m [38;2;13;13;13m [38;2;13;13;13m [38;2;13;13;13m [38;2;13;13;13m [38;2;11;14;13m [38;2;65;46;30m:[38;2;75;51;33m:[38;2;25;20;15m.[38;2;26;22;16m.[38;2;25;24;16m.[38;2;100;77;49m-[38;2;61;41;30m:[38;2;12;12;11m [38;2;12;13;13m [38;2;13;13;13m [38;2;13;13;13m [38;2;13;13;13m [38;2;4;4;4m [38;2;0;0;0m [38;2;0;0;0m [38;2;0;0;0m [0m
[38;2;0;0;0m [38;2;0;0;0m [38;2;0;0;0m [38;2;0;0;0m [38;2;6;6;6m [38;2;13;13;13m [38;2;13;13;13m [38;2;13;13;13m [38;2;13;13;13m [38;2;12;13;11m [38;2;60;41;30m:[38;2;96;69;49m-[38;2;95;68;46m-[38;2;97;69;47m-[38;2;51;36;27m.[38;2;13;12;15m [38;2;13;13;13m [38;2;13;13;13m [38;2;13;13;13m [38;2;13;13;13m [38;2;4;4;4m [38;2;0;0;0m [38;2;0;0;0m [38;2;0;0;0m [38;2;0;0;0m [0m
[38;2;0;0;0m [38;2;0;0;0m [38;2;0;0;0m [38;2;0;0;0m [38;2;0;0;0m [38;2;6;6;6m [38;2;13;13;13m [38;2;13;13;13m [38;2;13;13;13m [38;2;13;13;13m [38;2;13;13;13m [38;2;13;13;13m [38;2;13;13;13m [38;2;13;13;13m [38;2;13;13;13m [38;2;13;13;13m [38;2;13;13;13m [38;2;13;13;13m [38;2;13;13;13m [38;2;4;4;4m [38;2;0;0;0m [38;2;0;0;0m [38;2;0;0;0m [38;2;0;0;0m [38;2;0;0;0m [0m
[38;2;0;0;0m [38;2;0;0;0m [38;2;0;0;0m [38;2;0;0;0m [38;2;0;0;0m [38;2;0;0;0m [38;2;6;6;6m [38;2;13;13;13m [38;2;13;13;13m [38;2;13;13;13m [38;2;13;13;13m [38;2;13;13;13m [38;2;13;13;13m [38;2;13;13;13m [38;2;13;13;13m [38;2;13;13;13m [38;2;13;13;13m [38;2;13;13;13m [38;2;5;5;5m [38;2;0;0;0m [38;2;0;0;0m [38;2;0;0;0m [38;2;0;0;0m [38;2;0;0;0m [38;2;0;0;0m [0m
[38;2;0;0;0m [38;2;0;0;0m [38;2;0;0;0m [38;2;0;0;0m [38;2;0;0;0m [38;2;0;0;0m [38;2;0;0;0m [38;2;6;6;6m [38;2;13;13;13m [38;2;13;13;13m [38;2;13;13;13m [38;2;13;13;13m [38;2;13;13;13m [38;2;13;13;13m [38;2;13;13;13m [38;2;13;13;13m [38;2;13;13;13m [38;2;5;5;5m [38;2;0;0;0m [38;2;0;0;0m [38;2;0;0;0m [38;2;0;0;0m [38;2;0;0;0m [38;2;0;0;0m [38;2;0;0;0m [0m
