[38;2;2;2;2m [38;2;13;13;13m [38;2;13;13;13m [38;2;13;13;13m [38;2;13;13;13m [38;2;13;13;13m [38;2;13;13;13m [38;2;13;13;13m [38;2;13;13;13m [38;2;13;13;13m [38;2;13;13;13m [38;2;13;13;13m [38;2;13;13;13m [38;2;13;13;13m [38;2;13;13;13m [38;2;13;13;13m [38;2;13;13;13m [38;2;13;13;13m [38;2;13;13;13m [38;2;13;13;13m [38;2;13;13;13m [38;2;13;13;13m [38;2;13;13;13m [38;2;13;13;13m [38;2;2;2;2m [0m
[38;2;13;13;13m [38;2;13;13;13m [38;2;13;13;13m [38;2;13;13;13m [38;2;13;13;13m [38;2;13;13;13m [38;2;13;13;13m [38;2;13;13;13m [38;2;13;13;13m [38;2;13;13;13m [38;2;13;13;13m [38;2;13;13;13m [38;2;13;12;12m [38;2;13;13;13m [38;2;13;13;13m [38;2;13;13;13m [38;2;13;13;13m [38;2;13;13;13m [38;2;13;13;13m [38;2;13;13;13m [38;2;13;13;13m [38;2;13;13;13m [38;2;13;13;13m [38;2;13;13;13m [38;2;13;13;13m [0m
[38;2;13;13;13m [38;2;13;13;13m [38;2;13;13;13m [38;2;13;13;13m [38;2;16;12;13m [38;2;16;11;13m [38;2;18;12;15m [38;2;113;38;90m:[38;2;134;54;116m-[38;2;20;13;19m.[38;2;27;12;19m.[38;2;153;68;106m-[38;2;144;72;88m-[38;2;154;64;78m-[38;2;29;12;15m.[38;2;19;12;13m [38;2;122;47;46m:[38;2;125;47;42m:[38;2;20;12;13m [38;2;16;12;12m [38;2;16;12;12m [38;2;13;13;13m [38;2;13;13;13m [38;2;13;13;13m [38;2;13;13;13m [0m
[38;2;13;13;13m [38;2;13;13;13m [38;2;13;13;13m [38;2;55;21;37m.[38;2;158;49;106m-[38;2;208;61;142m-[38;2;135;47;103m:[38;2;124;43;100m:[38;2;125;46;103m:[38;2;112;40;90m:[38;2;109;40;82m:[38;2;132;61;102m-[38;2;123;62;84m-[38;2;132;59;77m-[38;2;111;40;48m:[38;2;111;39;41m:[38;2;124;44;43m:[38;2;123;42;40m:[38;2;135;42;42m:[38;2;212;62;59m-[38;2;161;49;49m-[38;2;56;23;22m.[38;2;13;13;12m [38;2;13;13;13m [38;2;13;13;13m [0m
[38;2;13;13;13m [38;2;13;13;13m [38;2;13;13;13m [38;2;77;29;52m.[38;2;62;24;47m.[38;2;44;19;36m.[38;2;15;12;13m [38;2;13;12;14m [38;2;14;11;15m [38;2;13;13;13m [38;2;14;14;13m [38;2;15;15;15m.[38;2;116;116;116m=[38;2;15;15;15m.[38;2;13;13;13m [38;2;12;12;11m [38;2;13;12;11m [38;2;14;12;12m [38;2;15;13;13m [38;2;46;19;18m.[38;2;61;20;21m.[38;2;74;32;33m.[38;2;13;13;13m [38;2;13;13;13m [38;2;13;13;13m [0m
[38;2;13;13;13m [38;2;13;13;13m [38;2;13;13;13m [38;2;77;29;52m.[38;2;61;25;46m.[38;2;76;34;60m:[38;2;181;83;151m=[38;2;167;72;133m-[38;2;138;54;95m-[38;2;75;38;58m:[38;2;20;18;19m.[38;2;175;170;172m*[38;2;250;248;249m@[38;2;173;154;158m*[38;2;19;16;16m.[38;2;68;20;33m.[38;2;130;35;49m:[38;2;161;53;72m-[38;2;175;63;76m-[38;2;72;31;35m.[38;2;61;22;24m.[38;2;75;32;33m.[38;2;13;13;13m [38;2;13;13;13m [38;2;13;13;13m [0m
[38;2;13;13;13m [38;2;13;13;13m [38;2;13;13;13m [38;2;77;31;54m.[38;2;108;45;77m:[38;2;55;29;46m.[38;2;97;46;85m:[38;2;91;44;78m:[38;2;83;39;62m:[38;2;81;43;65m:[38;2;22;17;19m.[38;2;125;117;119m=[38;2;164;159;161m*[38;2;126;106;111m=[38;2;22;15;15m.[38;2;72;21;35m.[38;2;74;21;34m.[38;2;89;31;45m:[38;2;93;36;47m:[38;2;51;26;31m.[38;2;105;40;41m:[38;2;78;32;33m.[38;2;13;13;12m [38;2;13;13;13m [38;2;13;13;13m [0m
[38;2;13;13;13m [38;2;13;13;13m [38;2;13;13;13m [38;2;77;31;53m.[38;2;125;60;98m-[38;2;55;27;41m.[38;2;106;47;84m:[38;2;98;38;73m:[38;2;89;33;58m:[38;2;87;31;58m:[38;2;86;30;59m:[38;2;55;21;39m.[38;2;11;12;14m [38;2;54;22;39m.[38;2;88;35;60m:[38;2;86;39;59m:[38;2;80;22;41m.[38;2;95;34;57m:[38;2;104;37;58m:[38;2;55;26;35m.[38;2;124;53;54m:[38;2;78;33;35m:[38;2;13;13;12m [38;2;13;13;13m [38;2;13;13;13m [0m
[38;2;13;13;13m [38;2;13;13;13m [38;2;13;13;13m [38;2;79;32;55m:[38;2;127;60;100m-[38;2;113;55;92m:[38;2;229;107;189m+[38;2;201;78;151m=[38;2;152;39;82m:[38;2;150;39;84m:[38;2;154;41;90m:[38;2;147;33;81m:[38;2;83;17;46m.[38;2;142;28;83m:[38;2;143;32;85m:[38;2;153;54;99m-[38;2;154;44;84m:[38;2;201;79;143m=[38;2;232;109;170m+[38;2;105;49;78m:[38;2;125;55;65m:[38;2;76;30;36m.[38;2;13;13;13m [38;2;13;13;13m [38;2;13;13;13m [0m
[38;2;13;13;13m [38;2;13;13;13m [38;2;13;13;13m [38;2;78;31;56m:[38;2;73;27;53m.[38;2;109;52;85m:[38;2;230;114;188m+[38;2;194;76;138m=[38;2;149;37;75m:[38;2;143;38;76m:[38;2;140;37;76m:[38;2;125;21;61m:[38;2;126;19;61m:[38;2;129;21;67m:[38;2;128;26;71m:[38;2;133;30;75m:[38;2;145;43;87m:[38;2;205;102;166m+[38;2;227;111;179m+[38;2;107;52;83m:[38;2;75;25;36m.[38;2;78;32;45m:[38;2;13;13;13m [38;2;13;13;13m [38;2;13;13;13m [0m
[38;2;13;13;13m [38;2;13;13;13m [38;2;13;13;13m [38;2;78;33;57m:[38;2;68;28;53m.[38;2;107;49;84m:[38;2;224;104;176m+[38;2;193;82;141m=[38;2;124;33;62m:[38;2;147;94;112m=[38;2;100;26;51m:[38;2;144;91;111m=[38;2;106;30;59m:[38;2;110;18;53m.[38;2;104;26;57m:[38;2;145;95;118m=[38;2;118;36;76m:[38;2;200;97;166m=[38;2;225;99;187m+[38;2;105;48;82m:[38;2;67;21;34m.[38;2;78;30;46m.[38;2;13;13;13m [38;2;13;13;13m [38;2;13;13;13m [0m
[38;2;13;13;13m [38;2;13;13;13m [38;2;13;13;13m [38;2;75;30;54m.[38;2;180;93;138m=[38;2;113;42;84m:[38;2;219;98;167m+[38;2;193;75;134m=[38;2;121;56;74m-[38;2;251;249;247m@[38;2;82;30;44m.[38;2;207;196;199m#[38;2;150;114;126m=[38;2;101;21;47m.[38;2;131;83;100m-[38;2;232;224;228m%[38;2;109;28;66m:[38;2;193;76;160m=[38;2;220;85;178m=[38;2;109;41;88m:[38;2;181;88;122m=[38;2;75;27;44m.[38;2;13;13;13m [38;2;13;13;13m [38;2;13;13;13m [0m
[38;2;13;13;13m [38;2;13;13;13m [38;2;13;13;13m [38;2;76;27;55m.[38;2;112;42;89m:[38;2;104;38;73m:[38;2;218;85;164m=[38;2;188;68;125m-[38;2;122;55;76m:[38;2;251;249;248m@[38;2;93;34;49m:[38;2;156;124;132m+[38;2;203;189;193m#[38;2;79;15;36m.[38;2;177;153;161m*[38;2;171;147;157m+[38;2;110;23;60m:[38;2;189;68;151m=[38;2;219;85;188m=[38;2;103;39;87m:[38;2;115;41;76m:[38;2;76;29;52m.[38;2;12;13;13m [38;2;13;13;13m [38;2;13;13;13m [0m
[38;2;13;13;13m [38;2;13;13;13m [38;2;13;13;13m [38;2;76;25;52m.[38;2;63;22;44m.[38;2;99;36;71m:[38;2;219;80;162m=[38;2;187;65;125m-[38;2;120;56;76m-[38;2;251;249;249m@[38;2;99;37;53m:[38;2;103;50;65m:[38;2;249;246;245m@[38;2;70;28;41m.[38;2;232;227;229m%[38;2;122;72;90m-[38;2;116;22;59m:[38;2;175;49;132m-[38;2;201;61;161m-[38;2;98;35;80m:[38;2;62;20;41m.[38;2;75;29;57m.[38;2;12;13;13m [38;2;13;13;13m [38;2;13;13;13m [0m
[38;2;13;13;13m [38;2;13;13;13m [38;2;13;13;13m [38;2;76;25;53m.[38;2;81;24;56m.[38;2;95;30;64m:[38;2;201;59;136m-[38;2;176;48;107m-[38;2;126;64;85m-[38;2;250;249;248m@[38;2;114;55;70m:[38;2;95;25;43m.[38;2;214;205;206m#[38;2;160;144;148m+[38;2;235;228;229m%[38;2;85;17;40m.[38;2;114;18;54m.[38;2;171;43;118m-[38;2;195;53;140m-[38;2;92;31;72m:[38;2;80;27;59m.[38;2;75;28;60m.[38;2;13;13;13m [38;2;13;13;13m [38;2;13;13;13m [0m
[38;2;13;13;13m [38;2;13;13;13m [38;2;13;13;13m [38;2;75;24;53m.[38;2;124;39;92m:[38;2;51;21;39m.[38;2;191;70;136m=[38;2;173;56;110m-[38;2;126;64;87m-[38;2;250;249;250m@[38;2;105;43;60m:[38;2;106;28;47m:[38;2;155;125;130m+[38;2;250;251;249m@[38;2;179;156;163m*[38;2;94;13;39m.[38;2;116;16;52m.[38;2;171;44;113m-[38;2;193;55;138m-[38;2;52;24;41m.[38;2;126;43;101m:[38;2;75;27;59m.[38;2;13;13;13m [38;2;13;13;13m [38;2;13;13;13m [0m
[38;2;13;13;13m [38;2;13;13;13m [38;2;13;13;13m [38;2;76;24;51m.[38;2;123;37;89m:[38;2;15;14;13m [38;2;62;26;51m.[38;2;169;63;121m-[38;2;134;76;101m-[38;2;228;219;224m%[38;2;104;36;57m:[38;2;118;34;56m:[38;2;105;50;62m:[38;2;228;222;222m%[38;2;122;73;87m-[38;2;109;16;46m.[38;2;123;17;55m.[38;2;158;40;102m:[38;2;57;21;49m.[38;2;18;13;14m [38;2;124;44;100m:[38;2;75;28;60m.[38;2;13;13;13m [38;2;13;13;13m [38;2;13;13;13m [0m
[38;2;13;13;13m [38;2;13;13;13m [38;2;13;13;13m [38;2;75;24;54m.[38;2;94;31;72m:[38;2;80;24;54m.[38;2;55;19;37m.[38;2;29;16;28m.[38;2;76;26;49m.[38;2;114;38;69m:[38;2;119;29;61m:[38;2;121;28;57m:[38;2;102;16;41m.[38;2;90;13;33m.[38;2;98;16;38m.[38;2;122;22;53m:[38;2;87;21;43m.[38;2;27;15;26m.[38;2;51;15;29m.[38;2;82;27;52m.[38;2;95;30;72m:[38;2;74;27;57m.[38;2;13;13;12m [38;2;13;13;13m [38;2;13;13;13m [0m
[38;2;13;13;13m [38;2;13;13;13m [38;2;13;13;13m [38;2;73;24;51m.[38;2;61;21;46m.[38;2;78;25;58m.[38;2;167;46;109m-[38;2;47;17;34m.[38;2;18;11;16m [38;2;135;49;85m:[38;2;130;33;71m:[38;2;129;27;64m:[38;2;99;27;51m:[38;2;128;30;59m:[38;2;121;19;49m:[38;2;121;27;58m:[38;2;17;13;14m [38;2;50;18;32m.[38;2;183;44;104m-[38;2;85;35;62m:[38;2;57;18;37m.[38;2;74;27;55m.[38;2;13;13;12m [38;2;13;13;13m [38;2;13;13;13m [0m
[38;2;13;13;13m [38;2;13;13;13m [38;2;13;13;13m [38;2;73;23;45m.[38;2;121;32;73m:[38;2;16;10;15m [38;2;117;40;93m:[38;2;161;51;112m-[38;2;45;25;37m.[38;2;63;31;46m.[38;2;137;38;79m:[38;2;79;25;47m.[38;2;13;12;14m [38;2;77;24;41m.[38;2;131;31;63m:[38;2;51;20;30m.[38;2;39;18;27m.[38;2;163;45;91m-[38;2;123;37;76m:[38;2;18;12;16m [38;2;116;36;79m:[38;2;76;28;55m.[38;2;13;13;13m [38;2;13;13;13m [38;2;13;13;13m [0m
[38;2;13;13;13m [38;2;13;13;13m [38;2;13;13;13m [38;2;74;23;41m.[38;2;233;62;126m=[38;2;114;37;73m:[38;2;17;13;17m [38;2;111;39;87m:[38;2;131;39;86m:[38;2;38;17;30m.[38;2;39;18;30m.[38;2;35;34;35m.[38;2;170;169;166m*[38;2;38;35;34m.[38;2;40;18;26m.[38;2;40;22;30m.[38;2;127;44;73m:[38;2;108;33;68m:[38;2;18;13;15m.[38;2;109;34;68m:[38;2;241;74;152m=[38;2;76;27;51m.[38;2;13;13;13m [38;2;13;13;13m [38;2;13;13;13m [0m
[38;2;13;13;13m [38;2;13;13;13m [38;2;13;13;13m [38;2;73;23;37m.[38;2;224;54;98m-[38;2;233;72;133m=[38;2;113;38;74m:[38;2;18;13;16m.[38;2;96;34;70m:[38;2;127;38;84m:[38;2;37;18;27m.[38;2;93;87;88m-[38;2;244;230;232m%[38;2;93;89;89m-[38;2;34;17;23m.[38;2;129;62;87m-[38;2;98;35;58m:[38;2;17;13;14m [38;2;107;29;54m:[38;2;237;69;132m=[38;2;240;70;133m=[38;2;74;27;49m.[38;2;13;13;13m [38;2;13;13;13m [38;2;13;13;13m [0m
[38;2;13;13;13m [38;2;13;13;13m [38;2;13;13;13m [38;2;75;22;33m.[38;2;230;56;100m-[38;2;151;54;98m-[38;2;204;57;124m-[38;2;170;43;103m-[38;2;20;11;16m [38;2;106;43;80m:[38;2;116;35;77m:[38;2;34;13;25m.[38;2;55;53;55m:[38;2;34;14;22m.[38;2;111;25;56m:[38;2;93;25;51m.[38;2;21;11;16m [38;2;166;38;79m:[38;2;208;58;115m-[38;2;154;53;101m-[38;2;240;72;130m=[38;2;78;30;49m.[38;2;13;13;13m [38;2;13;13;13m [38;2;13;13;13m [0m
[38;2;13;13;13m [38;2;13;13;13m [38;2;13;13;13m [38;2;72;20;27m.[38;2;145;40;62m:[38;2;17;12;15m [38;2;43;16;31m.[38;2;208;57;131m-[38;2;113;31;75m:[38;2;20;12;17m [38;2;95;28;62m:[38;2;104;22;62m.[38;2;44;13;30m.[38;2;100;17;48m.[38;2;92;22;50m.[38;2;18;12;16m [38;2;106;25;54m:[38;2;207;52;112m-[38;2;44;19;34m.[38;2;17;12;15m [38;2;152;48;94m-[38;2;77;27;46m.[38;2;13;13;13m [38;2;13;13;13m [38;2;13;13;13m [0m
[38;2;13;13;13m [38;2;13;13;13m [38;2;13;13;13m [38;2;33;18;18m.[38;2;17;11;13m [38;2;13;13;13m [38;2;13;13;14m [38;2;35;16;27m.[38;2;83;25;56m.[38;2;107;27;65m:[38;2;21;11;18m [38;2;57;19;38m.[38;2;50;14;31m.[38;2;51;17;32m.[38;2;19;13;18m.[38;2;97;23;55m.[38;2;86;25;56m.[38;2;34;15;25m.[38;2;12;12;13m [38;2;13;13;13m [38;2;18;12;15m [38;2;32;18;26m.[38;2;12;13;13m [38;2;13;13;13m [38;2;13;13;13m [0m
[38;2;13;13;13m [38;2;13;13;13m [38;2;13;13;13m [38;2;13;13;14m [38;2;13;13;14m [38;2;11;14;13m [38;2;13;13;13m [38;2;13;13;11m [38;2;19;13;14m.[38;2;126;50;96m:[38;2;103;25;64m:[38;2;26;12;18m.[38;2;24;13;17m.[38;2;25;12;18m.[38;2;96;22;57m.[38;2;126;51;95m:[38;2;19;12;16m [38;2;12;12;15m [38;2;13;13;13m [38;2;13;13;13m [38;2;11;14;13m [38;2;12;14;11m [38;2;13;13;13m [38;2;13;13;13m [38;2;13;13;13m [0m
[38;2;13;13;13m [38;2;13;13;13m [38;2;13;13;13m [38;2;13;13;13m [38;2;13;13;13m [38;2;13;13;13m [38;2;13;13;13m [38;2;13;13;13m [38;2;13;13;13m [38;2;13;13;13m [38;2;68;23;50m.[38;2;107;32;73m:[38;2;103;31;70m:[38;2;103;31;68m:[38;2;67;22;51m.[38;2;13;13;13m [38;2;13;13;13m [38;2;13;13;13m [38;2;13;13;13m [38;2;13;13;13m [38;2;13;13;13m [38;2;13;13;13m [38;2;13;13;13m [38;2;13;13;13m [38;2;13;13;13m [0m
[38;2;2;2;2m [38;2;13;13;13m [38;2;13;13;13m [38;2;13;13;13m [38;2;13;13;13m [38;2;13;13;13m [38;2;13;13;13m [38;2;13;13;13m [38;2;13;13;13m [38;2;13;13;13m [38;2;14;14;14m [38;2;13;13;13m [38;2;13;13;13m [38;2;13;13;13m [38;2;13;13;13m [38;2;13;13;13m [38;2;13;13;13m [38;2;13;13;13m [38;2;13;13;13m [38;2;13;13;13m [38;2;13;13;13m [38;2;13;13;13m [38;2;13;13;13m [38;2;13;13;13m [38;2;2;2;2m [0m
[38;2;0;0;0m [38;2;2;2;2m [38;2;13;13;13m [38;2;13;13;13m [38;2;10;10;10m [38;2;4;4;4m [38;2;13;13;13m [38;2;13;13;13m [38;2;13;13;13m [38;2;13;13;13m [38;2;13;13;13m [38;2;13;13;13m [38;2;13;13;13m [38;2;13;13;13m [38;2;13;13;13m [38;2;13;13;13m [38;2;13;13;13m [38;2;13;13;13m [38;2;13;13;13m [38;2;4;4;4m [38;2;10;10;10m [38;2;13;13;13m [38;2;13;13;13m [38;2;2;2;2m [38;2;0;0;0m [0m
[38;2;0;0;0m [38;2;0;0;0m [38;2;0;0;0m [38;2;0;0;0m [38;2;0;0;0m [38;2;0;0;0m [38;2;0;0;0m [38;2;5;5;5m [38;2;13;13;13m [38;2;13;13;13m [38;2;13;13;13m [38;2;13;13;13m [38;2;13;13;13m [38;2;13;13;13m [38;2;13;13;13m [38;2;13;13;13m [38;2;13;13;13m [38;2;5;5;5m [38;2;0;0;0m [38;2;0;0;0m [38;2;0;0;0m [38;2;0;0;0m [38;2;0;0;0m [38;2;0;0;0m [38;2;0;0;0m [0m
