[38;2;2;2;2m [38;2;13;13;13m [38;2;13;13;13m [38;2;13;13;13m [38;2;13;13;13m [38;2;13;13;13m [38;2;13;13;13m [38;2;13;13;13m [38;2;13;13;13m [38;2;13;13;13m [38;2;13;13;13m [38;2;13;13;13m [38;2;13;13;13m [38;2;13;13;13m [38;2;13;13;13m [38;2;13;13;13m [38;2;13;13;13m [38;2;13;13;13m [38;2;13;13;13m [38;2;13;13;13m [38;2;13;13;13m [38;2;13;13;13m [38;2;13;13;13m [38;2;13;13;13m [38;2;2;2;2m [0m
[38;2;13;13;13m [38;2;13;13;13m [38;2;13;13;13m [38;2;13;13;13m [38;2;13;13;13m [38;2;13;13;13m [38;2;13;13;13m [38;2;13;13;13m [38;2;13;13;13m [38;2;13;13;13m [38;2;13;13;13m [38;2;13;13;13m [38;2;12;13;13m [38;2;13;13;13m [38;2;13;13;13m [38;2;13;13;13m [38;2;13;13;13m [38;2;13;13;13m [38;2;13;13;13m [38;2;13;13;13m [38;2;13;13;13m [38;2;13;13;13m [38;2;13;13;13m [38;2;13;13;13m [38;2;13;13;13m [0m
[38;2;13;13;13m [38;2;13;13;13m [38;2;13;13;13m [38;2;13;13;13m [38;2;16;12;13m [38;2;16;11;13m [38;2;18;11;15m [38;2;112;36;80m:[38;2;130;50;107m-[38;2;20;13;16m.[38;2;27;12;19m.[38;2;150;75;102m-[38;2;141;77;89m-[38;2;151;71;84m-[38;2;28;13;14m.[38;2;19;11;13m [38;2;123;46;46m:[38;2;123;44;40m:[38;2;19;12;13m [38;2;16;12;12m [38;2;16;12;12m [38;2;13;13;13m [38;2;13;13;13m [38;2;13;13;13m [38;2;13;13;13m [0m
[38;2;13;13;13m [38;2;13;13;13m [38;2;13;13;13m [38;2;54;21;36m.[38;2;155;48;99m-[38;2;199;58;120m-[38;2;126;43;88m:[38;2;118;41;88m:[38;2;120;46;93m:[38;2;108;42;84m:[38;2;106;43;78m:[38;2;130;67;97m-[38;2;122;64;82m-[38;2;133;66;83m-[38;2;109;41;46m:[38;2;109;40;41m:[38;2;120;45;43m:[38;2;120;43;41m:[38;2;129;44;44m:[38;2;205;59;59m-[38;2;153;46;46m:[38;2;54;21;22m.[38;2;13;13;13m [38;2;13;13;13m [38;2;13;13;13m [0m
[38;2;13;13;13m [38;2;13;13;13m [38;2;13;13;13m [38;2;75;30;50m.[38;2;59;24;44m.[38;2;42;20;31m.[38;2;15;12;13m [38;2;13;12;13m [38;2;14;11;13m [38;2;13;12;13m [38;2;14;14;12m [38;2;15;15;14m.[38;2;115;116;116m=[38;2;15;15;15m.[38;2;12;13;13m [38;2;13;13;11m [38;2;14;13;12m [38;2;14;13;13m [38;2;15;13;13m [38;2;44;18;19m.[38;2;58;21;21m.[38;2;72;31;32m.[38;2;13;13;12m [38;2;13;13;13m [38;2;13;13;13m [0m
[38;2;13;13;13m [38;2;13;13;13m [38;2;13;13;13m [38;2;75;31;50m.[38;2;59;24;39m.[38;2;73;35;59m:[38;2;176;74;138m=[38;2;152;52;110m-[38;2;114;19;59m.[38;2;61;18;39m.[38;2;20;18;18m.[38;2;172;169;170m*[38;2;249;248;248m@[38;2;171;148;152m+[38;2;20;16;14m.[38;2;63;18;26m.[38;2;110;18;23m.[38;2;143;44;51m:[38;2;169;61;68m-[38;2;71;29;27m.[38;2;56;22;23m.[38;2;71;31;31m.[38;2;13;13;12m [38;2;13;13;13m [38;2;13;13;13m [0m
[38;2;13;13;13m [38;2;13;13;13m [38;2;13;13;13m [38;2;75;30;47m.[38;2;104;39;66m:[38;2;56;32;47m.[38;2;98;49;84m:[38;2;87;36;69m:[38;2;71;21;43m.[38;2;68;21;41m.[38;2;21;13;17m.[38;2;124;116;120m=[38;2;164;158;158m*[38;2;124;102;105m=[38;2;22;13;17m.[38;2;69;20;34m.[38;2;67;18;28m.[38;2;83;32;40m:[38;2;99;43;52m:[38;2;50;28;28m.[38;2;102;39;40m:[38;2;73;30;31m.[38;2;13;13;12m [38;2;13;13;13m [38;2;13;13;13m [0m
[38;2;13;13;13m [38;2;13;13;13m [38;2;13;13;13m [38;2;76;30;43m.[38;2;127;50;80m:[38;2;55;27;41m.[38;2;103;44;76m:[38;2;90;35;63m:[38;2;81;24;47m.[38;2;73;17;39m.[38;2;71;14;38m.[38;2;51;14;31m.[38;2;11;12;13m [38;2;52;17;33m.[38;2;76;19;46m.[38;2;74;17;35m.[38;2;73;15;31m.[38;2;91;29;46m:[38;2;103;41;60m:[38;2;52;23;31m.[38;2;124;51;53m:[38;2;74;31;33m.[38;2;13;13;13m [38;2;13;13;13m [38;2;13;13;13m [0m
[38;2;13;13;13m [38;2;13;13;13m [38;2;13;13;13m [38;2;78;29;46m.[38;2;126;48;82m:[38;2;107;47;82m:[38;2;226;111;185m+[38;2;196;88;149m=[38;2;135;20;59m:[38;2;127;17;52m:[38;2;128;17;55m:[38;2;131;22;64m:[38;2;83;23;55m.[38;2;136;27;79m:[38;2;130;20;69m:[38;2;126;22;57m:[38;2;126;20;51m:[38;2;188;60;117m-[38;2;226;93;150m=[38;2;105;48;69m:[38;2;124;50;52m:[38;2;75;30;33m.[38;2;14;13;13m [38;2;13;13;13m [38;2;13;13;13m [0m
[38;2;13;13;13m [38;2;13;13;13m [38;2;13;13;13m [38;2;76;30;51m.[38;2;70;28;47m.[38;2;110;51;83m:[38;2;222;102;173m+[38;2;189;75;131m=[38;2;126;18;47m:[38;2;113;19;42m.[38;2;109;16;43m.[38;2;113;18;48m.[38;2;123;24;61m:[38;2;113;19;54m.[38;2;108;17;53m.[38;2;116;21;60m:[38;2;135;33;73m:[38;2;188;67;132m-[38;2;225;95;160m=[38;2;104;51;80m:[38;2;73;23;28m.[38;2;75;30;36m.[38;2;14;13;13m [38;2;13;13;13m [38;2;13;13;13m [0m
[38;2;13;13;13m [38;2;13;13;13m [38;2;13;13;13m [38;2;77;29;53m.[38;2;67;24;47m.[38;2;106;44;77m:[38;2;219;88;151m=[38;2;187;67;119m-[38;2;113;17;38m.[38;2;111;49;62m:[38;2;120;69;81m-[38;2;87;22;40m.[38;2;140;91;106m=[38;2;87;22;43m.[38;2;119;68;87m-[38;2;117;56;82m-[38;2;130;38;79m:[38;2;192;70;147m=[38;2;219;86;166m=[38;2;100;44;78m:[38;2;66;21;32m.[38;2;75;31;43m.[38;2;14;13;13m [38;2;13;13;13m [38;2;13;13;13m [0m
[38;2;13;13;13m [38;2;13;13;13m [38;2;13;13;13m [38;2;76;29;52m.[38;2;178;89;126m=[38;2;109;43;80m:[38;2;216;87;154m=[38;2;182;63;110m-[38;2;108;17;36m.[38;2;154;121;126m+[38;2;198;187;187m#[38;2;79;35;46m:[38;2;255;253;252m@[38;2;85;39;54m:[38;2;196;182;187m#[38;2;162;132;144m+[38;2;111;22;60m:[38;2;180;62;139m-[38;2;220;82;173m=[38;2;105;39;79m:[38;2;176;93;119m=[38;2;73;31;45m.[38;2;13;13;13m [38;2;13;13;13m [38;2;13;13;13m [0m
[38;2;13;13;13m [38;2;13;13;13m [38;2;13;13;13m [38;2;76;28;53m.[38;2;110;42;80m:[38;2;97;40;72m:[38;2;212;83;148m=[38;2;180;62;109m-[38;2;108;16;35m.[38;2;155;121;127m+[38;2;198;187;187m#[38;2;80;36;46m:[38;2;255;253;254m@[38;2;84;38;53m:[38;2;195;182;185m#[38;2;163;132;145m+[38;2;111;24;61m:[38;2;183;64;143m-[38;2;215;82;177m=[38;2;99;38;78m:[38;2;111;42;75m:[38;2;73;29;49m.[38;2;13;13;13m [38;2;13;13;13m [38;2;13;13;13m [0m
[38;2;13;13;13m [38;2;13;13;13m [38;2;13;13;13m [38;2;75;26;51m.[38;2;62;21;42m.[38;2;95;36;66m:[38;2;211;80;149m=[38;2;177;61;112m-[38;2;101;14;31m.[38;2;152;121;125m+[38;2;197;186;188m#[38;2;77;35;44m:[38;2;255;253;252m@[38;2;86;40;53m:[38;2;194;182;184m#[38;2;162;131;143m+[38;2;105;16;49m.[38;2;177;47;125m-[38;2;201;62;156m-[38;2;92;34;77m:[38;2;59;20;37m.[38;2;73;29;52m.[38;2;13;13;13m [38;2;13;13;13m [38;2;13;13;13m [0m
[38;2;13;13;13m [38;2;13;13;13m [38;2;13;13;13m [38;2;75;26;50m.[38;2;80;25;55m.[38;2;92;29;61m:[38;2;196;56;119m-[38;2;163;43;90m-[38;2;107;14;37m.[38;2;155;122;128m+[38;2;198;186;187m#[38;2;76;35;41m:[38;2;255;253;253m@[38;2;87;40;54m:[38;2;193;181;184m*[38;2;161;129;140m+[38;2;105;15;46m.[38;2;163;39;111m:[38;2;194;52;138m-[38;2;90;29;69m:[38;2;81;25;56m.[38;2;72;28;57m.[38;2;13;12;14m [38;2;13;13;13m [38;2;13;13;13m [0m
[38;2;13;13;13m [38;2;13;13;13m [38;2;13;13;13m [38;2;75;24;49m.[38;2;122;37;84m:[38;2;52;19;38m.[38;2;179;52;117m-[38;2;165;40;93m:[38;2;110;14;41m.[38;2;155;122;130m+[38;2;199;186;186m#[38;2;79;35;41m:[38;2;255;253;253m@[38;2;82;35;49m:[38;2;196;182;187m#[38;2;160;129;140m+[38;2;107;16;47m.[38;2;166;40;101m-[38;2;185;46;127m-[38;2;47;19;42m.[38;2;123;42;95m:[38;2;74;26;58m.[38;2;13;13;12m [38;2;13;13;13m [38;2;13;13;13m [0m
[38;2;13;13;13m [38;2;13;13;13m [38;2;13;13;13m [38;2;74;23;49m.[38;2;121;36;83m:[38;2;16;14;16m.[38;2;55;20;41m.[38;2;154;39;89m:[38;2;115;14;46m.[38;2;148;105;118m=[38;2;182;162;165m*[38;2;82;31;41m:[38;2;230;221;221m%[38;2;89;37;50m:[38;2;183;162;168m*[38;2;156;116;130m=[38;2;113;14;49m.[38;2;155;37;98m:[38;2;55;23;50m.[38;2;18;12;16m [38;2;125;41;94m:[38;2;74;26;56m.[38;2;13;13;12m [38;2;13;13;13m [38;2;13;13;13m [0m
[38;2;13;13;13m [38;2;13;13;13m [38;2;13;13;13m [38;2;73;24;49m.[38;2;92;29;67m:[38;2;76;23;49m.[38;2;50;14;29m.[38;2;27;14;24m.[38;2;78;16;37m.[38;2;101;12;40m.[38;2;90;11;33m.[38;2;90;13;32m.[38;2;91;14;34m.[38;2;105;22;46m.[38;2;101;24;48m.[38;2;109;24;53m:[38;2;80;20;40m.[38;2;27;14;25m.[38;2;51;15;29m.[38;2;80;23;51m.[38;2;92;29;68m:[38;2;74;25;54m.[38;2;13;13;12m [38;2;13;13;13m [38;2;13;13;13m [0m
[38;2;13;13;13m [38;2;13;13;13m [38;2;13;13;13m [38;2;72;24;48m.[38;2;58;19;40m.[38;2;77;26;56m.[38;2;162;42;98m-[38;2;46;15;31m.[38;2;17;11;15m [38;2;112;17;49m.[38;2;112;13;45m.[38;2;117;18;48m.[38;2;92;22;44m.[38;2;129;28;60m:[38;2;124;24;55m:[38;2;122;29;62m:[38;2;16;12;15m [38;2;47;16;27m.[38;2;177;47;102m-[38;2;81;27;56m.[38;2;56;17;37m.[38;2;75;25;54m.[38;2;13;13;12m [38;2;13;13;13m [38;2;13;13;13m [0m
[38;2;13;13;13m [38;2;13;13;13m [38;2;13;13;13m [38;2;73;22;44m.[38;2;113;29;63m:[38;2;18;11;15m [38;2;118;45;92m:[38;2;154;51;108m-[38;2;39;19;29m.[38;2;50;15;28m.[38;2;122;16;53m.[38;2;73;16;35m.[38;2;13;13;11m [38;2;75;22;39m.[38;2;131;33;65m:[38;2;57;19;31m.[38;2;37;15;22m.[38;2;158;43;87m:[38;2;130;51;90m:[38;2;16;12;15m [38;2;115;32;73m:[38;2;76;26;54m.[38;2;13;13;12m [38;2;11;14;13m [38;2;13;13;13m [0m
[38;2;13;13;13m [38;2;13;13;13m [38;2;13;13;13m [38;2;72;22;35m.[38;2;222;53;101m-[38;2;105;26;57m:[38;2;15;13;15m [38;2;106;37;85m:[38;2;126;36;83m:[38;2;36;15;26m.[38;2;37;14;24m.[38;2;36;34;33m.[38;2;169;167;163m*[38;2;39;36;35m.[38;2;39;17;24m.[38;2;38;14;21m.[38;2;114;18;48m.[38;2;103;34;63m:[38;2;17;13;16m [38;2;109;33;67m:[38;2;242;69;150m=[38;2;77;27;51m.[38;2;14;13;12m [38;2;13;13;13m [38;2;13;13;13m [0m
[38;2;13;13;13m [38;2;13;13;13m [38;2;13;13;13m [38;2;72;22;31m.[38;2;213;47;76m-[38;2;214;48;96m-[38;2;109;26;58m:[38;2;17;10;17m [38;2;88;20;56m.[38;2;109;16;58m.[38;2;32;14;24m.[38;2;92;87;87m-[38;2;242;228;228m%[38;2;95;87;86m-[38;2;36;15;20m.[38;2;112;24;53m:[38;2;87;19;42m.[38;2;15;11;13m [38;2;108;29;58m:[38;2;241;72;133m=[38;2;236;62;127m=[38;2;76;26;47m.[38;2;14;13;13m [38;2;13;13;13m [38;2;13;13;13m [0m
[38;2;13;13;13m [38;2;13;13;13m [38;2;13;13;13m [38;2;70;21;25m.[38;2;212;45;62m-[38;2;140;37;69m:[38;2;198;48;110m-[38;2;164;35;88m:[38;2;20;10;15m [38;2;91;16;52m.[38;2;107;16;58m.[38;2;34;13;22m.[38;2;55;53;55m:[38;2;32;13;21m.[38;2;108;19;50m.[38;2;90;21;46m.[38;2;18;11;15m [38;2;167;36;80m:[38;2;209;57;113m-[38;2;155;47;97m-[38;2;236;61;125m=[38;2;75;25;44m.[38;2;14;13;13m [38;2;13;13;13m [38;2;13;13;13m [0m
[38;2;13;13;13m [38;2;13;13;13m [38;2;13;13;13m [38;2;71;20;25m.[38;2;141;36;49m:[38;2;17;13;15m [38;2;41;16;28m.[38;2;201;45;106m-[38;2;109;26;62m:[38;2;18;11;16m [38;2;86;17;49m.[38;2;98;17;50m.[38;2;44;14;28m.[38;2;99;16;47m.[38;2;89;19;46m.[38;2;18;12;17m [38;2;105;25;55m:[38;2;205;50;107m-[38;2;42;18;30m.[38;2;17;13;16m [38;2;149;42;82m:[38;2;73;23;39m.[38;2;14;13;13m [38;2;13;13;13m [38;2;13;13;13m [0m
[38;2;13;13;13m [38;2;13;13;13m [38;2;13;13;13m [38;2;33;17;18m.[38;2;16;12;14m [38;2;13;13;13m [38;2;13;13;13m [38;2;33;16;23m.[38;2;83;25;53m.[38;2;105;26;61m:[38;2;20;11;17m [38;2;51;14;32m.[38;2;49;14;31m.[38;2;49;15;29m.[38;2;20;11;16m [38;2;99;24;56m.[38;2;89;27;61m:[38;2;35;15;26m.[38;2;13;13;13m [38;2;13;13;14m [38;2;17;12;14m [38;2;32;18;23m.[38;2;13;13;13m [38;2;13;13;13m [38;2;13;13;13m [0m
[38;2;13;13;13m [38;2;13;13;13m [38;2;13;13;13m [38;2;13;13;13m [38;2;13;13;13m [38;2;13;13;13m [38;2;13;13;13m [38;2;13;13;13m [38;2;22;12;15m.[38;2;125;45;85m:[38;2;100;26;61m:[38;2;25;12;17m.[38;2;25;12;17m.[38;2;24;12;18m.[38;2;97;23;58m.[38;2;127;50;94m:[38;2;19;13;18m.[38;2;12;13;13m [38;2;13;13;13m [38;2;13;13;13m [38;2;13;13;13m [38;2;13;13;13m [38;2;13;13;13m [38;2;13;13;13m [38;2;13;13;13m [0m
[38;2;13;13;13m [38;2;13;13;13m [38;2;13;13;13m [38;2;13;13;13m [38;2;13;13;13m [38;2;13;13;13m [38;2;13;13;13m [38;2;13;13;13m [38;2;13;13;13m [38;2;12;14;13m [38;2;67;21;42m.[38;2;103;31;69m:[38;2;102;31;69m:[38;2;104;31;67m:[38;2;68;23;51m.[38;2;12;13;13m [38;2;13;13;13m [38;2;13;13;13m [38;2;13;13;13m [38;2;13;13;13m [38;2;13;13;13m [38;2;13;13;13m [38;2;13;13;13m [38;2;13;13;13m [38;2;13;13;13m [0m
[38;2;2;2;2m [38;2;13;13;13m [38;2;13;13;13m [38;2;13;13;13m [38;2;13;13;13m [38;2;13;13;13m [38;2;13;13;13m [38;2;13;13;13m [38;2;13;13;13m [38;2;13;13;13m [38;2;13;13;13m [38;2;13;13;13m [38;2;13;13;13m [38;2;13;13;13m [38;2;13;13;13m [38;2;13;13;13m [38;2;13;13;13m [38;2;13;13;13m [38;2;13;13;13m [38;2;13;13;13m [38;2;13;13;13m [38;2;13;13;13m [38;2;13;13;13m [38;2;13;13;13m [38;2;2;2;2m [0m
[38;2;0;0;0m [38;2;2;2;2m [38;2;13;13;13m [38;2;13;13;13m [38;2;10;10;10m [38;2;4;4;4m [38;2;13;13;13m [38;2;13;13;13m [38;2;13;13;13m [38;2;13;13;13m [38;2;13;13;13m [38;2;13;13;13m [38;2;13;13;13m [38;2;13;13;13m [38;2;13;13;13m [38;2;13;13;13m [38;2;13;13;13m [38;2;13;13;13m [38;2;13;13;13m [38;2;4;4;4m [38;2;10;10;10m [38;2;13;13;13m [38;2;13;13;13m [38;2;2;2;2m [38;2;0;0;0m [0m
[38;2;0;0;0m [38;2;0;0;0m [38;2;0;0;0m [38;2;0;0;0m [38;2;0;0;0m [38;2;0;0;0m [38;2;0;0;0m [38;2;5;5;5m [38;2;13;13;13m [38;2;13;13;13m [38;2;13;13;13m [38;2;13;13;13m [38;2;13;13;13m [38;2;13;13;13m [38;2;13;13;13m [38;2;13;13;13m [38;2;13;13;13m [38;2;5;5;5m [38;2;0;0;0m [38;2;0;0;0m [38;2;0;0;0m [38;2;0;0;0m [38;2;0;0;0m [38;2;0;0;0m [38;2;0;0;0m [0m
