[38;2;3;3;3m [38;2;13;13;13m [38;2;13;13;13m [38;2;13;13;13m [38;2;13;13;13m [38;2;13;13;13m [38;2;13;13;13m [38;2;13;13;13m [38;2;13;13;13m [38;2;13;13;13m [38;2;13;13;13m [38;2;13;13;13m [38;2;13;13;13m [38;2;13;13;13m [38;2;13;13;13m [38;2;13;13;13m [38;2;13;13;13m [38;2;13;13;13m [38;2;13;13;13m [38;2;13;13;13m [38;2;13;13;13m [38;2;13;13;13m [38;2;13;13;13m [38;2;13;13;13m [38;2;3;3;3m [0m
[38;2;13;13;13m [38;2;13;13;13m [38;2;13;13;13m [38;2;13;13;13m [38;2;13;13;13m [38;2;13;13;13m [38;2;13;13;13m [38;2;13;13;13m [38;2;13;13;13m [38;2;13;13;13m [38;2;13;13;13m [38;2;13;13;13m [38;2;13;13;13m [38;2;13;13;13m [38;2;13;13;13m [38;2;13;13;13m [38;2;13;13;13m [38;2;13;13;13m [38;2;13;13;13m [38;2;13;13;13m [38;2;13;13;13m [38;2;13;13;13m [38;2;13;13;13m [38;2;13;13;13m [38;2;13;13;13m [0m
[38;2;13;13;13m [38;2;13;13;13m [38;2;13;13;13m [38;2;13;13;13m [38;2;40;22;20m.[38;2;44;24;20m.[38;2;44;24;21m.[38;2;43;22;20m.[38;2;42;21;19m.[38;2;43;22;19m.[38;2;44;22;20m.[38;2;42;23;20m.[38;2;42;23;20m.[38;2;44;22;20m.[38;2;46;25;23m.[38;2;48;24;21m.[38;2;47;21;19m.[38;2;46;20;19m.[38;2;45;20;18m.[38;2;47;20;14m.[38;2;40;19;14m.[38;2;13;13;13m [38;2;13;13;13m [38;2;13;13;13m [38;2;13;13;13m [0m
[38;2;13;13;13m [38;2;13;13;13m [38;2;13;13;13m [38;2;82;53;45m:[38;2;139;75;61m-[38;2;124;66;57m-[38;2;32;18;16m.[38;2;19;13;14m.[38;2;19;13;14m.[38;2;20;14;13m.[38;2;20;14;13m.[38;2;19;13;12m.[38;2;19;13;12m.[38;2;20;14;13m.[38;2;24;15;15m.[38;2;23;15;14m.[38;2;21;15;13m.[38;2;21;14;13m.[38;2;41;18;17m.[38;2;122;47;32m:[38;2;140;64;43m-[38;2;68;38;26m:[38;2;12;13;13m [38;2;13;13;13m [38;2;13;13;13m [0m
[38;2;13;13;13m [38;2;13;13;13m [38;2;13;13;14m [38;2;115;81;72m-[38;2;20;14;14m.[38;2;13;13;13m [38;2;13;13;13m [38;2;13;13;13m [38;2;13;13;13m [38;2;13;13;13m [38;2;13;13;13m [38;2;13;13;13m [38;2;13;13;13m [38;2;13;13;13m [38;2;13;13;13m [38;2;13;13;13m [38;2;13;13;13m [38;2;13;13;13m [38;2;13;13;13m [38;2;14;14;12m [38;2;41;26;21m.[38;2;95;64;45m:[38;2;11;13;11m [38;2;13;13;13m [38;2;13;13;13m [0m
[38;2;13;13;13m [38;2;13;13;13m [38;2;13;13;13m [38;2;115;81;71m-[38;2;20;14;14m.[38;2;27;15;15m.[38;2;159;56;48m-[38;2;150;45;36m:[38;2;135;39;32m:[38;2;137;44;36m:[38;2;147;54;44m-[38;2;82;34;29m:[38;2;71;33;29m.[38;2;78;35;30m:[38;2;147;62;49m-[38;2;153;69;54m-[38;2;149;67;51m-[38;2;160;81;64m-[38;2;164;86;73m=[38;2;25;18;16m.[38;2;40;29;20m.[38;2;98;68;48m-[38;2;11;13;13m [38;2;13;13;13m [38;2;13;13;13m [0m
[38;2;13;13;13m [38;2;13;13;13m [38;2;13;13;14m [38;2;68;46;41m:[38;2;14;14;12m [38;2;50;22;21m.[38;2;241;91;78m=[38;2;215;75;63m=[38;2;175;43;33m:[38;2;181;49;38m-[38;2;202;70;57m-[38;2;205;77;61m=[38;2;204;79;62m=[38;2;201;76;58m=[38;2;196;71;54m-[38;2;192;71;55m-[38;2;204;89;71m=[38;2;230;120;100m+[38;2;240;114;93m+[38;2;39;25;23m.[38;2;21;17;15m.[38;2;68;45;37m:[38;2;13;13;13m [38;2;13;13;13m [38;2;13;13;13m [0m
[38;2;13;13;13m [38;2;13;13;13m [38;2;13;12;14m [38;2;38;26;24m.[38;2;12;13;12m [38;2;52;23;21m.[38;2;237;88;75m=[38;2;219;84;68m=[38;2;167;40;27m:[38;2;153;25;17m:[38;2;172;42;32m:[38;2;181;55;42m-[38;2;176;51;39m-[38;2;182;55;43m-[38;2;179;53;39m-[38;2;177;55;40m-[38;2;191;76;58m-[38;2;225;122;99m+[38;2;241;125;101m+[38;2;38;27;23m.[38;2;13;13;12m [38;2;50;32;25m.[38;2;11;13;12m [38;2;13;13;13m [38;2;13;13;13m [0m
[38;2;13;13;13m [38;2;13;13;13m [38;2;13;13;14m [38;2;39;27;24m.[38;2;13;13;13m [38;2;49;22;21m.[38;2;223;72;60m=[38;2;215;83;68m=[38;2;161;32;22m:[38;2;150;20;14m:[38;2;147;23;16m:[38;2;154;31;22m:[38;2;158;34;24m:[38;2;166;44;33m:[38;2;148;34;26m:[38;2;158;41;27m:[38;2;184;69;51m-[38;2;224;125;101m+[38;2;241;128;102m+[38;2;39;27;24m.[38;2;14;13;12m [38;2;50;32;27m.[38;2;13;13;14m [38;2;13;13;13m [38;2;13;13;13m [0m
[38;2;13;13;13m [38;2;13;13;13m [38;2;13;13;13m [38;2;91;59;50m:[38;2;17;14;13m.[38;2;48;23;22m.[38;2;221;72;59m=[38;2;207;77;61m=[38;2;158;34;23m:[38;2;145;25;16m:[38;2;140;20;15m:[38;2;143;23;21m:[38;2;139;20;17m:[38;2;140;25;19m:[38;2;139;26;19m:[38;2;149;34;23m:[38;2;170;62;43m-[38;2;219;124;99m+[38;2;241;137;108m*[38;2;36;28;23m.[38;2;30;20;15m.[38;2;81;54;39m:[38;2;12;13;13m [38;2;13;13;13m [38;2;13;13;13m [0m
[38;2;13;13;13m [38;2;13;13;13m [38;2;13;13;13m [38;2;113;70;59m-[38;2;20;13;13m.[38;2;48;24;23m.[38;2;233;89;74m=[38;2;210;82;66m=[38;2;152;32;19m:[38;2;154;33;25m:[38;2;124;33;33m:[38;2;152;94;91m=[38;2;106;19;15m.[38;2;145;81;80m-[38;2;129;49;46m:[38;2;149;38;23m:[38;2;181;72;52m-[38;2;224;137;109m+[38;2;248;158;126m*[38;2;36;27;23m.[38;2;38;26;18m.[38;2;95;64;47m:[38;2;11;13;13m [38;2;13;13;13m [38;2;13;13;13m [0m
[38;2;13;13;13m [38;2;13;13;13m [38;2;13;13;13m [38;2;113;65;56m-[38;2;18;13;11m [38;2;46;26;22m.[38;2;237;107;88m+[38;2;211;97;76m=[38;2;155;36;23m:[38;2;145;26;19m:[38;2;128;68;67m-[38;2;251;249;248m@[38;2;80;16;11m.[38;2;224;213;213m%[38;2;160;111;108m=[38;2;163;53;38m-[38;2;185;76;53m-[38;2;229;149;120m*[38;2;248;171;143m#[38;2;37;29;26m.[38;2;39;25;19m.[38;2;93;55;42m:[38;2;12;13;13m [38;2;13;13;13m [38;2;13;13;13m [0m
[38;2;13;13;13m [38;2;13;13;13m [38;2;13;13;13m [38;2;111;61;53m-[38;2;19;13;11m [38;2;46;29;25m.[38;2;245;128;107m+[38;2;215;111;88m+[38;2;152;43;27m:[38;2;129;22;13m:[38;2;124;69;68m-[38;2;252;249;248m@[38;2;80;16;12m.[38;2;225;214;213m%[38;2;165;117;113m=[38;2;175;64;49m-[38;2;196;89;66m=[38;2;225;145;116m*[38;2;245;163;137m*[38;2;38;29;27m.[38;2;39;22;18m.[38;2;92;51;39m:[38;2;11;13;13m [38;2;13;13;13m [38;2;13;13;13m [0m
[38;2;13;13;13m [38;2;13;13;13m [38;2;13;13;12m [38;2;52;31;26m.[38;2;13;13;12m [38;2;46;29;25m.[38;2;241;133;111m+[38;2;217;116;93m+[38;2;163;54;38m-[38;2;143;38;25m:[38;2;128;74;69m-[38;2;252;249;249m@[38;2;79;15;11m.[38;2;224;213;212m%[38;2;169;121;115m+[38;2;174;70;52m-[38;2;200;99;74m=[38;2;226;140;113m*[38;2;240;143;116m*[38;2;39;29;26m.[38;2;15;13;11m [38;2;46;28;25m.[38;2;12;13;11m [38;2;13;13;13m [38;2;13;13;13m [0m
[38;2;13;13;13m [38;2;13;13;13m [38;2;12;13;13m [38;2;49;27;26m.[38;2;12;12;13m [38;2;45;29;26m.[38;2;243;138;116m*[38;2;214;116;94m+[38;2;165;61;43m-[38;2;145;42;26m:[38;2;133;80;74m-[38;2;252;249;249m@[38;2;78;15;9m.[38;2;223;212;210m%[38;2;168;120;114m+[38;2;168;63;46m-[38;2;183;79;58m=[38;2;219;121;97m+[38;2;236;134;108m+[38;2;38;27;24m.[38;2;15;12;12m [38;2;46;30;28m.[38;2;12;14;11m [38;2;13;13;13m [38;2;13;13;13m [0m
[38;2;13;13;13m [38;2;13;13;13m [38;2;13;13;12m [38;2;44;24;24m.[38;2;12;13;13m [38;2;46;28;25m.[38;2;244;148;122m*[38;2;217;131;107m+[38;2;166;68;49m-[38;2;146;46;29m:[38;2;141;87;79m-[38;2;252;249;248m@[38;2;80;19;12m.[38;2;222;213;210m%[38;2;156;111;105m=[38;2;137;36;19m:[38;2;157;53;35m-[38;2;208;106;83m=[38;2;238;136;108m+[38;2;36;26;22m.[38;2;14;12;11m [38;2;46;31;30m.[38;2;11;13;13m [38;2;13;13;13m [38;2;13;13;13m [0m
[38;2;13;13;13m [38;2;13;13;13m [38;2;13;13;13m [38;2;42;24;23m.[38;2;12;13;13m [38;2;46;29;27m.[38;2;241;152;127m*[38;2;217;134;110m+[38;2;169;74;53m-[38;2;164;62;44m-[38;2;153;88;80m=[38;2;231;222;217m%[38;2;90;25;16m.[38;2;206;188;185m#[38;2;146;95;91m=[38;2;150;46;30m:[38;2;165;59;40m-[38;2;209;106;83m=[38;2;240;140;112m*[38;2;34;24;21m.[38;2;13;12;12m [38;2;45;31;30m.[38;2;11;13;13m [38;2;13;13;13m [38;2;13;13;13m [0m
[38;2;13;13;13m [38;2;13;13;13m [38;2;13;13;13m [38;2;51;31;24m.[38;2;12;14;11m [38;2;46;31;27m.[38;2;241;159;135m*[38;2;216;131;106m+[38;2;180;90;65m=[38;2;187;80;60m=[38;2;161;58;42m-[38;2;142;49;36m:[38;2;140;41;29m:[38;2;118;29;17m:[38;2;126;30;19m:[38;2;169;59;41m-[38;2;177;67;49m-[38;2;212;110;87m+[38;2;245;154;129m*[38;2;34;25;21m.[38;2;14;12;11m [38;2;47;30;28m.[38;2;12;13;13m [38;2;13;13;13m [38;2;13;13;13m [0m
[38;2;13;13;13m [38;2;13;13;13m [38;2;12;13;13m [38;2;113;60;45m:[38;2;21;13;12m.[38;2;15;15;12m.[38;2;171;116;101m=[38;2;216;136;113m+[38;2;190;101;76m=[38;2;190;82;61m=[38;2;184;70;51m-[38;2;178;63;46m-[38;2;161;48;31m:[38;2;154;42;27m:[38;2;162;51;35m-[38;2;174;58;41m-[38;2;191;81;61m=[38;2;212;110;88m+[38;2;169;106;90m=[38;2;17;13;11m [38;2;39;20;19m.[38;2;86;44;38m:[38;2;11;13;11m [38;2;13;13;13m [38;2;13;13;13m [0m
[38;2;13;13;13m [38;2;13;13;13m [38;2;13;13;13m [38;2;78;47;35m:[38;2;78;40;30m:[38;2;14;12;11m [38;2;22;16;13m.[38;2;151;89;71m=[38;2;190;104;79m=[38;2;191;89;68m=[38;2;194;84;65m=[38;2;186;76;57m-[38;2;153;44;29m:[38;2;162;44;29m:[38;2;179;62;45m-[38;2;187;75;57m-[38;2;199;90;72m=[38;2;147;74;62m-[38;2;21;15;13m.[38;2;13;13;11m [38;2;90;45;40m:[38;2;56;31;28m.[38;2;13;13;13m [38;2;13;13;13m [38;2;13;13;13m [0m
[38;2;13;13;13m [38;2;13;13;13m [38;2;13;13;13m [38;2;13;13;13m [38;2;90;53;41m:[38;2;81;45;33m:[38;2;14;12;14m [38;2;20;16;14m.[38;2;141;75;58m-[38;2;183;88;67m=[38;2;173;71;52m-[38;2;159;53;35m-[38;2;151;42;26m:[38;2;167;53;38m-[38;2;186;73;57m-[38;2;196;87;68m=[38;2;144;64;51m-[38;2;20;15;11m.[38;2;12;13;11m [38;2;86;44;39m:[38;2;80;41;35m:[38;2;13;13;12m [38;2;13;13;13m [38;2;13;13;13m [38;2;13;13;13m [0m
[38;2;13;13;13m [38;2;13;13;13m [38;2;13;13;13m [38;2;13;13;13m [38;2;13;13;13m [38;2;92;50;39m:[38;2;85;43;32m:[38;2;13;14;12m [38;2;21;15;15m.[38;2;148;73;56m-[38;2;184;84;65m=[38;2;164;57;39m-[38;2;161;50;34m-[38;2;167;55;39m-[38;2;176;68;50m-[38;2;142;61;48m-[38;2;22;14;13m.[38;2;13;13;11m [38;2;87;47;39m:[38;2;77;44;37m:[38;2;13;12;13m [38;2;13;13;13m [38;2;13;13;13m [38;2;13;13;13m [38;2;13;13;13m [0m
[38;2;3;3;3m [38;2;13;13;13m [38;2;13;13;13m [38;2;13;13;13m [38;2;13;13;13m [38;2;14;12;13m [38;2;89;45;37m:[38;2;82;34;25m:[38;2;12;13;11m [38;2;25;16;16m.[38;2;154;74;56m-[38;2;185;79;59m=[38;2;192;81;62m=[38;2;199;87;68m=[38;2;151;64;52m-[38;2;25;14;13m.[38;2;13;13;13m [38;2;87;37;27m:[38;2;74;34;29m.[38;2;14;13;13m [38;2;13;13;13m [38;2;13;13;13m [38;2;13;13;13m [38;2;13;13;13m [38;2;3;3;3m [0m
[38;2;0;0;0m [38;2;4;4;4m [38;2;13;13;13m [38;2;13;13;13m [38;2;13;13;13m [38;2;13;13;13m [38;2;13;13;13m [38;2;79;33;25m.[38;2;86;38;29m:[38;2;12;15;13m.[38;2;28;17;16m.[38;2;95;41;34m:[38;2;103;46;39m:[38;2;106;48;40m:[38;2;26;17;16m.[38;2;12;14;14m [38;2;90;36;29m:[38;2;75;29;24m.[38;2;12;12;13m [38;2;12;13;13m [38;2;13;13;12m [38;2;13;13;12m [38;2;13;13;13m [38;2;4;4;4m [38;2;0;0;0m [0m
[38;2;0;0;0m [38;2;0;0;0m [38;2;4;4;4m [38;2;13;13;13m [38;2;13;13;13m [38;2;13;13;13m [38;2;13;13;13m [38;2;13;12;12m [38;2;80;40;30m:[38;2;89;46;34m:[38;2;14;13;14m [38;2;13;14;12m [38;2;13;13;13m [38;2;13;13;13m [38;2;13;13;13m [38;2;94;48;38m:[38;2;72;36;29m:[38;2;12;13;14m [38;2;13;13;13m [38;2;13;13;13m [38;2;13;13;13m [38;2;13;13;13m [38;2;4;4;4m [38;2;0;0;0m [38;2;0;0;0m [0m
[38;2;0;0;0m [38;2;0;0;0m [38;2;0;0;0m [38;2;4;4;4m [38;2;13;13;13m [38;2;13;13;13m [38;2;13;13;13m [38;2;13;13;13m [38;2;13;13;13m [38;2;78;38;28m:[38;2;87;27;19m.[38;2;25;15;14m.[38;2;27;18;16m.[38;2;29;19;17m.[38;2;101;63;53m:[38;2;71;43;37m:[38;2;12;13;10m [38;2;12;13;12m [38;2;12;14;13m [38;2;12;13;13m [38;2;13;13;13m [38;2;4;4;4m [38;2;0;0;0m [38;2;0;0;0m [38;2;0;0;0m [0m
[38;2;0;0;0m [38;2;0;0;0m [38;2;0;0;0m [38;2;0;0;0m [38;2;4;4;4m [38;2;13;13;13m [38;2;13;13;13m [38;2;13;13;13m [38;2;13;13;13m [38;2;13;12;15m [38;2;56;19;14m.[38;2;96;33;26m:[38;2;104;49;41m:[38;2;109;58;51m:[38;2;63;39;33m:[38;2;11;14;11m [38;2;12;13;13m [38;2;13;13;13m [38;2;13;13;13m [38;2;13;13;13m [38;2;4;4;4m [38;2;0;0;0m [38;2;0;0;0m [38;2;0;0;0m [38;2;0;0;0m [0m
[38;2;0;0;0m [38;2;0;0;0m [38;2;0;0;0m [38;2;0;0;0m [38;2;0;0;0m [38;2;5;5;5m [38;2;13;13;13m [38;2;13;13;13m [38;2;13;13;13m [38;2;13;13;13m [38;2;13;13;13m [38;2;13;13;13m [38;2;13;13;13m [38;2;13;13;13m [38;2;13;13;13m [38;2;13;13;13m [38;2;13;13;13m [38;2;13;13;13m [38;2;13;13;13m [38;2;5;5;5m [38;2;0;0;0m [38;2;0;0;0m [38;2;0;0;0m [38;2;0;0;0m [38;2;0;0;0m [0m
[38;2;0;0;0m [38;2;0;0;0m [38;2;0;0;0m [38;2;0;0;0m [38;2;0;0;0m [38;2;0;0;0m [38;2;5;5;5m [38;2;13;13;13m [38;2;13;13;13m [38;2;13;13;13m [38;2;13;13;13m [38;2;13;13;13m [38;2;13;13;13m [38;2;13;13;13m [38;2;13;13;13m [38;2;13;13;13m [38;2;13;13;13m [38;2;13;13;13m [38;2;5;5;5m [38;2;0;0;0m [38;2;0;0;0m [38;2;0;0;0m [38;2;0;0;0m [38;2;0;0;0m [38;2;0;0;0m [0m
[38;2;0;0;0m [38;2;0;0;0m [38;2;0;0;0m [38;2;0;0;0m [38;2;0;0;0m [38;2;0;0;0m [38;2;0;0;0m [38;2;5;5;5m [38;2;13;13;13m [38;2;13;13;13m [38;2;13;13;13m [38;2;13;13;13m [38;2;13;13;13m [38;2;13;13;13m [38;2;13;13;13m [38;2;13;13;13m [38;2;13;13;13m [38;2;5;5;5m [38;2;0;0;0m [38;2;0;0;0m [38;2;0;0;0m [38;2;0;0;0m [38;2;0;0;0m [38;2;0;0;0m [38;2;0;0;0m [0m
