[38;2;3;3;3m [38;2;13;13;13m [38;2;13;13;13m [38;2;13;13;13m [38;2;13;13;13m [38;2;13;13;13m [38;2;13;13;13m [38;2;13;13;13m [38;2;13;13;13m [38;2;13;13;13m [38;2;13;13;13m [38;2;13;13;13m [38;2;13;13;13m [38;2;13;13;13m [38;2;13;13;13m [38;2;13;13;13m [38;2;13;13;13m [38;2;13;13;13m [38;2;13;13;13m [38;2;13;13;13m [38;2;13;13;13m [38;2;13;13;13m [38;2;13;13;13m [38;2;13;13;13m [38;2;3;3;3m [0m
[38;2;13;13;13m [38;2;13;13;13m [38;2;13;13;13m [38;2;13;13;13m [38;2;13;13;13m [38;2;13;13;13m [38;2;13;13;13m [38;2;13;13;13m [38;2;13;13;13m [38;2;13;13;13m [38;2;13;13;13m [38;2;13;13;13m [38;2;13;13;13m [38;2;13;13;13m [38;2;13;13;13m [38;2;13;13;13m [38;2;13;13;13m [38;2;13;13;13m [38;2;13;13;13m [38;2;13;13;13m [38;2;13;13;13m [38;2;13;13;13m [38;2;13;13;13m [38;2;13;13;13m [38;2;13;13;13m [0m
[38;2;13;13;13m [38;2;13;13;13m [38;2;13;13;13m [38;2;14;12;13m [38;2;44;24;22m.[38;2;43;22;19m.[38;2;42;23;19m.[38;2;43;22;19m.[38;2;44;23;21m.[38;2;45;24;22m.[38;2;43;22;18m.[38;2;43;22;18m.[38;2;44;21;18m.[38;2;47;21;18m.[38;2;46;21;18m.[38;2;45;20;17m.[38;2;44;19;16m.[38;2;43;18;15m.[38;2;44;18;15m.[38;2;47;17;13m.[38;2;40;18;14m.[38;2;13;13;12m [38;2;13;13;13m [38;2;13;13;13m [38;2;13;13;13m [0m
[38;2;13;13;13m [38;2;13;13;13m [38;2;13;13;13m [38;2;86;59;52m:[38;2;145;92;80m=[38;2;125;73;61m-[38;2;32;20;15m.[38;2;20;15;14m.[38;2;22;14;14m.[38;2;22;14;14m.[38;2;20;13;15m.[38;2;20;14;15m.[38;2;20;14;15m.[38;2;21;15;15m.[38;2;21;15;14m.[38;2;20;14;15m.[38;2;20;13;15m.[38;2;20;13;15m.[38;2;42;18;18m.[38;2;120;32;29m:[38;2;140;36;30m:[38;2;68;26;23m.[38;2;12;14;13m [38;2;13;13;13m [38;2;13;13;13m [0m
[38;2;13;13;13m [38;2;13;13;13m [38;2;12;13;14m [38;2;117;89;79m-[38;2;19;15;14m.[38;2;12;14;13m [38;2;14;14;13m [38;2;13;13;13m [38;2;13;13;13m [38;2;13;13;13m [38;2;13;13;13m [38;2;14;12;13m [38;2;13;13;13m [38;2;13;13;13m [38;2;13;13;13m [38;2;13;13;13m [38;2;13;13;13m [38;2;13;13;13m [38;2;13;13;13m [38;2;13;13;13m [38;2;40;23;16m.[38;2;95;55;39m:[38;2;13;13;11m [38;2;13;13;13m [38;2;13;13;13m [0m
[38;2;13;13;13m [38;2;13;13;13m [38;2;13;13;13m [38;2;116;78;68m-[38;2;20;15;12m.[38;2;27;15;14m.[38;2;162;53;47m-[38;2;149;46;36m:[38;2;135;38;29m:[38;2;136;41;31m:[38;2;138;47;36m:[38;2;78;31;25m.[38;2;68;31;26m.[38;2;76;32;26m.[38;2;138;53;42m:[38;2;138;55;43m-[38;2;138;57;44m-[38;2;156;80;64m-[38;2;163;94;78m=[38;2;22;18;16m.[38;2;40;26;17m.[38;2;96;59;41m:[38;2;13;12;13m [38;2;13;13;13m [38;2;13;13;13m [0m
[38;2;13;13;13m [38;2;13;13;13m [38;2;13;13;13m [38;2;65;36;33m.[38;2;14;13;12m [38;2;48;20;18m.[38;2;238;76;65m=[38;2;214;72;56m=[38;2;182;52;39m-[38;2;190;57;45m-[38;2;186;54;42m-[38;2;188;60;46m-[38;2;184;62;46m-[38;2;181;60;43m-[38;2;175;55;38m-[38;2;175;58;40m-[38;2;181;67;49m-[38;2;216;118;94m+[38;2;247;143;117m*[38;2;38;24;21m.[38;2;23;17;14m.[38;2;66;39;30m:[38;2;13;13;11m [38;2;13;13;13m [38;2;13;13;13m [0m
[38;2;13;13;13m [38;2;13;13;13m [38;2;13;13;14m [38;2;39;20;18m.[38;2;13;13;13m [38;2;47;20;19m.[38;2;231;73;60m=[38;2;211;70;54m-[38;2;176;48;35m-[38;2;179;46;34m-[38;2;178;43;32m-[38;2;163;33;22m:[38;2;157;29;17m:[38;2;175;47;34m-[38;2;174;47;33m-[38;2;168;44;29m:[38;2;170;56;39m-[38;2;216;122;98m+[38;2;246;153;125m*[38;2;36;25;20m.[38;2;15;14;12m [38;2;52;29;26m.[38;2;12;13;13m [38;2;13;13;13m [38;2;13;13;13m [0m
[38;2;13;13;13m [38;2;13;13;13m [38;2;12;13;14m [38;2;39;25;22m.[38;2;13;13;13m [38;2;46;21;20m.[38;2;232;79;64m=[38;2;214;76;61m=[38;2;166;39;27m:[38;2;159;29;19m:[38;2;156;26;20m:[38;2;144;18;12m:[38;2;154;27;22m:[38;2;178;50;41m-[38;2;184;57;45m-[38;2;178;52;37m-[38;2;168;55;38m-[38;2;220;127;104m+[38;2;242;150;121m*[38;2;36;25;20m.[38;2;14;13;11m [38;2;52;29;24m.[38;2;13;12;13m [38;2;13;13;13m [38;2;13;13;13m [0m
[38;2;13;13;13m [38;2;13;13;13m [38;2;13;13;13m [38;2;89;64;53m:[38;2;17;14;13m.[38;2;47;22;19m.[38;2;231;90;74m=[38;2;213;85;67m=[38;2;161;35;24m:[38;2;140;15;10m.[38;2;133;12;10m.[38;2;122;12;13m.[38;2;129;28;28m:[38;2;172;46;43m-[38;2;182;51;46m-[38;2;191;63;48m-[38;2;177;67;47m-[38;2;216;127;99m+[38;2;244;154;127m*[38;2;36;25;21m.[38;2;30;20;17m.[38;2;81;53;40m:[38;2;12;13;13m [38;2;13;13;13m [38;2;13;13;13m [0m
[38;2;13;13;13m [38;2;13;13;13m [38;2;13;12;12m [38;2;114;83;71m-[38;2;20;14;13m.[38;2;48;23;20m.[38;2;231;91;76m=[38;2;213;89;70m=[38;2;169;46;34m-[38;2;139;16;11m.[38;2;129;12;9m.[38;2;110;13;13m.[38;2;160;116;114m=[38;2;148;42;37m:[38;2;171;45;41m-[38;2;183;57;42m-[38;2;180;71;51m-[38;2;220;135;107m+[38;2;247;168;140m*[38;2;35;27;23m.[38;2;38;26;19m.[38;2;94;60;44m:[38;2;13;13;12m [38;2;13;13;13m [38;2;13;13;13m [0m
[38;2;13;13;13m [38;2;13;13;13m [38;2;12;13;12m [38;2;114;81;67m-[38;2;19;14;12m.[38;2;46;23;20m.[38;2;223;89;71m=[38;2;218;96;76m=[38;2;171;52;37m-[38;2;143;24;15m:[38;2;129;18;17m.[38;2;109;34;37m:[38;2;243;240;239m%[38;2;116;30;28m:[38;2;151;36;25m:[38;2;158;45;29m:[38;2;169;68;47m-[38;2;227;148;122m*[38;2;249;178;150m#[38;2;35;27;23m.[38;2;41;24;18m.[38;2;93;54;41m:[38;2;13;13;13m [38;2;13;13;13m [38;2;13;13;13m [0m
[38;2;13;13;13m [38;2;13;13;13m [38;2;12;13;13m [38;2;113;79;66m-[38;2;19;15;12m.[38;2;46;24;21m.[38;2;216;84;67m=[38;2;201;86;68m=[38;2;138;56;42m-[38;2;126;48;42m:[38;2;112;39;39m:[38;2;153;117;114m=[38;2;254;254;254m@[38;2;146;102;101m=[38;2;123;53;43m:[38;2;125;56;44m:[38;2;148;71;55m-[38;2;221;152;125m*[38;2;247;175;147m#[38;2;35;26;23m.[38;2;40;21;16m.[38;2;91;43;34m:[38;2;11;13;13m [38;2;13;13;13m [38;2;13;13;13m [0m
[38;2;13;13;13m [38;2;13;13;13m [38;2;13;13;12m [38;2;49;31;26m.[38;2;13;13;12m [38;2;45;25;22m.[38;2;221;95;76m=[38;2;201;88;69m=[38;2;134;59;52m-[38;2;208;189;188m#[38;2;255;254;254m@[38;2;255;255;255m@[38;2;255;255;255m@[38;2;254;255;254m@[38;2;254;255;253m@[38;2;204;181;176m#[38;2;149;78;61m-[38;2;214;145;120m*[38;2;244;170;142m*[38;2;36;25;22m.[38;2;16;12;13m [38;2;48;30;24m.[38;2;13;12;13m [38;2;13;13;13m [38;2;13;13;13m [0m
[38;2;13;13;13m [38;2;13;13;13m [38;2;13;13;12m [38;2;41;26;23m.[38;2;13;12;14m [38;2;47;26;24m.[38;2;230;110;89m+[38;2;211;101;79m=[38;2;150;51;31m:[38;2;109;27;18m:[38;2;166;138;132m+[38;2;255;255;254m@[38;2;255;255;255m@[38;2;254;254;254m@[38;2;167;129;122m+[38;2;146;53;39m-[38;2;183;81;62m=[38;2;221;147;121m*[38;2;242;160;133m*[38;2;36;24;21m.[38;2;13;12;13m [38;2;47;30;27m.[38;2;13;12;12m [38;2;13;13;13m [38;2;13;13;13m [0m
[38;2;13;13;13m [38;2;13;13;13m [38;2;13;13;13m [38;2;43;24;22m.[38;2;12;13;13m [38;2;46;28;23m.[38;2;228;117;94m+[38;2;210;107;83m=[38;2;159;61;42m-[38;2;133;37;19m:[38;2;147;103;94m=[38;2;255;254;255m@[38;2;254;253;253m@[38;2;255;255;255m@[38;2;153;91;88m=[38;2;180;61;47m-[38;2;203;90;69m=[38;2;224;143;118m*[38;2;243;157;130m*[38;2;37;26;22m.[38;2;13;13;13m [38;2;47;31;28m.[38;2;11;13;12m [38;2;13;13;13m [38;2;13;13;13m [0m
[38;2;13;13;13m [38;2;13;13;13m [38;2;14;13;13m [38;2;41;22;19m.[38;2;13;13;13m [38;2;48;30;25m.[38;2;230;131;105m+[38;2;210;113;89m+[38;2;176;83;62m=[38;2;135;47;29m:[38;2;197;176;173m*[38;2;192;171;165m*[38;2;107;53;44m:[38;2;207;187;185m#[38;2;193;159;154m*[38;2;178;64;48m-[38;2;213;98;74m=[38;2;219;132;108m+[38;2;244;151;125m*[38;2;37;24;21m.[38;2;14;13;13m [38;2;49;33;30m.[38;2;11;13;11m [38;2;13;13;13m [38;2;13;13;13m [0m
[38;2;13;13;13m [38;2;13;13;13m [38;2;13;13;13m [38;2;46;20;14m.[38;2;13;13;12m [38;2;47;29;26m.[38;2;232;138;111m*[38;2;215;125;97m+[38;2;202;113;88m+[38;2;145;66;47m-[38;2;149;105;94m=[38;2;115;30;16m:[38;2;131;28;16m:[38;2;118;34;20m:[38;2;156;109;101m=[38;2;151;54;39m-[38;2;192;82;60m=[38;2;221;127;104m+[38;2;243;155;131m*[38;2;35;23;19m.[38;2;16;13;12m [38;2;48;34;32m.[38;2;11;13;12m [38;2;13;13;13m [38;2;13;13;13m [0m
[38;2;13;13;13m [38;2;13;13;13m [38;2;13;13;13m [38;2;110;36;32m:[38;2;20;12;13m [38;2;15;13;14m [38;2;162;99;81m=[38;2;218;127;101m+[38;2;209;122;96m+[38;2;179;86;66m=[38;2;148;51;32m:[38;2;154;45;28m:[38;2;140;30;17m:[38;2;140;30;17m:[38;2;144;38;23m:[38;2;162;53;38m-[38;2;192;82;63m=[38;2;218;124;100m+[38;2;170;104;86m=[38;2;15;13;14m [38;2;40;25;21m.[38;2;91;57;49m:[38;2;12;13;13m [38;2;13;13;13m [38;2;13;13;13m [0m
[38;2;13;13;13m [38;2;13;13;13m [38;2;13;13;14m [38;2;74;24;21m.[38;2;75;20;18m.[38;2;13;13;12m [38;2;21;16;16m.[38;2;163;96;76m=[38;2;217;130;101m+[38;2;209;111;86m+[38;2;178;73;52m-[38;2;157;50;32m-[38;2;149;36;22m:[38;2;159;43;28m:[38;2;179;60;43m-[38;2;186;71;54m-[38;2;193;86;65m=[38;2;151;78;62m-[38;2;19;15;12m.[38;2;14;13;12m [38;2;91;55;44m:[38;2;58;37;32m.[38;2;13;13;13m [38;2;13;13;13m [38;2;13;13;13m [0m
[38;2;13;13;13m [38;2;13;13;13m [38;2;13;13;13m [38;2;13;13;13m [38;2;89;23;22m.[38;2;78;16;18m.[38;2;13;12;11m [38;2;23;17;14m.[38;2;164;97;78m=[38;2;211;115;90m+[38;2;186;84;62m=[38;2;166;57;39m-[38;2;161;46;30m:[38;2;169;50;34m-[38;2;183;66;49m-[38;2;194;83;65m=[38;2;145;63;52m-[38;2;21;15;12m.[38;2;12;13;10m [38;2;90;49;44m:[38;2;81;45;39m:[38;2;12;13;12m [38;2;13;13;13m [38;2;13;13;13m [38;2;13;13;13m [0m
[38;2;13;13;13m [38;2;13;13;13m [38;2;13;13;13m [38;2;13;13;13m [38;2;13;13;13m [38;2;85;25;19m.[38;2;79;33;22m.[38;2;13;13;12m [38;2;21;17;14m.[38;2;158;84;65m-[38;2;192;91;70m=[38;2;181;67;51m-[38;2;175;60;44m-[38;2;183;67;50m-[38;2;194;81;62m=[38;2;153;66;52m-[38;2;22;14;15m.[38;2;13;13;12m [38;2;88;48;40m:[38;2;79;44;35m:[38;2;12;13;11m [38;2;12;13;13m [38;2;13;13;13m [38;2;13;13;13m [38;2;13;13;13m [0m
[38;2;3;3;3m [38;2;13;13;13m [38;2;13;13;13m [38;2;13;13;13m [38;2;13;13;13m [38;2;13;13;13m [38;2;82;43;33m:[38;2;84;37;27m:[38;2;13;13;11m [38;2;23;17;16m.[38;2;153;74;56m-[38;2;203;88;70m=[38;2;195;81;62m=[38;2;195;81;64m=[38;2;158;67;52m-[38;2;23;16;13m.[38;2;12;13;13m [38;2;93;46;38m:[38;2;75;40;34m:[38;2;12;12;12m [38;2;13;13;13m [38;2;13;13;13m [38;2;13;13;13m [38;2;13;13;13m [38;2;3;3;3m [0m
[38;2;0;0;0m [38;2;4;4;4m [38;2;13;13;13m [38;2;13;13;13m [38;2;13;13;13m [38;2;13;13;13m [38;2;13;13;13m [38;2;83;39;33m:[38;2;84;41;28m:[38;2;14;12;14m [38;2;27;16;18m.[38;2;98;46;36m:[38;2;99;43;33m:[38;2;101;44;35m:[38;2;25;15;15m.[38;2;12;13;14m [38;2;90;44;37m:[38;2;73;37;31m:[38;2;12;11;11m [38;2;12;13;13m [38;2;12;13;12m [38;2;13;13;12m [38;2;13;13;13m [38;2;4;4;4m [38;2;0;0;0m [0m
[38;2;0;0;0m [38;2;0;0;0m [38;2;4;4;4m [38;2;13;13;13m [38;2;13;13;13m [38;2;13;13;13m [38;2;13;13;13m [38;2;14;12;12m [38;2;82;47;35m:[38;2;89;44;32m:[38;2;14;13;14m [38;2;14;13;13m [38;2;13;13;13m [38;2;13;13;13m [38;2;13;13;13m [38;2;99;55;46m:[38;2;75;43;35m:[38;2;14;12;13m [38;2;13;13;13m [38;2;13;13;13m [38;2;13;13;13m [38;2;13;13;13m [38;2;4;4;4m [38;2;0;0;0m [38;2;0;0;0m [0m
[38;2;0;0;0m [38;2;0;0;0m [38;2;0;0;0m [38;2;4;4;4m [38;2;13;13;13m [38;2;13;13;13m [38;2;13;13;13m [38;2;13;13;13m [38;2;13;13;13m [38;2;76;39;29m:[38;2;88;37;28m:[38;2;29;16;13m.[38;2;25;17;14m.[38;2;25;17;14m.[38;2;96;38;30m:[38;2;69;31;29m.[38;2;13;13;13m [38;2;13;13;13m [38;2;13;13;13m [38;2;13;13;13m [38;2;13;13;13m [38;2;4;4;4m [38;2;0;0;0m [38;2;0;0;0m [38;2;0;0;0m [0m
[38;2;0;0;0m [38;2;0;0;0m [38;2;0;0;0m [38;2;0;0;0m [38;2;4;4;4m [38;2;13;13;13m [38;2;13;13;13m [38;2;13;13;13m [38;2;13;13;13m [38;2;13;13;15m [38;2;63;30;26m.[38;2;100;43;33m:[38;2;97;40;31m:[38;2;98;38;32m:[38;2;57;22;18m.[38;2;13;13;11m [38;2;13;13;13m [38;2;13;13;13m [38;2;13;13;13m [38;2;13;13;13m [38;2;4;4;4m [38;2;0;0;0m [38;2;0;0;0m [38;2;0;0;0m [38;2;0;0;0m [0m
[38;2;0;0;0m [38;2;0;0;0m [38;2;0;0;0m [38;2;0;0;0m [38;2;0;0;0m [38;2;5;5;5m [38;2;13;13;13m [38;2;13;13;13m [38;2;13;13;13m [38;2;13;13;13m [38;2;13;13;13m [38;2;13;13;13m [38;2;13;13;13m [38;2;13;13;13m [38;2;13;13;13m [38;2;13;13;13m [38;2;13;13;12m [38;2;13;13;12m [38;2;13;13;13m [38;2;5;5;5m [38;2;0;0;0m [38;2;0;0;0m [38;2;0;0;0m [38;2;0;0;0m [38;2;0;0;0m [0m
[38;2;0;0;0m [38;2;0;0;0m [38;2;0;0;0m [38;2;0;0;0m [38;2;0;0;0m [38;2;0;0;0m [38;2;5;5;5m [38;2;13;13;13m [38;2;13;13;13m [38;2;13;13;13m [38;2;13;13;13m [38;2;13;13;13m [38;2;13;13;13m [38;2;13;13;13m [38;2;13;13;13m [38;2;13;13;13m [38;2;13;13;13m [38;2;13;13;13m [38;2;5;5;5m [38;2;0;0;0m [38;2;0;0;0m [38;2;0;0;0m [38;2;0;0;0m [38;2;0;0;0m [38;2;0;0;0m [0m
[38;2;0;0;0m [38;2;0;0;0m [38;2;0;0;0m [38;2;0;0;0m [38;2;0;0;0m [38;2;0;0;0m [38;2;0;0;0m [38;2;5;5;5m [38;2;13;13;13m [38;2;13;13;13m [38;2;13;13;13m [38;2;13;13;13m [38;2;13;13;13m [38;2;13;13;13m [38;2;13;13;13m [38;2;13;13;13m [38;2;13;13;13m [38;2;5;5;5m [38;2;0;0;0m [38;2;0;0;0m [38;2;0;0;0m [38;2;0;0;0m [38;2;0;0;0m [38;2;0;0;0m [38;2;0;0;0m [0m
