[38;2;3;3;3m [38;2;13;13;13m [38;2;13;13;13m [38;2;13;13;13m [38;2;13;13;13m [38;2;13;13;13m [38;2;13;13;13m [38;2;13;13;13m [38;2;13;13;13m [38;2;13;13;13m [38;2;13;13;13m [38;2;13;13;13m [38;2;13;13;13m [38;2;13;13;13m [38;2;13;13;13m [38;2;13;13;13m [38;2;13;13;13m [38;2;13;13;13m [38;2;13;13;13m [38;2;13;13;13m [38;2;13;13;13m [38;2;13;13;13m [38;2;13;13;13m [38;2;13;13;13m [38;2;3;3;3m [0m
[38;2;13;13;13m [38;2;13;13;13m [38;2;13;13;13m [38;2;13;13;13m [38;2;13;13;13m [38;2;13;13;13m [38;2;13;13;13m [38;2;13;13;13m [38;2;13;13;13m [38;2;13;13;13m [38;2;13;13;13m [38;2;13;13;13m [38;2;13;13;13m [38;2;13;13;13m [38;2;13;13;13m [38;2;13;13;13m [38;2;13;13;13m [38;2;13;13;13m [38;2;13;13;13m [38;2;13;13;13m [38;2;13;13;13m [38;2;13;13;13m [38;2;13;13;13m [38;2;13;13;13m [38;2;13;13;13m [0m
[38;2;13;13;13m [38;2;13;13;13m [38;2;13;13;13m [38;2;14;13;14m [38;2;46;27;25m.[38;2;52;29;26m.[38;2;49;29;25m.[38;2;47;29;25m.[38;2;48;30;26m.[38;2;46;26;24m.[38;2;48;25;23m.[38;2;47;24;23m.[38;2;47;25;20m.[38;2;47;26;21m.[38;2;49;27;23m.[38;2;53;31;27m.[38;2;53;31;26m.[38;2;51;27;22m.[38;2;51;30;24m.[38;2;53;33;24m.[38;2;46;29;23m.[38;2;14;13;13m [38;2;13;13;13m [38;2;13;13;13m [38;2;13;13;13m [0m
[38;2;13;13;13m [38;2;13;13;13m [38;2;12;13;13m [38;2;85;46;41m:[38;2;138;51;44m:[38;2;117;61;50m-[38;2;27;17;15m.[38;2;18;12;13m [38;2;16;11;11m [38;2;17;12;12m [38;2;16;12;12m [38;2;15;12;11m [38;2;16;13;12m [38;2;16;13;13m [38;2;16;13;13m [38;2;17;14;14m.[38;2;18;15;14m.[38;2;17;14;13m.[38;2;34;20;19m.[38;2;121;65;50m-[38;2;134;65;45m-[38;2;75;51;38m:[38;2;13;13;13m [38;2;13;13;13m [38;2;13;13;13m [0m
[38;2;13;13;13m [38;2;13;13;13m [38;2;13;13;12m [38;2;113;73;65m-[38;2;21;15;14m.[38;2;14;13;12m [38;2;13;13;13m [38;2;14;13;13m [38;2;13;13;13m [38;2;13;13;13m [38;2;13;13;13m [38;2;13;13;13m [38;2;13;13;13m [38;2;13;13;13m [38;2;13;13;13m [38;2;13;13;13m [38;2;13;13;13m [38;2;13;13;13m [38;2;13;13;13m [38;2;14;13;13m [38;2;34;20;16m.[38;2;104;70;49m-[38;2;12;13;12m [38;2;13;13;13m [38;2;13;13;13m [0m
[38;2;13;13;13m [38;2;13;13;13m [38;2;13;13;13m [38;2;113;68;60m-[38;2;23;15;14m.[38;2;25;16;17m.[38;2;165;73;68m-[38;2;158;56;47m-[38;2;148;53;43m-[38;2;143;52;43m:[38;2;147;58;49m-[38;2;81;36;29m:[38;2;71;30;25m.[38;2;80;34;29m:[38;2;136;58;47m-[38;2;139;54;42m-[38;2;147;62;49m-[38;2;162;85;70m=[38;2;164;97;83m=[38;2;25;19;17m.[38;2;32;20;14m.[38;2;103;76;56m-[38;2;12;13;13m [38;2;13;13;13m [38;2;13;13;13m [0m
[38;2;13;13;13m [38;2;13;13;13m [38;2;13;13;13m [38;2;71;53;48m:[38;2;17;16;15m.[38;2;48;27;25m.[38;2;241;93;86m=[38;2;223;93;81m=[38;2;193;65;52m-[38;2;188;56;45m-[38;2;180;52;39m-[38;2;192;66;53m-[38;2;193;71;58m-[38;2;176;61;45m-[38;2;162;52;37m-[38;2;177;62;48m-[38;2;196;87;69m=[38;2;222;128;104m+[38;2;239;131;109m+[38;2;42;30;28m.[38;2;19;15;13m.[38;2;67;48;36m:[38;2;12;13;12m [38;2;13;13;13m [38;2;13;13;13m [0m
[38;2;13;13;13m [38;2;13;13;13m [38;2;13;13;13m [38;2;46;31;28m.[38;2;13;13;13m [38;2;47;25;22m.[38;2;243;102;89m+[38;2;228;107;92m+[38;2;192;56;45m-[38;2;175;41;31m:[38;2;162;41;32m:[38;2;150;37;27m:[38;2;162;42;31m:[38;2;171;46;34m-[38;2;173;54;39m-[38;2;182;64;49m-[38;2;184;69;51m-[38;2;224;123;99m+[38;2;239;132;111m+[38;2;41;30;27m.[38;2;14;12;13m [38;2;56;37;30m.[38;2;12;13;12m [38;2;13;13;13m [38;2;13;13;13m [0m
[38;2;13;13;13m [38;2;13;13;13m [38;2;13;13;14m [38;2;42;27;25m.[38;2;13;13;13m [38;2;48;24;22m.[38;2;245;99;87m+[38;2;231;107;94m+[38;2;208;72;61m=[38;2;179;44;37m-[38;2;169;39;34m:[38;2;149;31;26m:[38;2;146;29;20m:[38;2;170;41;33m:[38;2;192;64;53m-[38;2;187;62;47m-[38;2;198;82;63m=[38;2;227;115;92m+[38;2;238;122;101m+[38;2;41;31;28m.[38;2;14;12;13m [38;2;55;37;30m.[38;2;11;13;12m [38;2;13;13;13m [38;2;13;13;13m [0m
[38;2;13;13;13m [38;2;13;13;13m [38;2;13;13;14m [38;2;89;63;56m:[38;2;18;15;14m.[38;2;45;24;22m.[38;2;237;100;88m+[38;2;225;101;88m=[38;2;199;75;63m=[38;2;188;52;46m-[38;2;185;52;47m-[38;2;168;40;35m:[38;2;142;24;18m:[38;2;146;26;19m:[38;2;170;49;37m-[38;2;189;58;49m-[38;2;208;83;66m=[38;2;230;121;99m+[38;2;235;113;92m+[38;2;40;28;23m.[38;2;26;19;15m.[38;2;87;66;53m:[38;2;12;13;13m [38;2;13;13;13m [38;2;13;13;13m [0m
[38;2;13;13;13m [38;2;13;13;13m [38;2;13;13;14m [38;2;109;78;68m-[38;2;22;15;14m.[38;2;43;23;21m.[38;2;225;91;80m=[38;2;213;91;78m=[38;2;181;60;50m-[38;2;164;50;45m-[38;2;176;107;105m=[38;2;153;55;49m-[38;2;155;37;34m:[38;2;123;27;20m:[38;2;162;103;99m=[38;2;150;54;46m-[38;2;177;68;49m-[38;2;216;109;86m+[38;2;224;109;87m+[38;2;40;27;23m.[38;2;35;24;18m.[38;2;102;84;67m-[38;2;13;13;14m [38;2;13;13;13m [38;2;13;13;13m [0m
[38;2;13;13;13m [38;2;13;13;13m [38;2;14;13;13m [38;2;108;71;58m-[38;2;20;15;14m.[38;2;41;22;19m.[38;2;225;100;85m=[38;2;206;88;73m=[38;2;161;50;38m-[38;2;140;39;32m:[38;2;218;201;200m#[38;2;172;126;123m+[38;2;141;36;29m:[38;2;138;79;75m-[38;2;239;232;229m%[38;2;126;42;31m:[38;2;154;60;41m-[38;2;208;110;88m+[38;2;220;109;87m+[38;2;40;28;24m.[38;2;35;23;18m.[38;2;101;78;64m-[38;2;13;13;12m [38;2;13;13;13m [38;2;13;13;13m [0m
[38;2;13;13;13m [38;2;13;13;13m [38;2;13;13;13m [38;2;112;76;67m-[38;2;22;16;15m.[38;2;41;22;20m.[38;2;220;98;82m=[38;2;200;93;75m=[38;2;136;35;23m:[38;2;136;30;22m:[38;2;166;123;123m+[38;2;208;191;190m#[38;2;117;26;20m:[38;2;178;149;144m+[38;2;184;158;157m*[38;2;117;36;24m:[38;2;140;49;36m:[38;2;205;108;87m=[38;2;237;140;115m*[38;2;38;28;25m.[38;2;34;22;16m.[38;2;97;63;50m:[38;2;13;13;12m [38;2;13;13;13m [38;2;13;13;13m [0m
[38;2;13;13;13m [38;2;13;13;13m [38;2;13;13;12m [38;2;52;35;30m.[38;2;13;13;13m [38;2;38;23;19m.[38;2;235;124;102m+[38;2;212;125;103m+[38;2;151;46;32m:[38;2;138;31;20m:[38;2;116;49;44m:[38;2;251;248;249m@[38;2;95;36;32m:[38;2;232;223;221m%[38;2;126;84;77m-[38;2;109;30;22m:[38;2;120;40;28m:[38;2;205;116;95m+[38;2;235;136;112m+[38;2;40;29;26m.[38;2;14;12;12m [38;2;50;29;24m.[38;2;12;13;12m [38;2;13;13;13m [38;2;13;13;13m [0m
[38;2;13;13;13m [38;2;13;13;13m [38;2;13;13;13m [38;2;47;30;26m.[38;2;12;13;14m [38;2;38;23;20m.[38;2;238;137;111m*[38;2;210;113;91m+[38;2;146;47;30m:[38;2;140;35;21m:[38;2;107;24;17m.[38;2;216;204;203m#[38;2;164;142;138m+[38;2;242;238;235m%[38;2;101;31;23m:[38;2;119;35;22m:[38;2;129;47;33m:[38;2;198;112;92m+[38;2;224;124;101m+[38;2;41;28;25m.[38;2;14;13;12m [38;2;52;30;26m.[38;2;12;13;13m [38;2;13;13;13m [38;2;13;13;13m [0m
[38;2;13;13;13m [38;2;13;13;13m [38;2;13;13;13m [38;2;39;25;21m.[38;2;13;13;13m [38;2;40;25;21m.[38;2;237;138;113m*[38;2;216;115;92m+[38;2;164;61;41m-[38;2;151;43;25m:[38;2;133;33;21m:[38;2;164;132;127m+[38;2;249;251;249m@[38;2;189;167;163m*[38;2;112;27;17m:[38;2;129;38;25m:[38;2;148;58;41m-[38;2;213;130;108m+[38;2;236;136;113m+[38;2;38;28;24m.[38;2;14;13;12m [38;2;51;31;28m.[38;2;13;12;13m [38;2;13;13;13m [38;2;13;13;13m [0m
[38;2;13;13;13m [38;2;13;13;13m [38;2;13;13;12m [38;2;39;24;21m.[38;2;13;12;14m [38;2;38;24;20m.[38;2;243;156;127m*[38;2;224;138;114m+[38;2;174;74;51m-[38;2;156;51;34m-[38;2;160;53;39m-[38;2;145;73;66m-[38;2;231;224;223m%[38;2;140;89;82m=[38;2;136;35;23m:[38;2;146;46;36m:[38;2;182;77;61m-[38;2;233;139;115m*[38;2;245;157;130m*[38;2;37;27;23m.[38;2;14;12;13m [38;2;48;29;25m.[38;2;13;13;13m [38;2;13;13;13m [38;2;13;13;13m [0m
[38;2;13;13;13m [38;2;13;13;13m [38;2;14;13;12m [38;2;43;25;22m.[38;2;13;13;12m [38;2;37;24;20m.[38;2;245;174;149m#[38;2;225;149;123m*[38;2;181;89;65m=[38;2;152;55;35m-[38;2;150;48;32m:[38;2;157;54;42m-[38;2;133;44;31m:[38;2;136;41;27m:[38;2;149;40;27m:[38;2;157;49;38m-[38;2;200;85;66m=[38;2;238;125;105m+[38;2;240;121;101m+[38;2;39;26;22m.[38;2;14;12;11m [38;2;49;27;22m.[38;2;13;13;13m [38;2;13;13;13m [38;2;13;13;13m [0m
[38;2;13;13;13m [38;2;13;13;13m [38;2;13;13;13m [38;2;103;60;45m:[38;2;22;14;12m.[38;2;15;13;11m [38;2;166;124;104m+[38;2;225;149;123m*[38;2;189;98;74m=[38;2;157;57;38m-[38;2;153;48;31m:[38;2;162;50;36m-[38;2;150;41;25m:[38;2;140;35;21m:[38;2;147;42;29m:[38;2;167;53;40m-[38;2;224;111;90m+[38;2;232;123;101m+[38;2;175;89;74m=[38;2;17;13;12m [38;2;37;19;15m.[38;2;91;49;39m:[38;2;13;13;13m [38;2;13;13;13m [38;2;13;13;13m [0m
[38;2;13;13;13m [38;2;13;13;13m [38;2;13;13;14m [38;2;67;35;24m.[38;2;80;25;19m.[38;2;13;12;13m [38;2;20;15;13m.[38;2;155;96;78m=[38;2;205;115;88m+[38;2;186;84;62m=[38;2;153;48;31m:[38;2;131;34;20m:[38;2;144;37;23m:[38;2;140;36;22m:[38;2;130;32;20m:[38;2;177;67;51m-[38;2;220;122;100m+[38;2;168;93;78m=[38;2;26;17;14m.[38;2;15;12;12m [38;2;89;46;41m:[38;2;58;35;31m.[38;2;13;13;14m [38;2;13;13;13m [38;2;13;13;13m [0m
[38;2;13;13;13m [38;2;13;13;13m [38;2;13;13;13m [38;2;13;12;13m [38;2;84;26;21m.[38;2;83;28;21m.[38;2;13;13;12m [38;2;21;15;16m.[38;2;166;92;74m=[38;2;204;104;83m=[38;2;164;63;49m-[38;2;123;30;16m:[38;2;144;36;23m:[38;2;161;53;38m-[38;2;168;61;47m-[38;2;193;86;67m=[38;2;164;95;80m=[38;2;24;16;16m.[38;2;14;13;13m [38;2;83;41;36m:[38;2;80;38;34m:[38;2;14;12;12m [38;2;13;13;13m [38;2;13;13;13m [38;2;13;13;13m [0m
[38;2;13;13;13m [38;2;13;13;13m [38;2;13;13;13m [38;2;13;13;13m [38;2;13;13;13m [38;2;79;34;22m:[38;2;83;37;25m:[38;2;15;13;15m [38;2;21;16;16m.[38;2;153;79;62m-[38;2;179;81;62m=[38;2;157;54;38m-[38;2;160;52;38m-[38;2;182;73;57m-[38;2;189;80;62m=[38;2;161;79;65m-[38;2;23;16;14m.[38;2;14;14;11m [38;2;86;28;22m.[38;2;78;33;29m.[38;2;12;12;10m [38;2;13;13;13m [38;2;13;13;14m [38;2;13;13;13m [38;2;13;13;13m [0m
[38;2;3;3;3m [38;2;13;13;13m [38;2;13;13;13m [38;2;13;13;13m [38;2;13;13;13m [38;2;13;13;13m [38;2;75;36;26m:[38;2;84;36;27m:[38;2;15;14;13m [38;2;23;16;14m.[38;2;149;67;50m-[38;2;188;82;64m=[38;2;191;97;76m=[38;2;194;87;71m=[38;2;151;64;53m-[38;2;27;16;13m.[38;2;15;14;12m [38;2;90;50;43m:[38;2;73;33;26m.[38;2;14;12;13m [38;2;13;13;13m [38;2;13;13;13m [38;2;13;13;13m [38;2;13;13;13m [38;2;3;3;3m [0m
[38;2;0;0;0m [38;2;4;4;4m [38;2;13;13;13m [38;2;13;13;13m [38;2;13;13;13m [38;2;13;13;13m [38;2;13;12;12m [38;2;73;35;26m.[38;2;86;38;26m:[38;2;16;13;15m [38;2;25;16;16m.[38;2;93;45;37m:[38;2;100;49;41m:[38;2;93;42;36m:[38;2;27;17;14m.[38;2;15;13;12m [38;2;95;52;47m:[38;2;78;42;36m:[38;2;12;13;11m [38;2;12;13;13m [38;2;13;13;12m [38;2;13;13;12m [38;2;13;13;13m [38;2;4;4;4m [38;2;0;0;0m [0m
[38;2;0;0;0m [38;2;0;0;0m [38;2;4;4;4m [38;2;13;13;13m [38;2;13;13;13m [38;2;13;13;13m [38;2;13;13;13m [38;2;13;12;12m [38;2;73;33;25m.[38;2;88;39;29m:[38;2;14;13;14m [38;2;13;13;13m [38;2;13;13;13m [38;2;13;13;13m [38;2;13;15;14m.[38;2;91;46;38m:[38;2;73;43;38m:[38;2;14;12;12m [38;2;13;13;13m [38;2;13;13;13m [38;2;13;13;13m [38;2;13;13;13m [38;2;4;4;4m [38;2;0;0;0m [38;2;0;0;0m [0m
[38;2;0;0;0m [38;2;0;0;0m [38;2;0;0;0m [38;2;4;4;4m [38;2;13;13;13m [38;2;13;13;13m [38;2;13;13;13m [38;2;13;13;13m [38;2;13;12;12m [38;2;68;32;26m.[38;2;88;36;24m:[38;2;31;17;15m.[38;2;33;21;19m.[38;2;33;22;20m.[38;2;101;50;41m:[38;2;71;39;35m:[38;2;13;13;11m [38;2;14;13;12m [38;2;13;13;13m [38;2;13;13;13m [38;2;13;13;13m [38;2;4;4;4m [38;2;0;0;0m [38;2;0;0;0m [38;2;0;0;0m [0m
[38;2;0;0;0m [38;2;0;0;0m [38;2;0;0;0m [38;2;0;0;0m [38;2;4;4;4m [38;2;13;13;13m [38;2;13;13;13m [38;2;13;13;13m [38;2;13;13;13m [38;2;13;13;13m [38;2;54;25;23m.[38;2;91;36;29m:[38;2;99;49;41m:[38;2;99;58;50m:[38;2;60;33;31m.[38;2;13;13;13m [38;2;13;13;13m [38;2;13;13;13m [38;2;13;13;13m [38;2;13;13;13m [38;2;4;4;4m [38;2;0;0;0m [38;2;0;0;0m [38;2;0;0;0m [38;2;0;0;0m [0m
[38;2;0;0;0m [38;2;0;0;0m [38;2;0;0;0m [38;2;0;0;0m [38;2;0;0;0m [38;2;5;5;5m [38;2;13;13;13m [38;2;13;13;13m [38;2;13;13;13m [38;2;13;13;13m [38;2;13;13;13m [38;2;14;14;14m [38;2;13;13;13m [38;2;13;13;13m [38;2;13;13;13m [38;2;13;13;13m [38;2;13;13;13m [38;2;13;13;13m [38;2;13;13;13m [38;2;5;5;5m [38;2;0;0;0m [38;2;0;0;0m [38;2;0;0;0m [38;2;0;0;0m [38;2;0;0;0m [0m
[38;2;0;0;0m [38;2;0;0;0m [38;2;0;0;0m [38;2;0;0;0m [38;2;0;0;0m [38;2;0;0;0m [38;2;5;5;5m [38;2;13;13;13m [38;2;13;13;13m [38;2;13;13;13m [38;2;13;13;13m [38;2;13;13;13m [38;2;13;13;13m [38;2;13;13;13m [38;2;13;13;13m [38;2;13;13;13m [38;2;13;13;13m [38;2;13;13;13m [38;2;5;5;5m [38;2;0;0;0m [38;2;0;0;0m [38;2;0;0;0m [38;2;0;0;0m [38;2;0;0;0m [38;2;0;0;0m [0m
[38;2;0;0;0m [38;2;0;0;0m [38;2;0;0;0m [38;2;0;0;0m [38;2;0;0;0m [38;2;0;0;0m [38;2;0;0;0m [38;2;5;5;5m [38;2;13;13;13m [38;2;13;13;13m [38;2;13;13;13m [38;2;13;13;13m [38;2;13;13;13m [38;2;13;13;13m [38;2;13;13;13m [38;2;13;13;13m [38;2;13;13;13m [38;2;5;5;5m [38;2;0;0;0m [38;2;0;0;0m [38;2;0;0;0m [38;2;0;0;0m [38;2;0;0;0m [38;2;0;0;0m [38;2;0;0;0m [0m
