[38;2;3;3;3m [38;2;13;13;13m [38;2;13;13;13m [38;2;13;13;13m [38;2;13;13;13m [38;2;13;13;13m [38;2;13;13;13m [38;2;13;13;13m [38;2;13;13;13m [38;2;13;13;13m [38;2;13;13;13m [38;2;13;13;13m [38;2;13;13;13m [38;2;13;13;13m [38;2;13;13;13m [38;2;13;13;13m [38;2;13;13;13m [38;2;13;13;13m [38;2;13;13;13m [38;2;13;13;13m [38;2;13;13;13m [38;2;13;13;13m [38;2;13;13;13m [38;2;13;13;13m [38;2;3;3;3m [0m
[38;2;13;13;13m [38;2;13;13;13m [38;2;13;13;13m [38;2;13;13;13m [38;2;13;13;13m [38;2;13;13;13m [38;2;13;13;13m [38;2;13;13;13m [38;2;13;13;13m [38;2;13;13;13m [38;2;13;13;13m [38;2;13;13;13m [38;2;13;13;13m [38;2;13;13;13m [38;2;13;13;13m [38;2;13;13;13m [38;2;13;13;13m [38;2;13;13;13m [38;2;13;13;13m [38;2;13;13;13m [38;2;13;13;13m [38;2;13;13;13m [38;2;13;13;13m [38;2;13;13;13m [38;2;13;13;13m [0m
[38;2;13;13;13m [38;2;13;13;13m [38;2;13;13;13m [38;2;14;13;13m [38;2;42;21;20m.[38;2;42;22;18m.[38;2;41;22;19m.[38;2;42;22;20m.[38;2;46;25;21m.[38;2;48;28;23m.[38;2;48;28;23m.[38;2;49;26;23m.[38;2;48;25;21m.[38;2;45;24;20m.[38;2;46;23;19m.[38;2;44;19;16m.[38;2;45;20;17m.[38;2;44;19;16m.[38;2;44;20;16m.[38;2;45;21;15m.[38;2;38;20;14m.[38;2;13;13;12m [38;2;13;13;13m [38;2;13;13;13m [38;2;13;13;13m [0m
[38;2;13;13;13m [38;2;13;13;13m [38;2;13;13;13m [38;2;86;60;52m:[38;2;145;88;74m-[38;2;125;74;64m-[38;2;32;20;18m.[38;2;20;15;14m.[38;2;22;17;16m.[38;2;24;17;17m.[38;2;24;17;19m.[38;2;24;16;19m.[38;2;24;16;18m.[38;2;22;14;16m.[38;2;22;14;16m.[38;2;20;14;16m.[38;2;21;15;16m.[38;2;19;13;15m.[38;2;40;20;18m.[38;2;126;63;46m-[38;2;140;80;55m-[38;2;66;39;25m:[38;2;12;14;13m [38;2;13;13;13m [38;2;13;13;13m [0m
[38;2;13;13;13m [38;2;13;13;13m [38;2;13;12;13m [38;2;120;91;81m-[38;2;19;15;14m.[38;2;13;13;13m [38;2;13;13;12m [38;2;13;13;13m [38;2;14;14;14m [38;2;14;14;14m [38;2;13;13;13m [38;2;13;13;13m [38;2;13;13;13m [38;2;13;13;13m [38;2;13;13;13m [38;2;13;13;13m [38;2;13;13;13m [38;2;13;13;13m [38;2;13;13;13m [38;2;13;13;12m [38;2;39;27;19m.[38;2;97;66;43m-[38;2;11;13;11m [38;2;13;13;13m [38;2;13;13;13m [0m
[38;2;13;13;13m [38;2;13;13;13m [38;2;13;13;13m [38;2;120;89;78m-[38;2;20;15;14m.[38;2;27;15;14m.[38;2;161;55;47m-[38;2;158;52;43m-[38;2;150;46;39m:[38;2;157;56;47m-[38;2;162;64;53m-[38;2;79;32;24m.[38;2;69;29;23m.[38;2;80;33;27m:[38;2;138;54;42m-[38;2;137;54;42m:[38;2;148;64;52m-[38;2;159;79;64m-[38;2;162;92;76m=[38;2;23;17;15m.[38;2;38;27;17m.[38;2;97;62;40m:[38;2;12;13;13m [38;2;13;13;13m [38;2;13;13;13m [0m
[38;2;13;13;13m [38;2;13;13;13m [38;2;13;13;13m [38;2;71;44;39m:[38;2;14;12;14m [38;2;48;19;19m.[38;2;238;75;63m=[38;2;215;71;57m=[38;2;180;45;34m-[38;2;187;48;37m-[38;2;187;50;37m-[38;2;181;49;34m-[38;2;192;63;50m-[38;2;181;56;44m-[38;2;164;46;31m:[38;2;173;53;37m-[38;2;194;74;58m-[38;2;221;123;100m+[38;2;244;148;120m*[38;2;38;27;24m.[38;2;23;18;14m.[38;2;67;42;32m:[38;2;12;13;11m [38;2;13;13;13m [38;2;13;13;13m [0m
[38;2;13;13;13m [38;2;13;13;13m [38;2;12;13;13m [38;2;41;23;21m.[38;2;11;12;12m [38;2;47;21;20m.[38;2;235;79;66m=[38;2;212;72;59m=[38;2;168;38;28m:[38;2;165;28;18m:[38;2;164;28;20m:[38;2;161;29;24m:[38;2;150;22;15m:[38;2;140;21;12m:[38;2;148;28;16m:[38;2;160;40;24m:[38;2;173;56;39m-[38;2;215;122;97m+[38;2;246;159;127m*[38;2;37;27;24m.[38;2;15;13;13m [38;2;51;32;28m.[38;2;11;13;14m [38;2;13;13;13m [38;2;13;13;13m [0m
[38;2;13;13;13m [38;2;13;13;13m [38;2;13;12;13m [38;2;39;22;21m.[38;2;12;12;12m [38;2;47;23;21m.[38;2;229;79;67m=[38;2;213;74;60m=[38;2;172;40;30m:[38;2;167;31;26m:[38;2;158;25;24m:[38;2;136;20;18m:[38;2;131;17;14m.[38;2;138;19;14m:[38;2;161;36;27m:[38;2;168;44;30m:[38;2;193;73;56m-[38;2;222;118;95m+[38;2;240;139;112m*[38;2;38;24;23m.[38;2;15;12;13m [38;2;53;33;28m.[38;2;12;13;13m [38;2;13;13;13m [38;2;13;13;13m [0m
[38;2;13;13;13m [38;2;13;13;13m [38;2;13;12;13m [38;2;90;61;52m:[38;2;16;13;12m [38;2;46;22;20m.[38;2;219;66;56m-[38;2;215;80;65m=[38;2;175;42;32m:[38;2;166;30;26m:[38;2;145;21;20m:[38;2;122;14;14m.[38;2;114;12;11m.[38;2;132;16;13m.[38;2;143;26;22m:[38;2;184;54;43m-[38;2;201;74;56m=[38;2;230;116;94m+[38;2;239;127;104m+[38;2;39;26;23m.[38;2;32;19;15m.[38;2;82;43;33m:[38;2;13;13;13m [38;2;13;13;13m [38;2;13;13;13m [0m
[38;2;13;13;13m [38;2;13;13;13m [38;2;13;13;13m [38;2;112;78;64m-[38;2;19;14;15m.[38;2;48;23;20m.[38;2;222;67;57m=[38;2;213;79;64m=[38;2;168;40;30m:[38;2;149;60;58m-[38;2;137;66;65m-[38;2;105;20;19m.[38;2;149;90;89m=[38;2;109;22;18m.[38;2;143;73;71m-[38;2;155;76;71m-[38;2;185;66;50m-[38;2;228;113;89m+[38;2;240;129;106m+[38;2;38;26;24m.[38;2;42;19;14m.[38;2;93;41;33m:[38;2;13;13;13m [38;2;13;13;13m [38;2;13;13;13m [0m
[38;2;13;13;13m [38;2;13;13;13m [38;2;12;13;13m [38;2;113;72;59m-[38;2;21;14;13m.[38;2;50;25;22m.[38;2;231;78;68m=[38;2;219;85;69m=[38;2;167;44;31m:[38;2;178;132;132m+[38;2;201;183;181m#[38;2;101;35;36m:[38;2;253;254;253m@[38;2;102;40;38m:[38;2;195;176;176m*[38;2;181;145;142m+[38;2;163;56;38m-[38;2;223;126;100m+[38;2;246;156;127m*[38;2;34;27;23m.[38;2;42;18;12m.[38;2;88;33;26m:[38;2;13;13;13m [38;2;13;13;13m [38;2;13;13;13m [0m
[38;2;13;13;13m [38;2;13;13;13m [38;2;12;13;14m [38;2;114;51;44m:[38;2;21;13;12m.[38;2;50;26;23m.[38;2;232;80;70m=[38;2;228;88;75m=[38;2;178;52;39m-[38;2;183;137;136m+[38;2;202;184;183m#[38;2;105;39;39m:[38;2;253;254;253m@[38;2;91;38;35m:[38;2;193;175;176m*[38;2;171;140;136m+[38;2;139;47;27m:[38;2;215;135;108m+[38;2;246;169;136m*[38;2;36;29;25m.[38;2;40;23;19m.[38;2;94;65;54m:[38;2;12;13;13m [38;2;13;13;13m [38;2;13;13;13m [0m
[38;2;13;13;13m [38;2;13;13;13m [38;2;13;13;14m [38;2;53;26;23m.[38;2;13;13;12m [38;2;51;27;24m.[38;2;235;85;72m=[38;2;229;93;76m=[38;2;188;60;47m-[38;2;178;138;134m+[38;2;207;187;187m#[38;2;112;49;43m:[38;2;254;254;254m@[38;2;92;40;38m:[38;2;193;176;176m*[38;2;172;141;136m+[38;2;138;45;26m:[38;2;217;133;106m+[38;2;242;148;119m*[38;2;38;28;25m.[38;2;15;13;12m [38;2;45;30;25m.[38;2;12;13;12m [38;2;13;13;13m [38;2;13;13;13m [0m
[38;2;13;13;13m [38;2;13;13;13m [38;2;13;12;13m [38;2;50;26;23m.[38;2;13;13;12m [38;2;50;28;24m.[38;2;234;89;75m=[38;2;230;98;79m=[38;2;171;55;40m-[38;2;177;137;133m+[38;2;208;188;188m#[38;2;120;54;49m:[38;2;254;254;254m@[38;2;105;49;45m:[38;2;195;178;176m*[38;2;174;142;136m+[38;2;149;52;33m-[38;2;223;125;101m+[38;2;240;124;102m+[38;2;38;26;22m.[38;2;14;12;11m [38;2;47;28;25m.[38;2;12;12;13m [38;2;13;13;13m [38;2;13;13;13m [0m
[38;2;13;13;13m [38;2;13;13;13m [38;2;12;13;13m [38;2;46;30;24m.[38;2;13;13;13m [38;2;49;28;25m.[38;2;225;97;79m=[38;2;221;106;83m+[38;2;176;65;47m-[38;2;182;140;137m+[38;2;207;188;187m#[38;2;120;53;49m:[38;2;255;254;253m@[38;2;110;51;48m:[38;2;196;178;175m*[38;2;178;141;136m+[38;2;164;61;43m-[38;2;226;117;95m+[38;2;241;122;100m+[38;2;38;26;22m.[38;2;14;12;11m [38;2;46;28;24m.[38;2;12;12;13m [38;2;13;13;13m [38;2;13;13;13m [0m
[38;2;13;13;13m [38;2;13;13;13m [38;2;12;13;13m [38;2;41;24;19m.[38;2;13;13;12m [38;2;49;31;26m.[38;2;230;116;95m+[38;2;213;106;84m=[38;2;169;69;47m-[38;2;174;129;121m+[38;2;195;168;164m*[38;2;128;52;50m:[38;2;233;223;222m%[38;2;110;47;43m:[38;2;183;155;153m*[38;2;173;130;126m+[38;2;168;62;45m-[38;2;227;117;95m+[38;2;240;122;99m+[38;2;38;25;21m.[38;2;14;12;13m [38;2;46;29;26m.[38;2;13;12;14m [38;2;13;13;13m [38;2;13;13;13m [0m
[38;2;13;13;13m [38;2;13;13;13m [38;2;12;13;13m [38;2;45;27;20m.[38;2;12;13;12m [38;2;48;32;28m.[38;2;238;133;110m+[38;2;212;112;89m+[38;2;170;72;48m-[38;2;139;46;30m:[38;2;152;48;41m:[38;2;162;46;44m:[38;2;144;42;39m:[38;2;141;41;36m:[38;2;119;29;21m:[38;2;130;36;24m:[38;2;170;60;41m-[38;2;214;106;85m=[38;2;240;126;103m+[38;2;38;25;22m.[38;2;14;12;13m [38;2;48;32;29m.[38;2;11;13;11m [38;2;13;13;13m [38;2;13;13;13m [0m
[38;2;13;13;13m [38;2;13;13;13m [38;2;13;12;12m [38;2;111;65;45m-[38;2;19;14;11m.[38;2;16;14;13m.[38;2;169;107;93m=[38;2;216;126;101m+[38;2;177;80;57m-[38;2;173;62;40m-[38;2;192;65;50m-[38;2;185;56;47m-[38;2;176;52;46m-[38;2;176;49;42m-[38;2;179;55;44m-[38;2;181;61;46m-[38;2;183;72;54m-[38;2;210;105;83m=[38;2;168;92;75m=[38;2;17;13;13m [38;2;37;22;18m.[38;2;91;52;44m:[38;2;12;13;13m [38;2;13;13;13m [38;2;13;13;13m [0m
[38;2;13;13;13m [38;2;13;13;13m [38;2;12;13;12m [38;2;73;40;28m:[38;2;73;33;24m.[38;2;13;13;13m [38;2;21;17;14m.[38;2;148;84;67m-[38;2;185;95;70m=[38;2;196;80;59m=[38;2;198;64;49m-[38;2;190;55;44m-[38;2;181;51;39m-[38;2;176;51;39m-[38;2;187;60;47m-[38;2;203;78;63m=[38;2;194;84;64m=[38;2;148;69;57m-[38;2;22;16;14m.[38;2;13;13;12m [38;2;94;56;46m:[38;2;57;36;31m.[38;2;13;13;13m [38;2;13;13;13m [38;2;13;13;13m [0m
[38;2;13;13;13m [38;2;13;13;13m [38;2;13;13;13m [38;2;13;13;13m [38;2;87;37;28m:[38;2;77;31;22m.[38;2;13;14;11m [38;2;23;15;14m.[38;2;144;76;59m-[38;2;225;111;86m+[38;2;214;81;63m=[38;2;194;59;44m-[38;2;181;51;38m-[38;2;168;51;35m-[38;2;187;69;54m-[38;2;200;89;70m=[38;2;151;67;55m-[38;2;21;14;12m.[38;2;13;14;13m [38;2;92;57;48m:[38;2;87;56;48m:[38;2;14;12;13m [38;2;13;13;13m [38;2;13;13;13m [38;2;13;13;13m [0m
[38;2;13;13;13m [38;2;13;13;13m [38;2;13;13;13m [38;2;13;13;13m [38;2;13;13;13m [38;2;87;36;26m:[38;2;79;28;18m.[38;2;15;13;14m [38;2;22;18;15m.[38;2;176;96;77m=[38;2;225;106;85m+[38;2;187;63;46m-[38;2;162;46;29m:[38;2;170;53;38m-[38;2;191;81;63m=[38;2;154;71;58m-[38;2;22;15;12m.[38;2;13;13;13m [38;2;90;56;46m:[38;2;82;52;46m:[38;2;11;13;12m [38;2;12;13;13m [38;2;13;13;13m [38;2;13;13;13m [38;2;13;13;13m [0m
[38;2;3;3;3m [38;2;13;13;13m [38;2;13;13;13m [38;2;13;13;13m [38;2;13;13;13m [38;2;13;13;13m [38;2;83;33;22m:[38;2;82;33;24m:[38;2;13;15;12m.[38;2;28;17;17m.[38;2;179;95;76m=[38;2;190;81;62m=[38;2;176;65;48m-[38;2;187;75;59m-[38;2;153;66;52m-[38;2;24;13;14m.[38;2;14;14;11m [38;2;90;45;36m:[38;2;75;44;37m:[38;2;14;12;13m [38;2;13;13;13m [38;2;13;13;13m [38;2;13;13;13m [38;2;13;13;13m [38;2;3;3;3m [0m
[38;2;0;0;0m [38;2;4;4;4m [38;2;13;13;13m [38;2;13;13;13m [38;2;13;13;13m [38;2;13;13;13m [38;2;13;13;13m [38;2;78;34;23m:[38;2;85;32;22m:[38;2;15;14;13m [38;2;28;18;17m.[38;2;99;47;35m:[38;2;97;41;33m:[38;2;93;39;32m:[38;2;27;16;14m.[38;2;13;13;13m [38;2;90;43;34m:[38;2;74;40;32m:[38;2;11;13;12m [38;2;12;13;13m [38;2;13;13;13m [38;2;13;13;13m [38;2;13;13;13m [38;2;4;4;4m [38;2;0;0;0m [0m
[38;2;0;0;0m [38;2;0;0;0m [38;2;4;4;4m [38;2;13;13;13m [38;2;13;13;13m [38;2;13;13;13m [38;2;13;13;13m [38;2;12;12;13m [38;2;81;33;26m:[38;2;91;39;29m:[38;2;13;14;14m [38;2;12;14;13m [38;2;13;13;13m [38;2;13;13;13m [38;2;12;13;13m [38;2;92;44;38m:[38;2;72;36;31m:[38;2;14;12;14m [38;2;13;13;13m [38;2;13;13;13m [38;2;13;13;13m [38;2;13;13;13m [38;2;4;4;4m [38;2;0;0;0m [38;2;0;0;0m [0m
[38;2;0;0;0m [38;2;0;0;0m [38;2;0;0;0m [38;2;4;4;4m [38;2;13;13;13m [38;2;13;13;13m [38;2;13;13;13m [38;2;13;13;13m [38;2;13;12;15m [38;2;80;45;36m:[38;2;91;46;34m:[38;2;29;17;16m.[38;2;27;15;14m.[38;2;28;12;12m.[38;2;92;29;21m.[38;2;66;31;26m.[38;2;12;12;10m [38;2;12;13;12m [38;2;12;13;13m [38;2;13;13;13m [38;2;13;13;13m [38;2;4;4;4m [38;2;0;0;0m [38;2;0;0;0m [38;2;0;0;0m [0m
[38;2;0;0;0m [38;2;0;0;0m [38;2;0;0;0m [38;2;0;0;0m [38;2;4;4;4m [38;2;13;13;13m [38;2;13;13;13m [38;2;13;13;13m [38;2;13;13;13m [38;2;13;13;13m [38;2;64;34;30m.[38;2;106;47;39m:[38;2;98;31;26m:[38;2;90;19;16m.[38;2;56;16;16m.[38;2;12;12;12m [38;2;13;13;13m [38;2;13;13;13m [38;2;13;13;13m [38;2;13;13;13m [38;2;4;4;4m [38;2;0;0;0m [38;2;0;0;0m [38;2;0;0;0m [38;2;0;0;0m [0m
[38;2;0;0;0m [38;2;0;0;0m [38;2;0;0;0m [38;2;0;0;0m [38;2;0;0;0m [38;2;5;5;5m [38;2;13;13;13m [38;2;13;13;13m [38;2;13;13;13m [38;2;13;13;13m [38;2;13;13;13m [38;2;13;13;13m [38;2;13;13;13m [38;2;13;13;13m [38;2;13;13;13m [38;2;13;13;12m [38;2;13;13;12m [38;2;13;13;13m [38;2;13;13;13m [38;2;5;5;5m [38;2;0;0;0m [38;2;0;0;0m [38;2;0;0;0m [38;2;0;0;0m [38;2;0;0;0m [0m
[38;2;0;0;0m [38;2;0;0;0m [38;2;0;0;0m [38;2;0;0;0m [38;2;0;0;0m [38;2;0;0;0m [38;2;5;5;5m [38;2;13;13;13m [38;2;13;13;13m [38;2;13;13;13m [38;2;13;13;13m [38;2;13;13;13m [38;2;13;13;13m [38;2;13;13;13m [38;2;13;13;13m [38;2;13;13;13m [38;2;13;13;13m [38;2;13;13;13m [38;2;5;5;5m [38;2;0;0;0m [38;2;0;0;0m [38;2;0;0;0m [38;2;0;0;0m [38;2;0;0;0m [38;2;0;0;0m [0m
[38;2;0;0;0m [38;2;0;0;0m [38;2;0;0;0m [38;2;0;0;0m [38;2;0;0;0m [38;2;0;0;0m [38;2;0;0;0m [38;2;5;5;5m [38;2;13;13;13m [38;2;13;13;13m [38;2;13;13;13m [38;2;13;13;13m [38;2;13;13;13m [38;2;13;13;13m [38;2;13;13;13m [38;2;13;13;13m [38;2;13;13;13m [38;2;5;5;5m [38;2;0;0;0m [38;2;0;0;0m [38;2;0;0;0m [38;2;0;0;0m [38;2;0;0;0m [38;2;0;0;0m [38;2;0;0;0m [0m
