[38;2;2;2;2m [38;2;13;13;13m [38;2;13;13;13m [38;2;13;13;13m [38;2;13;13;13m [38;2;13;13;13m [38;2;13;13;13m [38;2;13;13;13m [38;2;13;13;13m [38;2;13;13;13m [38;2;13;13;13m [38;2;13;13;13m [38;2;13;13;13m [38;2;13;13;13m [38;2;13;13;13m [38;2;13;13;13m [38;2;13;13;13m [38;2;13;13;13m [38;2;13;13;13m [38;2;13;13;13m [38;2;13;13;13m [38;2;13;13;13m [38;2;13;13;13m [38;2;13;13;13m [38;2;2;2;2m [0m
[38;2;13;13;13m [38;2;13;13;13m [38;2;13;13;13m [38;2;13;13;13m [38;2;13;13;13m [38;2;13;13;13m [38;2;13;13;13m [38;2;13;13;13m [38;2;13;13;13m [38;2;13;13;13m [38;2;13;13;13m [38;2;13;13;13m [38;2;12;13;13m [38;2;13;13;13m [38;2;13;13;13m [38;2;13;13;13m [38;2;13;13;13m [38;2;13;13;13m [38;2;13;13;13m [38;2;13;13;13m [38;2;13;13;13m [38;2;13;13;13m [38;2;13;13;13m [38;2;13;13;13m [38;2;13;13;13m [0m
[38;2;13;13;13m [38;2;13;13;13m [38;2;13;13;13m [38;2;13;13;13m [38;2;15;12;13m [38;2;16;11;13m [38;2;17;12;15m [38;2;114;39;90m:[38;2;133;54;113m-[38;2;20;13;18m.[38;2;25;12;20m.[38;2;151;74;104m-[38;2;143;78;95m-[38;2;152;73;84m-[38;2;28;12;15m.[38;2;19;12;13m [38;2;121;47;45m:[38;2;125;45;40m:[38;2;21;12;12m [38;2;16;12;12m [38;2;16;12;12m [38;2;13;13;13m [38;2;13;13;13m [38;2;13;13;13m [38;2;13;13;13m [0m
[38;2;13;13;13m [38;2;13;13;13m [38;2;13;13;13m [38;2;55;22;39m.[38;2;161;57;117m-[38;2;207;63;142m=[38;2;131;43;97m:[38;2;120;41;91m:[38;2;124;45;99m:[38;2;112;42;88m:[38;2;109;42;83m:[38;2;132;65;101m-[38;2;122;64;84m-[38;2;132;67;86m-[38;2;109;45;53m:[38;2;110;42;48m:[38;2;124;46;47m:[38;2;123;44;43m:[38;2;136;44;44m:[38;2;214;63;60m-[38;2;160;51;49m-[38;2;56;24;25m.[38;2;13;13;13m [38;2;13;13;13m [38;2;13;13;13m [0m
[38;2;13;13;13m [38;2;13;13;13m [38;2;13;13;13m [38;2;77;33;56m:[38;2;61;26;47m.[38;2;44;20;35m.[38;2;15;13;14m [38;2;13;12;14m [38;2;15;13;14m [38;2;15;13;14m [38;2;14;14;14m [38;2;15;14;14m.[38;2;116;116;115m=[38;2;15;15;14m.[38;2;13;13;13m [38;2;13;13;13m [38;2;13;12;12m [38;2;14;12;13m [38;2;14;12;12m [38;2;44;19;18m.[38;2;59;24;23m.[38;2;77;36;39m:[38;2;13;13;13m [38;2;13;13;13m [38;2;13;13;13m [0m
[38;2;13;13;13m [38;2;13;13;13m [38;2;13;13;13m [38;2;77;33;54m:[38;2;60;27;46m.[38;2;73;38;62m:[38;2;180;89;149m=[38;2;163;83;131m=[38;2;138;61;97m-[38;2;74;38;55m:[38;2;20;20;20m.[38;2;173;169;170m*[38;2;251;247;248m@[38;2;171;150;154m+[38;2;20;17;15m.[38;2;71;30;39m.[38;2;139;59;69m-[38;2;172;92;109m=[38;2;180;89;97m=[38;2;77;41;44m:[38;2;59;23;24m.[38;2;77;35;37m:[38;2;13;13;11m [38;2;13;13;13m [38;2;13;13;13m [0m
[38;2;13;13;13m [38;2;13;13;13m [38;2;13;13;13m [38;2;76;33;53m:[38;2;108;48;81m:[38;2;59;38;55m:[38;2;103;61;95m-[38;2;93;51;80m:[38;2;78;33;54m:[38;2;79;33;58m:[38;2;22;14;17m.[38;2;123;118;119m=[38;2;164;159;161m*[38;2;124;102;107m=[38;2;21;16;18m.[38;2;80;41;51m:[38;2;84;41;54m:[38;2;97;61;75m:[38;2;108;69;80m-[38;2;55;38;41m.[38;2;105;42;40m:[38;2;76;34;36m:[38;2;13;12;13m [38;2;13;13;13m [38;2;13;13;13m [0m
[38;2;13;13;13m [38;2;13;13;13m [38;2;13;13;13m [38;2;77;31;49m.[38;2;124;59;92m-[38;2;57;44;51m:[38;2;109;64;89m-[38;2;100;56;79m:[38;2;81;22;46m.[38;2;84;26;52m.[38;2;78;21;48m.[38;2;51;16;32m.[38;2;11;12;12m [38;2;54;23;40m.[38;2;88;36;63m:[38;2;88;44;64m:[38;2;91;49;65m:[38;2;105;71;82m-[38;2;114;85;94m-[38;2;61;43;48m:[38;2;125;61;68m-[38;2;75;34;36m:[38;2;13;12;13m [38;2;13;13;13m [38;2;13;13;13m [0m
[38;2;13;13;13m [38;2;13;13;13m [38;2;13;13;13m [38;2;78;35;56m:[38;2;126;62;97m-[38;2;109;66;94m-[38;2;235;153;211m*[38;2;204;123;168m+[38;2;151;53;90m-[38;2;147;39;81m:[38;2;142;32;78m:[38;2;145;38;83m:[38;2;85;23;53m.[38;2;139;27;82m:[38;2;150;43;95m:[38;2;157;70;113m-[38;2;172;101;134m=[38;2;208;125;171m+[38;2;237;170;204m#[38;2;110;77;96m-[38;2;125;65;81m-[38;2;79;44;51m:[38;2;13;12;11m [38;2;13;13;13m [38;2;13;13;13m [0m
[38;2;13;13;13m [38;2;13;13;13m [38;2;13;13;13m [38;2;78;36;58m:[38;2;71;33;55m:[38;2;107;49;80m:[38;2;225;136;192m*[38;2;204;123;168m+[38;2;150;48;85m-[38;2;148;49;84m-[38;2;139;44;78m:[38;2;140;41;78m:[38;2;131;26;68m:[38;2;131;26;71m:[38;2;139;40;85m:[38;2;147;55;99m-[38;2;162;74;116m-[38;2;208;124;178m+[38;2;232;146;193m*[38;2;111;79;100m-[38;2;73;27;40m.[38;2;79;37;50m:[38;2;12;13;13m [38;2;13;13;13m [38;2;13;13;13m [0m
[38;2;13;13;13m [38;2;13;13;13m [38;2;13;13;13m [38;2;78;33;57m:[38;2;67;26;50m.[38;2;106;54;85m:[38;2;228;156;197m*[38;2;205;146;172m*[38;2;157;74;102m-[38;2;127;49;75m:[38;2;147;101;117m=[38;2;115;50;73m:[38;2;114;24;55m:[38;2;111;30;62m:[38;2;148;101;124m=[38;2;121;50;86m:[38;2;149;60;106m-[38;2;206;128;179m+[38;2;230;129;192m+[38;2;110;80;102m-[38;2;67;27;40m.[38;2;78;38;55m:[38;2;12;13;13m [38;2;13;13;13m [38;2;13;13;13m [0m
[38;2;13;13;13m [38;2;13;13;13m [38;2;13;13;13m [38;2;75;33;55m:[38;2;180;102;143m=[38;2;113;62;93m-[38;2;225;157;194m*[38;2;207;146;173m*[38;2;156;72;99m-[38;2;117;44;64m:[38;2;208;195;199m#[38;2;158;123;134m+[38;2;94;16;40m.[38;2;123;77;92m-[38;2;236;229;233m%[38;2;105;30;62m:[38;2;144;53;96m-[38;2;206;123;180m+[38;2;228;141;201m*[38;2;121;88;110m-[38;2;181;122;150m+[38;2;79;44;64m:[38;2;12;13;14m [38;2;13;13;13m [38;2;13;13;13m [0m
[38;2;13;13;13m [38;2;13;13;13m [38;2;13;13;13m [38;2;76;29;56m.[38;2;113;48;89m:[38;2;103;59;85m:[38;2;219;127;179m+[38;2;203;138;170m+[38;2;149;60;86m-[38;2;123;37;59m:[38;2;152;120;128m=[38;2;204;191;193m#[38;2;77;15;31m.[38;2;171;146;154m+[38;2;177;154;163m*[38;2;109;24;58m:[38;2;133;40;83m:[38;2;201;125;175m+[38;2;226;141;201m*[38;2;106;60;96m-[38;2;112;52;91m:[38;2;79;37;63m:[38;2;13;13;13m [38;2;13;13;13m [38;2;13;13;13m [0m
[38;2;13;13;13m [38;2;13;13;13m [38;2;13;13;13m [38;2;76;29;58m.[38;2;63;24;51m.[38;2;101;49;79m:[38;2;220;118;179m+[38;2;194;103;147m=[38;2;139;41;69m:[38;2;120;30;51m:[38;2;99;44;56m:[38;2;250;247;247m@[38;2;75;34;45m:[38;2;228;224;225m%[38;2;118;76;91m-[38;2;111;24;55m:[38;2;133;36;76m:[38;2;195;109;167m+[38;2;217;102;181m+[38;2;107;63;98m-[38;2;60;19;41m.[38;2;77;33;61m:[38;2;13;13;12m [38;2;13;13;13m [38;2;13;13;13m [0m
[38;2;13;13;13m [38;2;13;13;13m [38;2;13;13;13m [38;2;77;28;57m.[38;2;86;29;63m:[38;2;98;36;69m:[38;2;206;80;149m=[38;2;184;71;123m-[38;2;138;36;69m:[38;2;116;24;46m:[38;2;86;14;28m.[38;2;212;201;204m#[38;2;160;144;150m+[38;2;239;234;234m%[38;2;82;22;40m.[38;2;119;30;60m:[38;2;123;24;62m:[38;2;178;58;130m-[38;2;210;74;163m=[38;2;95;39;79m:[38;2;80;25;63m.[38;2;76;31;63m:[38;2;13;13;13m [38;2;13;13;13m [38;2;13;13;13m [0m
[38;2;13;13;13m [38;2;13;13;13m [38;2;13;13;13m [38;2;76;25;54m.[38;2;124;40;93m:[38;2;49;21;38m.[38;2;189;68;135m-[38;2;176;52;112m-[38;2;137;31;70m:[38;2;129;36;63m:[38;2;109;23;45m:[38;2;159;125;135m+[38;2;251;251;251m@[38;2;187;166;174m*[38;2;106;29;53m:[38;2;122;29;61m:[38;2;125;24;63m:[38;2;177;47;119m-[38;2;196;55;140m-[38;2;54;24;44m.[38;2;124;46;103m:[38;2;77;31;65m:[38;2;13;13;13m [38;2;13;13;13m [38;2;13;13;13m [0m
[38;2;13;13;13m [38;2;13;13;13m [38;2;13;13;13m [38;2;76;24;52m.[38;2;123;38;91m:[38;2;15;12;13m [38;2;61;23;48m.[38;2;173;66;120m-[38;2;145;43;84m:[38;2;129;29;63m:[38;2;117;23;51m:[38;2;111;52;68m:[38;2;229;223;223m%[38;2;140;98;110m=[38;2;127;45;71m:[38;2;131;39;72m:[38;2;138;37;77m:[38;2;171;47;117m-[38;2;63;20;48m.[38;2;17;12;16m [38;2;124;46;101m:[38;2;77;30;64m.[38;2;13;12;13m [38;2;13;13;13m [38;2;13;13;13m [0m
[38;2;13;13;13m [38;2;13;13;13m [38;2;13;13;13m [38;2;74;24;53m.[38;2;94;30;71m:[38;2;84;28;58m.[38;2;55;19;40m.[38;2;29;18;29m.[38;2;101;44;68m:[38;2;141;41;80m:[38;2;126;27;61m:[38;2;115;26;54m:[38;2;103;31;52m:[38;2;117;39;63m:[38;2;139;55;81m-[38;2;139;50;82m-[38;2;99;44;67m:[38;2;29;16;28m.[38;2;56;18;35m.[38;2;86;36;61m:[38;2;96;33;73m:[38;2;77;30;61m.[38;2;13;12;12m [38;2;13;13;13m [38;2;13;13;13m [0m
[38;2;13;13;13m [38;2;13;13;13m [38;2;13;13;13m [38;2;73;22;49m.[38;2;62;20;44m.[38;2;84;36;66m:[38;2;178;65;125m-[38;2;55;29;42m.[38;2;17;13;14m [38;2;140;62;96m-[38;2;129;27;65m:[38;2;127;27;63m:[38;2;98;27;50m:[38;2;134;36;68m:[38;2;137;40;72m:[38;2;137;67;93m-[38;2;17;14;17m.[38;2;52;25;39m.[38;2;189;73;123m=[38;2;95;52;77m:[38;2;58;20;38m.[38;2;79;34;63m:[38;2;13;12;12m [38;2;13;13;13m [38;2;13;13;13m [0m
[38;2;13;13;13m [38;2;13;13;13m [38;2;13;13;13m [38;2;72;22;42m.[38;2;115;33;68m:[38;2;16;13;16m [38;2;131;60;109m-[38;2;167;63;119m-[38;2;42;20;33m.[38;2;61;29;44m.[38;2;135;28;69m:[38;2;74;22;41m.[38;2;13;13;12m [38;2;85;39;55m:[38;2;141;53;84m-[38;2;63;36;46m.[38;2;44;28;36m.[38;2;175;92;126m=[38;2;146;96;122m=[38;2;17;13;17m [38;2;117;42;81m:[38;2;75;28;53m.[38;2;13;12;13m [38;2;13;13;13m [38;2;13;13;13m [0m
[38;2;13;13;13m [38;2;13;13;13m [38;2;13;13;13m [38;2;73;21;36m.[38;2;230;60;122m=[38;2;115;39;77m:[38;2;17;14;16m.[38;2;118;55;99m-[38;2;131;49;96m:[38;2;40;17;30m.[38;2;38;17;27m.[38;2;37;34;34m.[38;2;170;168;165m*[38;2;40;36;36m.[38;2;42;25;31m.[38;2;40;27;34m.[38;2;131;66;90m-[38;2;129;82;105m-[38;2;18;14;18m.[38;2;112;50;79m:[38;2;243;108;176m+[38;2;79;37;61m:[38;2;13;12;14m [38;2;13;13;13m [38;2;13;13;13m [0m
[38;2;13;13;13m [38;2;13;13;13m [38;2;13;13;13m [38;2;74;22;34m.[38;2;222;56;96m-[38;2;227;78;133m=[38;2;114;36;71m:[38;2;17;12;19m [38;2;103;42;76m:[38;2;127;39;84m:[38;2;37;16;26m.[38;2;92;88;88m-[38;2;243;232;233m%[38;2;95;88;89m-[38;2;39;21;29m.[38;2;129;62;87m-[38;2;112;69;85m-[38;2;18;14;17m.[38;2;110;60;83m-[38;2;244;135;188m*[38;2;248;131;186m*[38;2;81;41;62m:[38;2;14;13;13m [38;2;13;13;13m [38;2;13;13;13m [0m
[38;2;13;13;13m [38;2;13;13;13m [38;2;13;13;13m [38;2;72;21;29m.[38;2;215;47;70m-[38;2;149;46;84m:[38;2;200;58;117m-[38;2;166;38;97m:[38;2;19;13;16m.[38;2;103;44;76m:[38;2;129;56;95m-[38;2;39;21;29m.[38;2;56;53;54m:[38;2;33;16;23m.[38;2;116;32;65m:[38;2;100;36;61m:[38;2;21;13;18m.[38;2;170;60;102m-[38;2;216;108;159m+[38;2;157;75;121m-[38;2;244;95;158m+[38;2;81;37;57m:[38;2;14;12;14m [38;2;13;13;13m [38;2;13;13;13m [0m
[38;2;13;13;13m [38;2;13;13;13m [38;2;13;13;13m [38;2;71;21;27m.[38;2;144;41;58m:[38;2;16;11;14m [38;2;42;17;32m.[38;2;204;57;123m-[38;2;113;35;72m:[38;2;18;14;18m.[38;2;98;38;72m:[38;2;113;40;77m:[38;2;45;18;29m.[38;2;101;21;53m.[38;2;90;25;51m.[38;2;21;13;17m.[38;2;108;30;63m:[38;2;210;63;123m-[38;2;40;21;33m.[38;2;15;11;14m [38;2;155;55;106m-[38;2;77;32;52m:[38;2;14;13;13m [38;2;13;13;13m [38;2;13;13;13m [0m
[38;2;13;13;13m [38;2;13;13;13m [38;2;13;13;13m [38;2;33;18;21m.[38;2;16;12;14m [38;2;13;13;13m [38;2;14;12;13m [38;2;34;16;26m.[38;2;85;25;60m.[38;2;106;24;61m:[38;2;23;12;21m.[38;2;58;24;42m.[38;2;48;17;34m.[38;2;51;17;33m.[38;2;19;12;17m [38;2;102;29;64m:[38;2;89;34;67m:[38;2;35;16;27m.[38;2;13;12;13m [38;2;13;13;12m [38;2;18;11;15m [38;2;32;21;28m.[38;2;13;13;13m [38;2;13;13;13m [38;2;13;13;13m [0m
[38;2;13;13;13m [38;2;13;13;13m [38;2;13;13;13m [38;2;13;13;13m [38;2;13;13;13m [38;2;13;13;13m [38;2;12;14;13m [38;2;13;13;13m [38;2;23;13;15m.[38;2;125;54;92m-[38;2;101;27;64m:[38;2;25;12;19m.[38;2;26;12;17m.[38;2;26;12;17m.[38;2;95;26;62m:[38;2;126;54;98m-[38;2;22;12;19m.[38;2;13;13;13m [38;2;13;13;13m [38;2;13;13;13m [38;2;13;13;13m [38;2;13;13;13m [38;2;13;13;13m [38;2;13;13;13m [38;2;13;13;13m [0m
[38;2;13;13;13m [38;2;13;13;13m [38;2;13;13;13m [38;2;13;13;13m [38;2;13;13;13m [38;2;13;13;13m [38;2;13;13;13m [38;2;13;13;13m [38;2;13;13;13m [38;2;13;13;13m [38;2;66;23;45m.[38;2;102;30;69m:[38;2;100;31;67m:[38;2;102;31;68m:[38;2;69;22;52m.[38;2;12;13;13m [38;2;13;13;13m [38;2;13;13;13m [38;2;13;13;13m [38;2;13;13;13m [38;2;13;13;13m [38;2;13;13;13m [38;2;13;13;13m [38;2;13;13;13m [38;2;13;13;13m [0m
[38;2;2;2;2m [38;2;13;13;13m [38;2;13;13;13m [38;2;13;13;13m [38;2;13;13;13m [38;2;13;13;13m [38;2;13;13;13m [38;2;13;13;13m [38;2;13;13;13m [38;2;13;13;13m [38;2;13;13;13m [38;2;13;13;13m [38;2;13;13;13m [38;2;13;13;13m [38;2;13;13;13m [38;2;12;14;13m [38;2;12;13;13m [38;2;13;13;13m [38;2;13;13;13m [38;2;13;13;13m [38;2;13;13;13m [38;2;13;13;13m [38;2;13;13;13m [38;2;13;13;13m [38;2;2;2;2m [0m
[38;2;0;0;0m [38;2;2;2;2m [38;2;13;13;13m [38;2;13;13;13m [38;2;10;10;10m [38;2;4;4;4m [38;2;13;13;13m [38;2;13;13;13m [38;2;13;13;13m [38;2;13;13;13m [38;2;13;13;13m [38;2;13;13;13m [38;2;13;13;13m [38;2;13;13;13m [38;2;13;13;13m [38;2;13;13;13m [38;2;13;13;13m [38;2;13;13;13m [38;2;13;13;13m [38;2;4;4;4m [38;2;10;10;10m [38;2;13;13;13m [38;2;13;13;13m [38;2;2;2;2m [38;2;0;0;0m [0m
[38;2;0;0;0m [38;2;0;0;0m [38;2;0;0;0m [38;2;0;0;0m [38;2;0;0;0m [38;2;0;0;0m [38;2;0;0;0m [38;2;5;5;5m [38;2;13;13;13m [38;2;13;13;13m [38;2;13;13;13m [38;2;13;13;13m [38;2;13;13;13m [38;2;13;13;13m [38;2;13;13;13m [38;2;13;13;13m [38;2;13;13;13m [38;2;5;5;5m [38;2;0;0;0m [38;2;0;0;0m [38;2;0;0;0m [38;2;0;0;0m [38;2;0;0;0m [38;2;0;0;0m [38;2;0;0;0m [0m
