[38;2;2;2;2m [38;2;13;13;13m [38;2;13;13;13m [38;2;13;13;13m [38;2;13;13;13m [38;2;13;13;13m [38;2;13;13;13m [38;2;13;13;13m [38;2;13;13;13m [38;2;13;13;13m [38;2;13;13;13m [38;2;13;13;13m [38;2;13;13;13m [38;2;13;13;13m [38;2;13;13;13m [38;2;13;13;13m [38;2;13;13;13m [38;2;13;13;13m [38;2;13;13;13m [38;2;13;13;13m [38;2;13;13;13m [38;2;13;13;13m [38;2;13;13;13m [38;2;13;13;13m [38;2;2;2;2m [0m
[38;2;13;13;13m [38;2;13;13;13m [38;2;13;13;13m [38;2;13;13;13m [38;2;13;13;13m [38;2;13;13;13m [38;2;13;13;13m [38;2;13;13;13m [38;2;13;13;13m [38;2;13;13;13m [38;2;13;13;13m [38;2;13;13;13m [38;2;13;12;13m [38;2;13;13;13m [38;2;13;13;13m [38;2;13;13;13m [38;2;13;13;13m [38;2;13;13;13m [38;2;13;13;13m [38;2;13;13;13m [38;2;13;13;13m [38;2;13;13;13m [38;2;13;13;13m [38;2;13;13;13m [38;2;13;13;13m [0m
[38;2;13;13;13m [38;2;13;13;13m [38;2;13;13;13m [38;2;13;13;13m [38;2;16;12;13m [38;2;16;12;13m [38;2;18;12;15m [38;2;112;36;80m:[38;2;132;53;110m-[38;2;20;13;16m.[38;2;25;13;19m.[38;2;150;72;101m-[38;2;141;72;86m-[38;2;153;64;75m-[38;2;29;12;14m.[38;2;18;12;13m [38;2;122;48;47m:[38;2;125;46;42m:[38;2;19;12;13m [38;2;16;12;12m [38;2;15;12;12m [38;2;13;13;13m [38;2;13;13;13m [38;2;13;13;13m [38;2;13;13;13m [0m
[38;2;13;13;13m [38;2;13;13;13m [38;2;13;13;13m [38;2;53;21;35m.[38;2;152;48;98m-[38;2;201;59;126m-[38;2;130;44;91m:[38;2;120;43;91m:[38;2;121;46;95m:[38;2;107;43;83m:[38;2;107;43;79m:[38;2;129;63;97m-[38;2;122;60;80m-[38;2;132;60;79m-[38;2;108;43;47m:[38;2;109;42;43m:[38;2;121;45;42m:[38;2;119;43;40m:[38;2;132;43;45m:[38;2;205;59;59m-[38;2;154;47;47m:[38;2;52;21;22m.[38;2;13;13;13m [38;2;13;13;13m [38;2;13;13;13m [0m
[38;2;13;13;13m [38;2;13;13;13m [38;2;13;13;13m [38;2;76;31;51m.[38;2;59;24;42m.[38;2;43;20;31m.[38;2;15;12;16m [38;2;14;13;14m [38;2;14;12;13m [38;2;12;12;13m [38;2;13;14;13m [38;2;13;15;14m.[38;2;116;117;116m=[38;2;15;14;15m.[38;2;13;13;13m [38;2;12;12;12m [38;2;15;12;12m [38;2;14;12;13m [38;2;15;13;12m [38;2;43;19;18m.[38;2;59;22;23m.[38;2;69;31;32m.[38;2;13;13;11m [38;2;13;13;13m [38;2;13;13;13m [0m
[38;2;13;13;13m [38;2;13;13;13m [38;2;13;13;13m [38;2;75;31;51m.[38;2;59;24;41m.[38;2;74;37;63m:[38;2;171;67;133m-[38;2;146;45;102m:[38;2;118;21;60m:[38;2;63;19;39m.[38;2;20;19;19m.[38;2;175;169;171m*[38;2;252;247;249m@[38;2;173;147;149m+[38;2;20;16;16m.[38;2;61;15;24m.[38;2;115;21;32m.[38;2;158;56;75m-[38;2;174;67;75m-[38;2;72;27;30m.[38;2;59;21;21m.[38;2;71;29;31m.[38;2;13;13;13m [38;2;13;13;13m [38;2;13;13;13m [0m
[38;2;13;13;13m [38;2;13;13;13m [38;2;13;13;13m [38;2;76;31;50m.[38;2;103;39;67m:[38;2;54;29;49m.[38;2;95;40;79m:[38;2;84;32;66m:[38;2;71;19;43m.[38;2;71;25;49m.[38;2;22;14;15m.[38;2;124;118;119m=[38;2;165;158;161m*[38;2;125;102;105m=[38;2;21;13;14m.[38;2;66;15;29m.[38;2;72;21;31m.[38;2;93;41;58m:[38;2;97;38;50m:[38;2;50;21;23m.[38;2;100;40;39m:[38;2;74;29;30m.[38;2;13;12;11m [38;2;13;13;13m [38;2;13;13;13m [0m
[38;2;13;13;13m [38;2;13;13;13m [38;2;13;13;13m [38;2;77;29;46m.[38;2;126;49;84m:[38;2;58;27;47m.[38;2;104;43;75m:[38;2;92;36;67m:[38;2;87;32;56m:[38;2;80;22;47m.[38;2;75;17;43m.[38;2;54;19;35m.[38;2;13;13;14m [38;2;48;15;29m.[38;2;74;15;39m.[38;2;74;17;39m.[38;2;81;24;43m.[38;2;94;42;61m:[38;2;107;43;66m:[38;2;53;24;30m.[38;2;125;51;51m:[38;2;74;29;30m.[38;2;13;13;13m [38;2;13;13;13m [38;2;13;13;13m [0m
[38;2;13;13;13m [38;2;13;13;13m [38;2;13;13;13m [38;2;77;27;46m.[38;2;126;43;80m:[38;2;109;50;87m:[38;2;226;90;180m=[38;2;198;75;148m=[38;2;144;27;72m:[38;2;141;28;70m:[38;2;136;22;67m:[38;2;137;24;69m:[38;2;81;18;48m.[38;2;131;19;69m:[38;2;126;18;64m:[38;2;130;19;63m:[38;2;145;33;74m:[38;2;195;79;139m=[38;2;226;90;148m=[38;2;100;39;63m:[38;2;125;51;54m:[38;2;73;31;31m.[38;2;13;13;11m [38;2;13;13;13m [38;2;13;13;13m [0m
[38;2;13;13;13m [38;2;13;13;13m [38;2;13;13;13m [38;2;77;28;48m.[38;2;71;24;45m.[38;2;107;47;79m:[38;2;225;90;170m=[38;2;193;69;132m=[38;2;133;19;55m:[38;2;123;19;52m:[38;2;120;20;52m:[38;2;116;17;50m.[38;2;120;19;58m:[38;2;115;18;56m.[38;2;111;16;54m.[38;2;118;19;58m:[38;2;129;24;65m:[38;2;189;65;132m-[38;2;221;87;155m=[38;2;100;39;69m:[38;2;72;24;29m.[38;2;73;30;35m.[38;2;13;13;13m [38;2;13;13;13m [38;2;13;13;13m [0m
[38;2;13;13;13m [38;2;13;13;13m [38;2;13;13;13m [38;2;77;28;50m.[38;2;66;23;43m.[38;2;111;60;90m-[38;2;225;119;182m+[38;2;194;84;140m=[38;2;126;16;49m.[38;2;113;15;43m.[38;2;102;30;50m:[38;2;138;88;103m=[38;2;79;14;35m.[38;2;126;77;96m-[38;2;105;42;67m:[38;2;110;18;55m.[38;2;122;20;62m:[38;2;189;73;149m=[38;2;227;114;187m+[38;2;103;54;88m:[38;2;64;21;28m.[38;2;74;28;40m.[38;2;13;13;13m [38;2;13;13;13m [38;2;13;13;13m [0m
[38;2;13;13;13m [38;2;13;13;13m [38;2;13;13;13m [38;2;76;27;50m.[38;2;179;87;127m=[38;2;113;58;92m-[38;2;222;113;180m+[38;2;193;85;139m=[38;2;124;21;47m:[38;2;109;15;36m.[38;2;112;64;75m-[38;2;251;248;248m@[38;2;60;15;27m.[38;2;222;213;215m%[38;2;134;100;111m=[38;2;97;15;46m.[38;2;113;17;56m.[38;2;182;64;144m-[38;2;226;110;194m+[38;2;112;56;94m:[38;2;178;93;122m=[38;2;72;29;44m.[38;2;13;13;13m [38;2;13;13;13m [38;2;13;13;13m [0m
[38;2;13;13;13m [38;2;13;13;13m [38;2;13;13;13m [38;2;76;27;50m.[38;2;112;40;77m:[38;2;105;49;79m:[38;2;217;98;165m+[38;2;188;71;125m=[38;2;123;20;44m:[38;2;101;16;32m.[38;2;110;63;72m-[38;2;252;249;249m@[38;2;58;14;26m.[38;2;221;214;214m%[38;2;135;100;110m=[38;2;94;16;42m.[38;2;106;17;51m.[38;2;178;64;139m-[38;2;218;94;186m=[38;2;100;46;87m:[38;2;115;42;76m:[38;2;73;29;50m.[38;2;13;13;13m [38;2;13;13;13m [38;2;13;13;13m [0m
[38;2;13;13;13m [38;2;13;13;13m [38;2;13;13;13m [38;2;76;27;53m.[38;2;62;21;42m.[38;2;97;35;67m:[38;2;210;83;150m=[38;2;182;59;114m-[38;2;113;16;39m.[38;2;102;16;30m.[38;2;111;64;73m-[38;2;251;249;249m@[38;2;55;13;19m.[38;2;221;214;215m%[38;2;136;101;112m=[38;2;96;17;41m.[38;2;108;17;50m.[38;2;169;46;121m-[38;2;196;56;146m-[38;2;93;34;77m:[38;2;61;19;39m.[38;2;73;27;51m.[38;2;13;13;13m [38;2;13;13;13m [38;2;13;13;13m [0m
[38;2;13;13;13m [38;2;13;13;13m [38;2;13;13;13m [38;2;75;25;52m.[38;2;79;26;54m.[38;2;93;29;58m:[38;2;194;56;121m-[38;2;172;47;100m-[38;2;118;18;46m.[38;2;104;15;33m.[38;2;109;65;72m-[38;2;252;249;249m@[38;2;54;13;19m.[38;2;220;214;212m%[38;2;138;100;111m=[38;2;95;15;38m.[38;2;107;16;47m.[38;2;164;39;107m:[38;2;190;48;131m-[38;2;89;28;70m:[38;2;77;27;60m.[38;2;74;27;57m.[38;2;13;13;12m [38;2;13;13;13m [38;2;13;13;13m [0m
[38;2;13;13;13m [38;2;13;13;13m [38;2;13;13;13m [38;2;74;24;49m.[38;2;123;39;86m:[38;2;50;20;38m.[38;2;181;50;114m-[38;2;165;41;97m-[38;2;129;26;59m:[38;2;106;16;36m.[38;2;109;64;72m-[38;2;251;249;249m@[38;2;59;15;24m.[38;2;222;214;215m%[38;2;133;100;108m=[38;2;98;15;40m.[38;2;109;16;47m.[38;2;166;39;100m:[38;2;182;50;127m-[38;2;48;18;38m.[38;2;126;44;98m:[38;2;72;27;57m.[38;2;13;13;12m [38;2;13;13;13m [38;2;13;13;13m [0m
[38;2;13;13;13m [38;2;13;13;13m [38;2;13;13;13m [38;2;75;24;49m.[38;2;121;36;83m:[38;2;15;13;15m [38;2;59;21;46m.[38;2;161;48;104m-[38;2;132;22;64m:[38;2;111;16;44m.[38;2;105;57;68m:[38;2;227;217;219m%[38;2;68;15;29m.[38;2;204;188;191m#[38;2;131;91;102m=[38;2;107;20;47m.[38;2;120;16;51m.[38;2;161;42;100m-[38;2;62;25;50m.[38;2;15;14;12m [38;2;123;42;95m:[38;2;72;26;56m.[38;2;13;13;12m [38;2;13;13;13m [38;2;13;13;13m [0m
[38;2;13;13;13m [38;2;13;13;13m [38;2;13;13;13m [38;2;73;24;49m.[38;2;93;28;64m:[38;2;78;26;51m.[38;2;54;20;34m.[38;2;31;17;29m.[38;2;86;19;43m.[38;2;116;15;49m.[38;2;92;12;33m.[38;2;86;13;30m.[38;2;95;14;34m.[38;2;93;20;38m.[38;2;99;18;39m.[38;2;117;19;48m.[38;2;75;18;35m.[38;2;30;14;21m.[38;2;54;17;34m.[38;2;78;30;53m.[38;2;93;29;70m:[38;2;72;26;52m.[38;2;13;13;13m [38;2;13;13;13m [38;2;13;13;13m [0m
[38;2;13;13;13m [38;2;13;13;13m [38;2;13;13;13m [38;2;73;23;47m.[38;2;57;19;38m.[38;2;80;29;60m.[38;2;159;41;101m:[38;2;44;16;31m.[38;2;20;10;15m [38;2;115;19;53m.[38;2;116;19;50m.[38;2;115;15;47m.[38;2;89;16;37m.[38;2;118;21;49m:[38;2;119;26;51m:[38;2;110;18;45m.[38;2;14;12;11m [38;2;51;19;32m.[38;2;176;51;103m-[38;2;79;25;53m.[38;2;56;15;37m.[38;2;72;26;50m.[38;2;13;13;13m [38;2;13;13;13m [38;2;13;13;13m [0m
[38;2;13;13;13m [38;2;13;13;13m [38;2;13;13;13m [38;2;73;22;42m.[38;2;114;27;60m:[38;2;16;12;18m [38;2;110;35;86m:[38;2;144;33;87m:[38;2;37;12;25m.[38;2;52;18;33m.[38;2;129;30;67m:[38;2;72;18;37m.[38;2;12;11;12m [38;2;69;18;33m.[38;2;117;19;48m.[38;2;54;15;24m.[38;2;40;15;23m.[38;2;163;56;99m-[38;2;126;44;86m:[38;2;17;12;17m [38;2;111;31;64m:[38;2;73;24;47m.[38;2;13;13;13m [38;2;13;13;13m [38;2;13;13;13m [0m
[38;2;13;13;13m [38;2;13;13;13m [38;2;13;13;13m [38;2;73;22;37m.[38;2;220;49;100m-[38;2;106;25;57m:[38;2;16;13;17m [38;2;101;31;76m:[38;2;121;30;76m:[38;2;34;14;28m.[38;2;40;17;27m.[38;2;36;34;35m.[38;2;167;166;162m*[38;2;39;36;33m.[38;2;37;16;21m.[38;2;36;16;21m.[38;2;115;26;53m:[38;2;110;45;77m:[38;2;16;12;15m [38;2;107;29;60m:[38;2;235;66;131m=[38;2;72;24;45m.[38;2;13;13;13m [38;2;13;13;13m [38;2;13;13;13m [0m
[38;2;13;13;13m [38;2;13;13;13m [38;2;13;13;13m [38;2;71;21;30m.[38;2;212;45;73m-[38;2;212;47;93m-[38;2;104;25;52m:[38;2;15;12;16m [38;2;92;22;59m.[38;2;114;25;69m:[38;2;33;13;25m.[38;2;92;86;89m-[38;2;242;226;227m%[38;2;93;87;84m-[38;2;34;12;18m.[38;2;103;16;42m.[38;2;84;22;40m.[38;2;17;12;14m [38;2;106;26;52m:[38;2;230;61;109m=[38;2;230;61;111m=[38;2;71;23;41m.[38;2;13;13;13m [38;2;13;13;13m [38;2;13;13;13m [0m
[38;2;13;13;13m [38;2;13;13;13m [38;2;13;13;13m [38;2;70;21;26m.[38;2;212;45;62m-[38;2;142;37;68m:[38;2;195;46;100m-[38;2;158;34;81m:[38;2;19;10;15m [38;2;91;18;55m.[38;2;108;19;62m.[38;2;30;13;21m.[38;2;54;52;53m:[38;2;30;13;19m.[38;2;99;16;42m.[38;2;81;16;36m.[38;2;16;12;13m [38;2;164;30;66m:[38;2;203;52;96m-[38;2;150;41;84m:[38;2;229;59;107m-[38;2;71;23;40m.[38;2;13;13;13m [38;2;13;13;13m [38;2;13;13;13m [0m
[38;2;13;13;13m [38;2;13;13;13m [38;2;13;13;13m [38;2;70;20;22m.[38;2;139;36;45m:[38;2;18;12;14m [38;2;43;17;29m.[38;2;199;43;104m-[38;2;104;25;58m:[38;2;19;12;19m [38;2;84;17;47m.[38;2;95;16;47m.[38;2;41;13;25m.[38;2;90;15;41m.[38;2;86;16;41m.[38;2;19;13;16m.[38;2;103;24;49m:[38;2;203;48;96m-[38;2;41;18;26m.[38;2;17;11;16m [38;2;149;40;78m:[38;2;70;23;38m.[38;2;13;13;13m [38;2;13;13;13m [38;2;13;13;13m [0m
[38;2;13;13;13m [38;2;13;13;13m [38;2;13;13;13m [38;2;32;17;16m.[38;2;16;12;12m [38;2;13;13;14m [38;2;14;13;14m [38;2;34;16;25m.[38;2;81;22;53m.[38;2;103;24;56m:[38;2;22;12;18m.[38;2;50;16;31m.[38;2;47;14;30m.[38;2;49;14;29m.[38;2;20;12;17m [38;2;99;22;52m.[38;2;83;25;51m.[38;2;34;16;26m.[38;2;13;13;13m [38;2;13;13;13m [38;2;17;13;15m [38;2;32;18;23m.[38;2;13;13;13m [38;2;13;13;13m [38;2;13;13;13m [0m
[38;2;13;13;13m [38;2;13;13;13m [38;2;13;13;13m [38;2;13;13;13m [38;2;13;13;13m [38;2;13;13;13m [38;2;13;13;13m [38;2;13;13;14m [38;2;22;11;17m [38;2;123;52;87m:[38;2;98;24;57m.[38;2;24;12;19m.[38;2;23;12;17m.[38;2;23;12;17m.[38;2;96;23;58m.[38;2;126;50;90m:[38;2;20;12;16m [38;2;13;13;13m [38;2;13;13;13m [38;2;13;13;13m [38;2;13;13;13m [38;2;13;13;13m [38;2;13;13;13m [38;2;13;13;13m [38;2;13;13;13m [0m
[38;2;13;13;13m [38;2;13;13;13m [38;2;13;13;13m [38;2;13;13;13m [38;2;13;13;13m [38;2;13;13;13m [38;2;13;13;13m [38;2;13;13;13m [38;2;13;13;13m [38;2;12;14;13m [38;2;64;22;45m.[38;2;102;30;65m:[38;2;100;30;66m:[38;2;102;31;65m:[38;2;67;23;50m.[38;2;12;13;13m [38;2;13;13;13m [38;2;13;13;13m [38;2;13;13;13m [38;2;13;13;13m [38;2;13;13;13m [38;2;13;13;13m [38;2;13;13;13m [38;2;13;13;13m [38;2;13;13;13m [0m
[38;2;2;2;2m [38;2;13;13;13m [38;2;13;13;13m [38;2;13;13;13m [38;2;13;13;13m [38;2;13;13;13m [38;2;13;13;13m [38;2;13;13;13m [38;2;13;13;13m [38;2;13;13;13m [38;2;13;13;13m [38;2;13;13;13m [38;2;13;13;13m [38;2;13;13;13m [38;2;13;13;13m [38;2;12;14;13m [38;2;12;13;13m [38;2;13;13;13m [38;2;13;13;13m [38;2;13;13;13m [38;2;13;13;13m [38;2;13;13;13m [38;2;13;13;13m [38;2;13;13;13m [38;2;2;2;2m [0m
[38;2;0;0;0m [38;2;2;2;2m [38;2;13;13;13m [38;2;13;13;13m [38;2;10;10;10m [38;2;4;4;4m [38;2;13;13;13m [38;2;13;13;13m [38;2;13;13;13m [38;2;13;13;13m [38;2;13;13;13m [38;2;13;13;13m [38;2;13;13;13m [38;2;13;13;13m [38;2;13;13;13m [38;2;13;13;13m [38;2;13;13;13m [38;2;13;13;13m [38;2;13;13;13m [38;2;4;4;4m [38;2;10;10;10m [38;2;13;13;13m [38;2;13;13;13m [38;2;2;2;2m [38;2;0;0;0m [0m
[38;2;0;0;0m [38;2;0;0;0m [38;2;0;0;0m [38;2;0;0;0m [38;2;0;0;0m [38;2;0;0;0m [38;2;0;0;0m [38;2;5;5;5m [38;2;13;13;13m [38;2;13;13;13m [38;2;13;13;13m [38;2;13;13;13m [38;2;13;13;13m [38;2;13;13;13m [38;2;13;13;13m [38;2;13;13;13m [38;2;13;13;13m [38;2;5;5;5m [38;2;0;0;0m [38;2;0;0;0m [38;2;0;0;0m [38;2;0;0;0m [38;2;0;0;0m [38;2;0;0;0m [38;2;0;0;0m [0m
