[38;2;3;3;3m [38;2;13;13;13m [38;2;13;13;13m [38;2;13;13;13m [38;2;13;13;13m [38;2;13;13;13m [38;2;13;13;13m [38;2;13;13;13m [38;2;13;13;13m [38;2;13;13;13m [38;2;13;13;13m [38;2;13;13;13m [38;2;13;13;13m [38;2;13;13;13m [38;2;13;13;13m [38;2;13;13;13m [38;2;13;13;13m [38;2;13;13;13m [38;2;13;13;13m [38;2;13;13;13m [38;2;13;13;13m [38;2;13;13;13m [38;2;13;13;13m [38;2;13;13;13m [38;2;3;3;3m [0m
[38;2;13;13;13m [38;2;13;13;13m [38;2;13;13;13m [38;2;13;13;13m [38;2;13;13;13m [38;2;13;13;13m [38;2;13;13;13m [38;2;13;13;13m [38;2;13;13;13m [38;2;13;13;13m [38;2;13;13;13m [38;2;13;13;13m [38;2;13;13;13m [38;2;13;13;13m [38;2;13;13;13m [38;2;13;13;13m [38;2;13;13;13m [38;2;13;13;13m [38;2;13;13;13m [38;2;13;13;13m [38;2;13;13;13m [38;2;13;13;13m [38;2;13;13;13m [38;2;13;13;13m [38;2;13;13;13m [0m
[38;2;13;13;13m [38;2;13;13;13m [38;2;13;13;13m [38;2;13;13;13m [38;2;39;21;19m.[38;2;43;22;19m.[38;2;42;23;20m.[38;2;44;22;20m.[38;2;45;21;18m.[38;2;44;21;18m.[38;2;43;22;20m.[38;2;43;22;20m.[38;2;45;22;19m.[38;2;46;23;19m.[38;2;47;24;20m.[38;2;47;24;21m.[38;2;46;23;20m.[38;2;48;25;21m.[38;2;47;26;21m.[38;2;49;25;19m.[38;2;40;24;17m.[38;2;14;13;12m [38;2;13;13;13m [38;2;13;13;13m [38;2;13;13;13m [0m
[38;2;13;13;13m [38;2;13;13;13m [38;2;13;13;13m [38;2;84;53;47m:[38;2;142;80;68m-[38;2;124;72;60m-[38;2;32;17;18m.[38;2;20;14;14m.[38;2;21;15;14m.[38;2;20;14;14m.[38;2;20;14;14m.[38;2;22;14;14m.[38;2;22;14;14m.[38;2;21;15;15m.[38;2;22;16;15m.[38;2;23;15;15m.[38;2;23;15;15m.[38;2;24;15;16m.[38;2;44;27;26m.[38;2;127;78;63m-[38;2;143;88;69m-[38;2;69;41;35m:[38;2;12;13;13m [38;2;13;13;13m [38;2;13;13;13m [0m
[38;2;13;13;13m [38;2;13;13;13m [38;2;13;13;12m [38;2;114;74;65m-[38;2;20;14;12m.[38;2;13;14;14m [38;2;13;13;13m [38;2;13;13;13m [38;2;13;13;13m [38;2;13;13;13m [38;2;13;13;13m [38;2;13;13;13m [38;2;11;14;13m [38;2;13;13;13m [38;2;13;13;13m [38;2;13;13;13m [38;2;13;13;13m [38;2;11;14;13m [38;2;13;13;13m [38;2;14;12;14m [38;2;40;25;19m.[38;2;96;62;47m:[38;2;13;13;11m [38;2;13;13;13m [38;2;13;13;13m [0m
[38;2;13;13;13m [38;2;13;13;13m [38;2;13;13;13m [38;2;115;79;69m-[38;2;19;15;14m.[38;2;28;16;14m.[38;2;158;56;49m-[38;2;157;55;47m-[38;2;137;41;32m:[38;2;135;41;32m:[38;2;137;44;35m:[38;2;73;28;23m.[38;2;66;29;24m.[38;2;74;31;26m.[38;2;132;50;40m:[38;2;134;49;39m:[38;2;154;64;51m-[38;2;160;72;57m-[38;2;159;84;71m-[38;2;22;16;14m.[38;2;41;23;15m.[38;2;96;54;39m:[38;2;13;12;13m [38;2;13;13;13m [38;2;13;13;13m [0m
[38;2;13;13;13m [38;2;13;13;13m [38;2;13;13;12m [38;2;74;51;47m:[38;2;15;14;14m.[38;2;51;22;21m.[38;2;229;64;58m-[38;2;216;72;63m=[38;2;185;53;40m-[38;2;181;49;36m-[38;2;185;53;41m-[38;2;182;56;41m-[38;2;179;56;43m-[38;2;181;62;48m-[38;2;173;54;40m-[38;2;189;66;50m-[38;2;204;86;68m=[38;2;210;103;80m=[38;2;243;138;112m*[38;2;36;24;21m.[38;2;23;15;13m.[38;2;64;31;23m.[38;2;13;12;13m [38;2;13;13;13m [38;2;13;13;13m [0m
[38;2;13;13;13m [38;2;13;13;13m [38;2;13;13;14m [38;2;45;31;30m.[38;2;13;13;13m [38;2;50;24;22m.[38;2;228;75;65m=[38;2;211;68;56m-[38;2;177;47;34m-[38;2;178;43;32m-[38;2;167;34;23m:[38;2;159;29;18m:[38;2;167;43;32m:[38;2;156;39;28m:[38;2;136;25;17m:[38;2;154;38;26m:[38;2;166;56;39m-[38;2;212;115;88m+[38;2;244;148;119m*[38;2;37;25;21m.[38;2;15;13;12m [38;2;51;28;24m.[38;2;13;12;14m [38;2;13;13;13m [38;2;13;13;13m [0m
[38;2;13;13;13m [38;2;13;13;13m [38;2;13;13;14m [38;2;41;26;25m.[38;2;13;13;13m [38;2;48;23;21m.[38;2;229;79;70m=[38;2;228;91;77m=[38;2;207;72;58m=[38;2;182;45;34m-[38;2;149;20;11m:[38;2;142;17;11m:[38;2;145;22;16m:[38;2;141;22;15m:[38;2;138;24;17m:[38;2;143;32;22m:[38;2;161;50;36m-[38;2;212;111;88m+[38;2;243;146;117m*[38;2;35;26;21m.[38;2;14;13;12m [38;2;53;31;28m.[38;2;13;12;14m [38;2;13;13;13m [38;2;13;13;13m [0m
[38;2;13;13;13m [38;2;13;13;13m [38;2;14;13;13m [38;2;89;62;52m:[38;2;16;14;13m.[38;2;47;23;21m.[38;2;227;76;68m=[38;2;230;97;81m=[38;2;200;71;58m-[38;2;166;44;35m:[38;2;127;13;14m.[38;2;110;12;11m.[38;2;118;13;10m.[38;2;139;20;15m:[38;2;150;31;26m:[38;2;152;42;33m:[38;2;167;56;44m-[38;2;209;101;80m=[38;2;241;137;109m*[38;2;35;25;21m.[38;2;30;20;15m.[38;2;79;46;33m:[38;2;13;13;12m [38;2;13;13;13m [38;2;13;13;13m [0m
[38;2;13;13;13m [38;2;13;13;13m [38;2;13;13;13m [38;2;113;80;68m-[38;2;19;15;14m.[38;2;49;23;22m.[38;2;228;80;71m=[38;2;218;87;73m=[38;2;151;59;50m-[38;2;156;102;99m=[38;2;83;19;19m.[38;2;132;87;85m-[38;2;116;29;26m:[38;2;148;29;24m:[38;2;136;34;29m:[38;2;167;107;103m=[38;2;140;52;42m:[38;2;204;108;84m=[38;2;241;151;119m*[38;2;37;28;24m.[38;2;40;21;17m.[38;2;92;48;35m:[38;2;12;13;13m [38;2;13;13;13m [38;2;13;13;13m [0m
[38;2;13;13;13m [38;2;13;13;13m [38;2;13;13;13m [38;2;112;72;59m-[38;2;19;14;13m.[38;2;46;23;20m.[38;2;214;78;65m=[38;2;218;91;77m=[38;2;147;83;76m-[38;2;249;246;246m@[38;2;70;19;18m.[38;2;207;196;193m#[38;2;157;114;117m=[38;2;132;31;27m:[38;2;152;87;87m=[38;2;238;231;228m%[38;2;116;40;30m:[38;2;207;116;93m+[38;2;232;141;109m*[38;2;34;24;20m.[38;2;39;24;17m.[38;2;95;59;45m:[38;2;12;13;13m [38;2;13;13;13m [38;2;13;13;13m [0m
[38;2;13;13;13m [38;2;13;13;13m [38;2;13;13;14m [38;2;109;63;51m-[38;2;19;13;12m.[38;2;43;22;19m.[38;2;206;73;57m=[38;2;206;84;68m=[38;2;148;80;75m-[38;2;249;247;246m@[38;2;82;23;22m.[38;2;147;120;120m=[38;2;208;191;189m#[38;2;111;24;19m.[38;2;181;154;152m*[38;2;177;154;153m*[38;2;115;37;25m:[38;2;194;102;81m=[38;2;231;135;105m+[38;2;37;25;22m.[38;2;39;25;21m.[38;2;94;67;53m-[38;2;11;13;12m [38;2;13;13;13m [38;2;13;13;13m [0m
[38;2;13;13;13m [38;2;13;13;13m [38;2;13;13;13m [38;2;44;25;20m.[38;2;13;13;13m [38;2;45;25;20m.[38;2;213;84;65m=[38;2;189;71;53m-[38;2;138;74;67m-[38;2;248;247;246m@[38;2;78;20;17m.[38;2;94;45;44m:[38;2;249;247;246m@[38;2;83;30;28m.[38;2;230;224;222m%[38;2;131;84;79m-[38;2;124;44;27m:[38;2;194;106;83m=[38;2;233;132;103m+[38;2;37;26;22m.[38;2;13;13;13m [38;2;48;31;27m.[38;2;13;12;12m [38;2;13;13;13m [38;2;13;13;13m [0m
[38;2;13;13;13m [38;2;13;13;13m [38;2;13;13;13m [38;2;39;23;21m.[38;2;13;13;13m [38;2;46;28;23m.[38;2;216;91;71m=[38;2;184;69;51m-[38;2;134;73;64m-[38;2;248;247;246m@[38;2;77;17;15m.[38;2;77;11;11m.[38;2;214;205;204m#[38;2;164;145;145m+[38;2;238;233;233m%[38;2;89;23;17m.[38;2;125;39;23m:[38;2;207;113;91m+[38;2;236;128;102m+[38;2;39;27;23m.[38;2;13;13;13m [38;2;48;31;28m.[38;2;13;13;12m [38;2;13;13;13m [38;2;13;13;13m [0m
[38;2;13;13;13m [38;2;13;13;13m [38;2;13;13;14m [38;2;42;26;22m.[38;2;13;13;12m [38;2;48;30;26m.[38;2;215;99;78m=[38;2;179;73;53m-[38;2;132;76;67m-[38;2;249;247;246m@[38;2;92;19;17m.[38;2;80;11;9m.[38;2;149;124;123m+[38;2;250;251;249m@[38;2;184;162;159m*[38;2;101;22;14m.[38;2;156;57;42m-[38;2;223;121;97m+[38;2;236;124;101m+[38;2;39;26;23m.[38;2;14;12;13m [38;2;44;29;27m.[38;2;12;13;13m [38;2;13;13;13m [38;2;13;13;13m [0m
[38;2;13;13;13m [38;2;13;13;13m [38;2;13;13;13m [38;2;47;31;27m.[38;2;13;13;13m [38;2;50;30;26m.[38;2;223;114;93m+[38;2;197;99;76m=[38;2;133;77;67m-[38;2;225;216;213m%[38;2;102;24;17m.[38;2;107;15;10m.[38;2;102;49;47m:[38;2;230;222;220m%[38;2;135;81;75m-[38;2;121;25;17m:[38;2;175;65;50m-[38;2;231;131;107m+[38;2;242;134;113m+[38;2;37;24;21m.[38;2;13;13;13m [38;2;45;29;27m.[38;2;12;12;12m [38;2;13;13;13m [38;2;13;13;13m [0m
[38;2;13;13;13m [38;2;13;13;13m [38;2;13;13;13m [38;2;54;34;26m.[38;2;13;13;13m [38;2;50;33;29m.[38;2;237;138;113m*[38;2;218;119;93m+[38;2;146;62;44m-[38;2;104;32;18m:[38;2;109;19;10m.[38;2;123;20;13m.[38;2;114;15;11m.[38;2;92;13;8m.[38;2;110;20;13m.[38;2;123;24;16m:[38;2;160;55;38m-[38;2;208;109;86m+[38;2;239;135;110m+[38;2;38;23;21m.[38;2;13;13;12m [38;2;46;31;29m.[38;2;12;13;13m [38;2;13;13;13m [38;2;13;13;13m [0m
[38;2;13;13;13m [38;2;13;13;13m [38;2;13;13;12m [38;2;119;79;63m-[38;2;20;15;14m.[38;2;17;13;14m [38;2;176;114;93m=[38;2;229;131;103m+[38;2;190;98;73m=[38;2;144;49;30m:[38;2;131;33;18m:[38;2;129;23;13m:[38;2;126;18;12m.[38;2;109;16;11m.[38;2;107;16;11m.[38;2;131;31;21m:[38;2;164;62;46m-[38;2;206;103;83m=[38;2;166;92;76m=[38;2;16;13;13m [38;2;38;24;18m.[38;2;88;55;46m:[38;2;11;13;13m [38;2;13;13;13m [38;2;13;13;13m [0m
[38;2;13;13;13m [38;2;13;13;13m [38;2;13;13;12m [38;2;78;52;41m:[38;2;81;45;34m:[38;2;14;13;13m [38;2;23;17;15m.[38;2;161;91;72m=[38;2;189;98;74m=[38;2;169;70;49m-[38;2;166;59;39m-[38;2;151;39;24m:[38;2;128;24;13m:[38;2;123;24;16m:[38;2;141;33;22m:[38;2;161;52;37m-[38;2;183;83;67m=[38;2;136;61;50m-[38;2;21;16;14m.[38;2;14;13;13m [38;2;87;54;45m:[38;2;56;36;31m.[38;2;12;13;13m [38;2;13;13;13m [38;2;13;13;13m [0m
[38;2;13;13;13m [38;2;13;13;13m [38;2;13;13;13m [38;2;12;13;13m [38;2;92;53;43m:[38;2;82;40;31m:[38;2;13;15;12m.[38;2;22;17;13m.[38;2;146;77;59m-[38;2;202;100;77m=[38;2;200;87;67m=[38;2;181;59;45m-[38;2;151;40;28m:[38;2;134;30;17m:[38;2;158;54;38m-[38;2;185;80;63m=[38;2;141;61;49m-[38;2;21;15;13m.[38;2;12;13;13m [38;2;85;47;40m:[38;2;81;46;39m:[38;2;12;13;13m [38;2;13;13;13m [38;2;13;13;13m [38;2;13;13;13m [0m
[38;2;13;13;13m [38;2;13;13;13m [38;2;13;13;13m [38;2;13;13;13m [38;2;13;13;13m [38;2;89;43;31m:[38;2;78;32;20m.[38;2;16;13;12m [38;2;22;15;15m.[38;2;165;83;66m=[38;2;215;104;81m=[38;2;206;85;68m=[38;2;177;62;46m-[38;2;161;49;35m-[38;2;181;72;56m-[38;2;140;59;47m-[38;2;23;17;15m.[38;2;14;14;14m [38;2;87;46;38m:[38;2;76;41;32m:[38;2;12;12;13m [38;2;12;13;13m [38;2;13;13;13m [38;2;13;13;13m [38;2;13;13;13m [0m
[38;2;3;3;3m [38;2;13;13;13m [38;2;13;13;13m [38;2;13;13;13m [38;2;13;13;13m [38;2;14;13;11m [38;2;82;34;26m:[38;2;81;29;23m.[38;2;14;13;12m [38;2;25;17;15m.[38;2;168;82;62m-[38;2;208;94;74m=[38;2;186;74;57m-[38;2;190;80;62m=[38;2;150;64;51m-[38;2;24;14;13m.[38;2;14;13;15m [38;2;87;33;25m:[38;2;73;35;29m:[38;2;12;13;12m [38;2;13;13;13m [38;2;13;13;13m [38;2;13;13;13m [38;2;13;13;13m [38;2;3;3;3m [0m
[38;2;0;0;0m [38;2;4;4;4m [38;2;13;13;13m [38;2;13;13;13m [38;2;13;13;13m [38;2;13;13;13m [38;2;13;12;13m [38;2;80;37;30m:[38;2;85;35;26m:[38;2;15;13;13m [38;2;27;16;15m.[38;2;94;42;36m:[38;2;103;46;39m:[38;2;95;41;35m:[38;2;26;15;13m.[38;2;13;12;13m [38;2;87;30;23m.[38;2;71;22;18m.[38;2;12;12;12m [38;2;12;13;13m [38;2;12;14;12m [38;2;12;13;12m [38;2;13;13;13m [38;2;4;4;4m [38;2;0;0;0m [0m
[38;2;0;0;0m [38;2;0;0;0m [38;2;4;4;4m [38;2;13;13;13m [38;2;13;13;13m [38;2;13;13;13m [38;2;13;13;13m [38;2;13;12;12m [38;2;80;33;26m.[38;2;88;36;25m:[38;2;14;14;14m [38;2;14;14;13m [38;2;13;13;13m [38;2;13;13;13m [38;2;13;13;13m [38;2;94;50;40m:[38;2;72;35;29m.[38;2;12;13;14m [38;2;12;13;13m [38;2;13;13;13m [38;2;13;13;13m [38;2;13;13;13m [38;2;4;4;4m [38;2;0;0;0m [38;2;0;0;0m [0m
[38;2;0;0;0m [38;2;0;0;0m [38;2;0;0;0m [38;2;4;4;4m [38;2;13;13;13m [38;2;13;13;13m [38;2;13;13;13m [38;2;13;13;13m [38;2;13;13;13m [38;2;73;34;25m.[38;2;89;39;30m:[38;2;26;17;11m.[38;2;27;16;14m.[38;2;26;16;15m.[38;2;99;58;48m:[38;2;70;42;39m:[38;2;12;12;10m [38;2;13;13;12m [38;2;13;13;13m [38;2;13;13;13m [38;2;13;13;13m [38;2;4;4;4m [38;2;0;0;0m [38;2;0;0;0m [38;2;0;0;0m [0m
[38;2;0;0;0m [38;2;0;0;0m [38;2;0;0;0m [38;2;0;0;0m [38;2;4;4;4m [38;2;13;13;13m [38;2;13;13;13m [38;2;13;13;13m [38;2;13;13;13m [38;2;13;13;13m [38;2;61;29;22m.[38;2;96;36;28m:[38;2;101;40;32m:[38;2;103;44;37m:[38;2;62;35;31m.[38;2;13;13;13m [38;2;13;13;13m [38;2;13;13;13m [38;2;13;13;13m [38;2;13;13;13m [38;2;4;4;4m [38;2;0;0;0m [38;2;0;0;0m [38;2;0;0;0m [38;2;0;0;0m [0m
[38;2;0;0;0m [38;2;0;0;0m [38;2;0;0;0m [38;2;0;0;0m [38;2;0;0;0m [38;2;5;5;5m [38;2;13;13;13m [38;2;13;13;13m [38;2;13;13;13m [38;2;13;13;13m [38;2;13;13;13m [38;2;13;13;13m [38;2;13;13;13m [38;2;13;13;13m [38;2;13;13;13m [38;2;12;14;13m [38;2;12;13;13m [38;2;13;13;13m [38;2;13;13;13m [38;2;5;5;5m [38;2;0;0;0m [38;2;0;0;0m [38;2;0;0;0m [38;2;0;0;0m [38;2;0;0;0m [0m
[38;2;0;0;0m [38;2;0;0;0m [38;2;0;0;0m [38;2;0;0;0m [38;2;0;0;0m [38;2;0;0;0m [38;2;5;5;5m [38;2;13;13;13m [38;2;13;13;13m [38;2;13;13;13m [38;2;13;13;13m [38;2;13;13;13m [38;2;13;13;13m [38;2;13;13;13m [38;2;13;13;13m [38;2;13;13;13m [38;2;13;13;13m [38;2;13;13;13m [38;2;5;5;5m [38;2;0;0;0m [38;2;0;0;0m [38;2;0;0;0m [38;2;0;0;0m [38;2;0;0;0m [38;2;0;0;0m [0m
[38;2;0;0;0m [38;2;0;0;0m [38;2;0;0;0m [38;2;0;0;0m [38;2;0;0;0m [38;2;0;0;0m [38;2;0;0;0m [38;2;5;5;5m [38;2;13;13;13m [38;2;13;13;13m [38;2;13;13;13m [38;2;13;13;13m [38;2;13;13;13m [38;2;13;13;13m [38;2;13;13;13m [38;2;13;13;13m [38;2;13;13;13m [38;2;5;5;5m [38;2;0;0;0m [38;2;0;0;0m [38;2;0;0;0m [38;2;0;0;0m [38;2;0;0;0m [38;2;0;0;0m [38;2;0;0;0m [0m
