[38;2;2;2;2m [38;2;13;13;13m [38;2;13;13;13m [38;2;13;13;13m [38;2;13;13;13m [38;2;13;13;13m [38;2;13;13;13m [38;2;13;13;13m [38;2;13;13;13m [38;2;13;13;13m [38;2;13;13;13m [38;2;13;13;13m [38;2;13;13;13m [38;2;13;13;13m [38;2;13;13;13m [38;2;13;13;13m [38;2;13;13;13m [38;2;13;13;13m [38;2;13;13;13m [38;2;13;13;13m [38;2;13;13;13m [38;2;13;13;13m [38;2;13;13;13m [38;2;13;13;13m [38;2;2;2;2m [0m
[38;2;13;13;13m [38;2;13;13;13m [38;2;13;13;13m [38;2;13;13;13m [38;2;13;13;13m [38;2;13;13;13m [38;2;13;13;13m [38;2;13;13;13m [38;2;13;13;13m [38;2;13;13;13m [38;2;13;13;13m [38;2;13;13;13m [38;2;13;12;12m [38;2;13;13;13m [38;2;13;13;13m [38;2;13;13;13m [38;2;13;13;13m [38;2;13;13;13m [38;2;13;13;13m [38;2;13;13;13m [38;2;13;13;13m [38;2;13;13;13m [38;2;13;13;13m [38;2;13;13;13m [38;2;13;13;13m [0m
[38;2;13;13;13m [38;2;13;13;13m [38;2;13;13;13m [38;2;13;13;13m [38;2;15;12;13m [38;2;16;12;13m [38;2;18;12;15m [38;2;111;35;77m:[38;2;130;51;106m-[38;2;20;12;16m [38;2;25;13;18m.[38;2;150;72;100m-[38;2;145;74;91m-[38;2;150;66;73m-[38;2;26;13;14m.[38;2;19;11;12m [38;2;124;46;46m:[38;2;124;45;44m:[38;2;20;12;14m [38;2;16;12;12m [38;2;16;12;12m [38;2;13;13;13m [38;2;13;13;13m [38;2;13;13;13m [38;2;13;13;13m [0m
[38;2;13;13;13m [38;2;13;13;13m [38;2;13;13;13m [38;2;53;21;35m.[38;2;152;48;95m-[38;2;198;57;120m-[38;2;126;44;86m:[38;2;118;41;87m:[38;2;120;45;91m:[38;2;108;40;80m:[38;2;106;41;76m:[38;2;130;64;96m-[38;2;122;64;80m-[38;2;130;60;75m-[38;2;108;40;46m:[38;2;108;40;42m:[38;2;121;44;44m:[38;2;120;41;40m:[38;2;130;42;40m:[38;2;202;59;57m-[38;2;149;47;47m:[38;2;52;22;23m.[38;2;13;13;13m [38;2;13;13;13m [38;2;13;13;13m [0m
[38;2;13;13;13m [38;2;13;13;13m [38;2;13;13;13m [38;2;75;32;50m.[38;2;58;22;41m.[38;2;42;20;30m.[38;2;14;13;13m [38;2;13;13;13m [38;2;13;13;13m [38;2;13;12;14m [38;2;14;14;13m [38;2;15;15;15m.[38;2;115;115;116m=[38;2;15;15;15m.[38;2;13;13;13m [38;2;13;13;12m [38;2;14;12;11m [38;2;14;13;11m [38;2;14;12;12m [38;2;43;18;19m.[38;2;57;22;21m.[38;2;70;31;33m.[38;2;13;13;13m [38;2;13;13;13m [38;2;13;13;13m [0m
[38;2;13;13;13m [38;2;13;13;13m [38;2;13;13;13m [38;2;75;32;49m.[38;2;57;24;39m.[38;2;73;32;55m.[38;2;165;63;121m-[38;2;146;46;101m-[38;2;109;17;53m.[38;2;60;15;33m.[38;2;20;19;19m.[38;2;173;169;170m*[38;2;250;247;248m@[38;2;172;145;150m+[38;2;20;16;15m.[38;2;55;14;20m.[38;2;104;19;22m.[38;2;139;42;45m:[38;2;160;53;53m-[38;2;66;27;25m.[38;2;58;23;21m.[38;2;69;30;31m.[38;2;13;13;11m [38;2;13;13;13m [38;2;13;13;13m [0m
[38;2;13;13;13m [38;2;13;13;13m [38;2;13;13;13m [38;2;77;30;46m.[38;2;101;38;62m:[38;2;50;24;38m.[38;2;93;37;69m:[38;2;81;32;62m:[38;2;64;15;36m.[38;2;63;17;35m.[38;2;20;14;18m.[38;2;122;118;120m=[38;2;165;159;159m*[38;2;125;101;104m=[38;2;20;12;16m [38;2;62;16;25m.[38;2;61;16;20m.[38;2;77;29;31m.[38;2;89;35;36m:[38;2;47;21;22m.[38;2;101;40;40m:[38;2;71;31;32m.[38;2;13;13;13m [38;2;13;13;13m [38;2;13;13;13m [0m
[38;2;13;13;13m [38;2;13;13;13m [38;2;13;13;13m [38;2;76;30;43m.[38;2;123;49;76m:[38;2;53;24;37m.[38;2;100;35;63m:[38;2;87;30;57m:[38;2;72;15;35m.[38;2;71;14;34m.[38;2;70;15;36m.[38;2;49;14;27m.[38;2;13;12;14m [38;2;44;15;27m.[38;2;68;15;35m.[38;2;67;15;31m.[38;2;68;14;27m.[38;2;83;26;41m.[38;2;99;33;43m:[38;2;51;21;24m.[38;2;126;50;51m:[38;2;71;31;29m.[38;2;13;13;11m [38;2;13;13;13m [38;2;13;13;13m [0m
[38;2;13;13;13m [38;2;13;13;13m [38;2;13;13;13m [38;2;76;29;43m.[38;2;124;48;77m:[38;2;103;43;70m:[38;2;218;79;151m=[38;2;183;56;120m-[38;2;127;15;49m.[38;2;123;16;50m.[38;2;125;17;53m:[38;2;124;17;57m:[38;2;73;14;39m.[38;2;123;19;60m:[38;2;121;18;57m:[38;2;116;16;49m.[38;2;121;17;43m.[38;2;181;58;103m-[38;2;219;76;115m=[38;2;95;39;53m:[38;2;124;51;52m:[38;2;71;30;30m.[38;2;13;13;13m [38;2;13;13;13m [38;2;13;13;13m [0m
[38;2;13;13;13m [38;2;13;13;13m [38;2;13;13;13m [38;2;76;28;49m.[38;2;70;25;45m.[38;2;105;40;68m:[38;2;214;81;144m=[38;2;184;61;115m-[38;2;120;16;42m.[38;2;112;18;40m.[38;2;111;17;43m.[38;2;110;17;46m.[38;2;102;15;44m.[38;2;107;17;48m.[38;2;106;16;48m.[38;2;107;16;48m.[38;2;113;16;46m.[38;2;178;59;115m-[38;2;216;77;132m=[38;2;97;37;60m:[38;2;69;25;28m.[38;2;72;31;32m.[38;2;13;13;11m [38;2;13;13;13m [38;2;13;13;13m [0m
[38;2;13;13;13m [38;2;13;13;13m [38;2;13;13;13m [38;2;77;29;52m.[38;2;64;22;43m.[38;2;103;39;65m:[38;2;212;82;137m=[38;2;180;64;111m-[38;2;114;16;37m.[38;2;106;15;35m.[38;2;106;15;38m.[38;2;87;14;33m.[38;2;142;108;118m=[38;2;87;15;36m.[38;2;97;17;43m.[38;2;101;16;45m.[38;2;107;15;48m.[38;2;178;59;126m-[38;2;216;81;150m=[38;2;98;36;68m:[38;2;63;22;28m.[38;2;72;30;37m.[38;2;13;13;13m [38;2;13;13;13m [38;2;13;13;13m [0m
[38;2;13;13;13m [38;2;13;13;13m [38;2;13;13;13m [38;2;75;29;50m.[38;2;177;88;124m=[38;2;107;41;73m:[38;2;216;86;145m=[38;2;184;64;114m-[38;2;111;14;33m.[38;2;100;15;29m.[38;2;96;16;31m.[38;2;87;33;45m:[38;2;243;238;238m%[38;2;77;20;36m.[38;2;91;16;37m.[38;2;95;16;40m.[38;2;103;17;49m.[38;2;178;59;139m-[38;2;211;80;163m=[38;2;103;38;75m:[38;2;174;91;118m=[38;2;70;30;41m.[38;2;13;13;13m [38;2;13;13;13m [38;2;13;13;13m [0m
[38;2;13;13;13m [38;2;13;13;13m [38;2;13;13;13m [38;2;78;27;52m.[38;2;112;41;80m:[38;2;99;38;66m:[38;2;210;81;148m=[38;2;175;60;108m-[38;2;102;28;42m:[38;2;98;41;49m:[38;2;93;41;48m:[38;2;141;116;120m=[38;2;254;255;254m@[38;2;127;97;104m=[38;2;93;41;54m:[38;2;96;42;60m:[38;2;95;26;52m:[38;2;170;58;130m-[38;2;211;77;170m=[38;2;96;37;77m:[38;2;115;43;75m:[38;2;72;30;47m.[38;2;13;13;13m [38;2;13;13;13m [38;2;13;13;13m [0m
[38;2;13;13;13m [38;2;13;13;13m [38;2;13;13;13m [38;2;75;27;52m.[38;2;58;22;39m.[38;2;97;36;64m:[38;2;209;77;145m=[38;2;175;56;106m-[38;2;98;33;46m:[38;2;198;184;185m#[38;2;255;254;254m@[38;2;255;255;255m@[38;2;255;255;255m@[38;2;255;255;255m@[38;2;255;255;254m@[38;2;185;169;174m*[38;2;91;26;47m.[38;2;162;44;112m-[38;2;193;57;146m-[38;2;91;30;70m:[38;2;58;21;40m.[38;2;73;29;52m.[38;2;13;13;13m [38;2;13;13;13m [38;2;13;13;13m [0m
[38;2;13;13;13m [38;2;13;13;13m [38;2;13;13;13m [38;2;75;25;52m.[38;2;80;24;54m.[38;2;92;29;55m:[38;2;194;55;119m-[38;2;166;46;93m-[38;2;106;12;34m.[38;2;80;14;24m.[38;2;152;130;133m+[38;2;255;255;255m@[38;2;255;255;255m@[38;2;254;254;254m@[38;2;136;112;118m=[38;2;77;12;29m.[38;2;102;14;40m.[38;2;157;39;100m:[38;2;188;48;129m-[38;2;89;29;66m:[38;2;79;25;57m.[38;2;72;28;54m.[38;2;13;13;13m [38;2;13;13;13m [38;2;13;13;13m [0m
[38;2;13;13;13m [38;2;13;13;13m [38;2;13;13;13m [38;2;76;24;49m.[38;2;122;38;84m:[38;2;49;20;36m.[38;2;178;49;112m-[38;2;161;39;88m:[38;2;114;14;39m.[38;2;96;14;31m.[38;2;128;91;97m=[38;2;255;255;254m@[38;2;254;253;253m@[38;2;254;255;254m@[38;2;111;69;79m-[38;2;92;14;33m.[38;2;106;17;43m.[38;2;164;35;97m:[38;2;185;47;123m-[38;2;50;20;39m.[38;2;124;42;93m:[38;2;72;26;56m.[38;2;13;13;12m [38;2;13;13;13m [38;2;13;13;13m [0m
[38;2;13;13;13m [38;2;13;13;13m [38;2;13;13;13m [38;2;74;23;49m.[38;2;120;37;83m:[38;2;18;13;17m.[38;2;55;20;40m.[38;2;148;37;83m:[38;2;117;14;45m.[38;2;93;11;30m.[38;2;185;166;168m*[38;2;186;169;170m*[38;2;83;42;50m:[38;2;198;185;187m#[38;2;166;143;146m+[38;2;91;13;33m.[38;2;111;14;42m.[38;2;149;37;88m:[38;2;59;21;48m.[38;2;15;13;14m [38;2;123;40;87m:[38;2;71;26;52m.[38;2;13;13;12m [38;2;13;13;13m [38;2;13;13;13m [0m
[38;2;13;13;13m [38;2;13;13;13m [38;2;13;13;13m [38;2;73;23;48m.[38;2;92;28;62m:[38;2;74;20;46m.[38;2;51;18;32m.[38;2;26;15;25m.[38;2;77;16;35m.[38;2;94;15;38m.[38;2;129;93;99m=[38;2;81;11;25m.[38;2;91;13;28m.[38;2;78;13;25m.[38;2;131;93;99m=[38;2;94;13;32m.[38;2;74;16;32m.[38;2;26;15;20m.[38;2;50;14;28m.[38;2;76;22;43m.[38;2;94;29;63m:[38;2;70;26;50m.[38;2;13;13;13m [38;2;13;13;13m [38;2;13;13;13m [0m
[38;2;13;13;13m [38;2;13;13;13m [38;2;13;13;13m [38;2;72;23;46m.[38;2;56;19;38m.[38;2;78;26;55m.[38;2;156;36;93m:[38;2;45;17;28m.[38;2;16;12;13m [38;2;99;16;42m.[38;2;99;11;36m.[38;2;107;14;38m.[38;2;81;14;31m.[38;2;108;14;35m.[38;2;98;11;29m.[38;2;94;16;34m.[38;2;16;12;13m [38;2;45;13;22m.[38;2;165;40;81m:[38;2;74;23;46m.[38;2;56;15;32m.[38;2;71;25;48m.[38;2;13;13;13m [38;2;13;13;13m [38;2;13;13;13m [0m
[38;2;13;13;13m [38;2;13;13;13m [38;2;13;13;13m [38;2;73;22;40m.[38;2;111;26;57m:[38;2;16;13;15m [38;2;105;31;78m:[38;2;141;32;82m:[38;2;35;13;25m.[38;2;47;14;26m.[38;2;117;15;47m.[38;2;61;16;30m.[38;2;12;13;11m [38;2;65;15;26m.[38;2;112;15;38m.[38;2;48;15;21m.[38;2;37;13;18m.[38;2;141;30;65m:[38;2;111;32;59m:[38;2;15;13;14m [38;2;111;29;60m:[38;2;70;24;45m.[38;2;13;13;13m [38;2;13;13;13m [38;2;13;13;13m [0m
[38;2;13;13;13m [38;2;13;13;13m [38;2;13;13;13m [38;2;71;20;34m.[38;2;217;49;92m-[38;2;106;25;53m:[38;2;17;11;14m [38;2;94;25;66m:[38;2;106;15;53m.[38;2;30;15;22m.[38;2;34;14;21m.[38;2;36;34;35m.[38;2;171;170;167m*[38;2;38;35;32m.[38;2;35;14;19m.[38;2;32;13;16m.[38;2;100;14;32m.[38;2;90;24;46m.[38;2;16;13;13m [38;2;103;27;49m:[38;2;230;60;109m=[38;2;70;23;40m.[38;2;13;13;13m [38;2;13;13;13m [38;2;13;13;13m [0m
[38;2;13;13;13m [38;2;13;13;13m [38;2;13;13;13m [38;2;70;20;28m.[38;2;205;45;66m-[38;2;207;49;84m-[38;2;103;25;53m:[38;2;17;11;16m [38;2;78;15;43m.[38;2;100;15;48m.[38;2;32;12;22m.[38;2;93;87;90m-[38;2;244;226;228m%[38;2;94;84;83m-[38;2;34;12;17m.[38;2;97;14;33m.[38;2;73;15;29m.[38;2;16;12;8m [38;2;103;25;44m:[38;2;223;57;89m-[38;2;220;58;90m-[38;2;70;23;37m.[38;2;13;13;13m [38;2;13;13;13m [38;2;13;13;13m [0m
[38;2;13;13;13m [38;2;13;13;13m [38;2;13;13;13m [38;2;70;20;24m.[38;2;206;45;56m-[38;2;140;37;58m:[38;2;194;48;95m-[38;2;161;33;85m:[38;2;20;11;17m [38;2;81;15;44m.[38;2;99;15;48m.[38;2;31;13;21m.[38;2;54;53;54m:[38;2;29;13;19m.[38;2;95;15;38m.[38;2;75;15;31m.[38;2;18;12;13m [38;2;159;33;62m:[38;2;198;52;87m-[38;2;147;40;69m:[38;2;219;56;88m-[38;2;69;22;35m.[38;2;13;13;12m [38;2;13;13;13m [38;2;13;13;13m [0m
[38;2;13;13;13m [38;2;13;13;13m [38;2;13;13;13m [38;2;69;20;21m.[38;2;137;35;43m:[38;2;16;14;12m.[38;2;40;16;26m.[38;2;200;47;103m-[38;2;105;26;57m:[38;2;20;11;17m [38;2;81;17;45m.[38;2;93;15;46m.[38;2;41;13;25m.[38;2;87;14;38m.[38;2;77;15;33m.[38;2;17;13;14m [38;2;104;24;51m:[38;2;203;52;93m-[38;2;41;17;25m.[38;2;17;11;15m [38;2;144;41;69m:[38;2;68;23;33m.[38;2;13;13;13m [38;2;13;13;13m [38;2;13;13;13m [0m
[38;2;13;13;13m [38;2;13;13;13m [38;2;13;13;13m [38;2;32;17;16m.[38;2;17;13;13m [38;2;13;13;14m [38;2;13;12;13m [38;2;34;17;25m.[38;2;82;24;50m.[38;2;104;25;58m:[38;2;19;12;16m [38;2;47;14;29m.[38;2;45;13;28m.[38;2;46;14;27m.[38;2;18;12;14m [38;2;96;22;50m.[38;2;82;26;49m.[38;2;34;16;25m.[38;2;13;12;12m [38;2;13;13;14m [38;2;16;12;15m [38;2;31;18;23m.[38;2;13;13;13m [38;2;13;13;13m [38;2;13;13;13m [0m
[38;2;13;13;13m [38;2;13;13;13m [38;2;13;13;13m [38;2;13;13;13m [38;2;13;13;13m [38;2;13;13;13m [38;2;13;13;13m [38;2;13;13;13m [38;2;23;12;17m.[38;2;124;46;86m:[38;2;100;26;60m:[38;2;25;11;18m.[38;2;25;12;16m.[38;2;24;12;16m.[38;2;95;24;59m.[38;2;126;49;96m:[38;2;21;12;16m.[38;2;13;13;12m [38;2;13;13;13m [38;2;13;13;12m [38;2;13;13;12m [38;2;13;13;13m [38;2;13;13;13m [38;2;13;13;13m [38;2;13;13;13m [0m
[38;2;13;13;13m [38;2;13;13;13m [38;2;13;13;13m [38;2;13;13;13m [38;2;13;13;13m [38;2;13;13;13m [38;2;13;13;13m [38;2;13;13;13m [38;2;13;13;13m [38;2;13;13;13m [38;2;66;23;43m.[38;2;104;31;68m:[38;2;102;32;68m:[38;2;104;32;69m:[38;2;67;23;52m.[38;2;13;13;12m [38;2;13;13;12m [38;2;13;13;13m [38;2;13;13;13m [38;2;13;13;13m [38;2;13;13;13m [38;2;13;13;13m [38;2;13;13;13m [38;2;13;13;13m [38;2;13;13;13m [0m
[38;2;2;2;2m [38;2;13;13;13m [38;2;13;13;13m [38;2;13;13;13m [38;2;13;13;13m [38;2;13;13;13m [38;2;13;13;13m [38;2;13;13;13m [38;2;13;13;13m [38;2;13;13;13m [38;2;13;13;13m [38;2;13;13;13m [38;2;13;13;13m [38;2;13;13;13m [38;2;13;13;13m [38;2;13;13;13m [38;2;13;13;13m [38;2;13;13;13m [38;2;13;13;13m [38;2;13;13;13m [38;2;13;13;13m [38;2;13;13;13m [38;2;13;13;13m [38;2;13;13;13m [38;2;2;2;2m [0m
[38;2;0;0;0m [38;2;2;2;2m [38;2;13;13;13m [38;2;13;13;13m [38;2;10;10;10m [38;2;4;4;4m [38;2;13;13;13m [38;2;13;13;13m [38;2;13;13;13m [38;2;13;13;13m [38;2;13;13;13m [38;2;13;13;13m [38;2;13;13;13m [38;2;13;13;13m [38;2;13;13;13m [38;2;13;13;13m [38;2;13;13;13m [38;2;13;13;13m [38;2;13;13;13m [38;2;4;4;4m [38;2;10;10;10m [38;2;13;13;13m [38;2;13;13;13m [38;2;2;2;2m [38;2;0;0;0m [0m
[38;2;0;0;0m [38;2;0;0;0m [38;2;0;0;0m [38;2;0;0;0m [38;2;0;0;0m [38;2;0;0;0m [38;2;0;0;0m [38;2;5;5;5m [38;2;13;13;13m [38;2;13;13;13m [38;2;13;13;13m [38;2;13;13;13m [38;2;13;13;13m [38;2;13;13;13m [38;2;13;13;13m [38;2;13;13;13m [38;2;13;13;13m [38;2;5;5;5m [38;2;0;0;0m [38;2;0;0;0m [38;2;0;0;0m [38;2;0;0;0m [38;2;0;0;0m [38;2;0;0;0m [38;2;0;0;0m [0m
