[38;2;7;7;7m [38;2;13;13;13m [38;2;13;13;13m [38;2;13;13;13m [38;2;13;13;13m [38;2;13;13;13m [38;2;13;13;13m [38;2;13;13;13m [38;2;13;13;13m [38;2;13;13;13m [38;2;13;13;13m [38;2;13;13;13m [38;2;13;13;13m [38;2;13;13;13m [38;2;13;13;13m [38;2;13;13;13m [38;2;13;13;13m [38;2;13;13;13m [38;2;13;13;13m [38;2;13;13;13m [38;2;13;13;13m [38;2;13;13;13m [38;2;13;13;13m [38;2;13;13;13m [38;2;5;5;5m [0m
[38;2;13;13;13m [38;2;13;13;13m [38;2;13;13;13m [38;2;13;13;13m [38;2;13;13;13m [38;2;13;13;13m [38;2;13;13;13m [38;2;13;13;13m [38;2;13;13;13m [38;2;13;13;13m [38;2;13;13;13m [38;2;13;13;13m [38;2;13;13;13m [38;2;13;13;13m [38;2;13;13;13m [38;2;13;13;13m [38;2;13;13;13m [38;2;13;13;13m [38;2;13;13;13m [38;2;13;13;13m [38;2;13;13;13m [38;2;13;13;13m [38;2;13;13;13m [38;2;13;13;13m [38;2;13;13;13m [0m
[38;2;13;13;13m [38;2;13;13;13m [38;2;13;13;13m [38;2;13;13;13m [38;2;15;14;16m.[38;2;15;13;16m [38;2;15;14;17m.[38;2;15;13;19m [38;2;40;32;61m.[38;2;25;21;34m.[38;2;14;13;18m [38;2;44;37;56m.[38;2;83;69;129m-[38;2;33;29;44m.[38;2;15;14;20m.[38;2;31;28;47m.[38;2;32;28;49m.[38;2;16;14;20m.[38;2;16;14;20m.[38;2;16;14;20m.[38;2;15;14;19m.[38;2;13;12;14m [38;2;13;13;13m [38;2;13;13;13m [38;2;13;13;13m [0m
[38;2;13;13;13m [38;2;13;13;13m [38;2;13;13;13m [38;2;65;53;88m:[38;2;108;88;168m-[38;2;111;89;194m=[38;2;72;58;125m:[38;2;78;61;122m:[38;2;77;59;128m:[38;2;78;62;120m:[38;2;80;62;121m:[38;2;98;78;127m-[38;2;99;81;137m-[38;2;74;63;118m:[38;2;67;58;114m:[38;2;65;55;116m:[38;2;67;54;120m:[38;2;65;50;116m:[38;2;79;64;136m-[38;2;109;87;189m-[38;2;92;70;153m-[38;2;42;34;63m.[38;2;13;13;13m [38;2;13;13;13m [38;2;13;13;13m [0m
[38;2;13;13;13m [38;2;13;13;13m [38;2;13;13;13m [38;2;80;64;113m-[38;2;21;15;26m.[38;2;29;25;43m.[38;2;13;12;14m [38;2;13;13;13m [38;2;14;13;15m [38;2;13;13;14m [38;2;13;14;12m [38;2;42;41;41m.[38;2;77;77;77m-[38;2;30;30;30m.[38;2;13;13;13m [38;2;14;12;13m [38;2;12;12;13m [38;2;11;13;14m [38;2;13;13;12m [38;2;31;24;46m.[38;2;31;24;49m.[38;2;58;45;89m:[38;2;13;13;13m [38;2;13;13;13m [38;2;13;13;13m [0m
[38;2;13;13;13m [38;2;13;13;13m [38;2;13;13;13m [38;2;65;50;102m:[38;2;49;39;69m:[38;2;94;77;108m-[38;2;174;134;204m+[38;2;125;89;161m=[38;2;74;49;125m:[38;2;35;25;52m.[38;2;13;14;15m [38;2;161;153;173m*[38;2;210;197;226m#[38;2;121;110;140m=[38;2;11;13;11m [38;2;50;35;67m.[38;2;102;65;136m-[38;2;143;99;176m=[38;2;171;127;203m+[38;2;79;65;89m:[38;2;63;49;96m:[38;2;57;43;84m:[38;2;13;13;13m [38;2;13;13;13m [38;2;13;13;13m [0m
[38;2;13;13;13m [38;2;13;13;13m [38;2;13;13;13m [38;2;81;61;114m:[38;2;59;42;84m:[38;2;132;109;150m=[38;2;205;166;246m*[38;2;146;107;187m=[38;2;70;44;129m:[38;2;86;46;141m:[38;2;31;23;51m.[38;2;47;42;55m:[38;2;157;145;185m+[38;2;32;27;37m.[38;2;44;31;67m.[38;2;98;61;150m-[38;2;104;62;142m-[38;2;160;110;205m=[38;2;180;143;238m*[38;2;92;69;120m-[38;2;71;59;109m:[38;2;60;48;87m:[38;2;13;13;13m [38;2;13;13;13m [38;2;13;13;13m [0m
[38;2;13;13;13m [38;2;13;13;13m [38;2;13;13;13m [38;2;66;53;109m:[38;2;53;44;81m:[38;2;136;117;149m=[38;2;217;180;246m#[38;2;154;117;186m+[38;2;79;51;122m:[38;2;77;46;130m:[38;2;74;46;135m:[38;2;32;23;51m.[38;2;14;12;13m [38;2;49;32;69m.[38;2;83;52;138m:[38;2;84;52;136m:[38;2;90;55;141m:[38;2;141;109;203m=[38;2;171;140;243m+[38;2;106;70;124m-[38;2;78;63;110m:[38;2;55;44;84m:[38;2;13;13;13m [38;2;13;13;13m [38;2;13;13;13m [0m
[38;2;13;13;13m [38;2;13;13;13m [38;2;13;13;13m [38;2;71;57;111m:[38;2;20;17;27m.[38;2;127;113;146m=[38;2;217;184;247m#[38;2;172;136;189m+[38;2;101;63;134m-[38;2;74;45;122m:[38;2;78;46;130m:[38;2;89;54;143m:[38;2;52;34;87m.[38;2;85;51;145m:[38;2;71;44;127m:[38;2;70;45;124m:[38;2;79;51;138m:[38;2;128;99;203m=[38;2;170;130;248m+[38;2;105;69;125m-[38;2;37;31;56m.[38;2;61;47;89m:[38;2;13;13;13m [38;2;13;13;13m [38;2;13;13;13m [0m
[38;2;13;13;13m [38;2;13;13;13m [38;2;13;13;13m [38;2;71;56;110m:[38;2;18;16;23m.[38;2;130;116;148m=[38;2;222;198;248m#[38;2;154;124;185m+[38;2;88;54;128m:[38;2;66;43;110m:[38;2;65;41;115m:[38;2;66;40;122m:[38;2;70;44;129m:[38;2;65;41;127m:[38;2;51;38;110m:[38;2;58;41;116m:[38;2;65;41;126m:[38;2;131;91;203m=[38;2;175;124;248m+[38;2;103;66;124m-[38;2;31;27;49m.[38;2;56;44;87m:[38;2;13;13;13m [38;2;13;13;13m [38;2;13;13;13m [0m
[38;2;13;13;13m [38;2;13;13;13m [38;2;13;13;13m [38;2;81;63;111m:[38;2;18;16;23m.[38;2;143;127;154m+[38;2;199;164;247m*[38;2;144;114;180m=[38;2;74;46;116m:[38;2;78;65;109m-[38;2;86;71;115m-[38;2;61;43;101m:[38;2;109;93;139m=[38;2;50;32;95m.[38;2;79;71;113m-[38;2;74;62;116m:[38;2;71;46;125m:[38;2;122;79;198m-[38;2;153;104;240m=[38;2;93;69;117m-[38;2;35;32;51m.[38;2;58;48;85m:[38;2;13;13;13m [38;2;13;13;13m [38;2;13;13;13m [0m
[38;2;13;13;13m [38;2;13;13;13m [38;2;13;13;13m [38;2;101;83;119m-[38;2;19;15;24m.[38;2;130;110;149m=[38;2;201;156;247m*[38;2;148;112;184m=[38;2;61;34;107m:[38;2;164;159;177m*[38;2;174;170;182m*[38;2;80;68;107m-[38;2;254;253;255m@[38;2;48;38;81m:[38;2;192;188;200m#[38;2;145;139;167m+[38;2;73;46;123m:[38;2;146;103;204m=[38;2;158;107;242m+[38;2;99;82;120m-[38;2;39;36;52m.[38;2;78;64;96m:[38;2;13;13;13m [38;2;13;13;13m [38;2;13;13;13m [0m
[38;2;13;13;13m [38;2;13;13;13m [38;2;13;13;13m [38;2;102;83;120m-[38;2;19;15;25m.[38;2;125;118;146m=[38;2;204;163;245m*[38;2;137;91;187m=[38;2;80;52;114m:[38;2;172;167;178m*[38;2;167;163;179m*[38;2;76;65;103m:[38;2;254;253;255m@[38;2;46;36;78m.[38;2;192;188;199m#[38;2;146;139;165m+[38;2;70;40;121m:[38;2;129;89;193m=[38;2;170;132;236m+[38;2;87;72;116m-[38;2;46;40;54m.[38;2;82;70;95m-[38;2;13;13;13m [38;2;13;13;13m [38;2;13;13;13m [0m
[38;2;13;13;13m [38;2;13;13;13m [38;2;13;13;13m [38;2;96;71;122m-[38;2;102;76;135m-[38;2;75;67;136m-[38;2;141;135;202m+[38;2;120;96;167m=[38;2;58;48;95m:[38;2;162;159;174m*[38;2;167;163;179m*[38;2;70;62;98m:[38;2;254;253;255m@[38;2;49;38;81m:[38;2;193;189;200m#[38;2;146;138;162m+[38;2;60;36;111m:[38;2;126;89;194m=[38;2;155;121;228m+[38;2;84;62;120m-[38;2;138;108;169m=[38;2;84;71;95m-[38;2;13;13;13m [38;2;13;13;13m [38;2;13;13;13m [0m
[38;2;13;13;13m [38;2;13;13;13m [38;2;13;13;13m [38;2;87;65;116m-[38;2;61;49;79m:[38;2;74;65;140m-[38;2;117;106;211m=[38;2;112;82;177m-[38;2;90;54;117m:[38;2;172;163;183m*[38;2;167;164;179m*[38;2;71;63;99m:[38;2;254;253;255m@[38;2;53;40;83m:[38;2;193;190;201m#[38;2;144;138;160m+[38;2;50;30;99m.[38;2;139;112;190m=[38;2;211;163;247m*[38;2;101;72;120m-[38;2;80;62;107m:[38;2;69;48;92m:[38;2;13;13;13m [38;2;13;13;13m [38;2;13;13;13m [0m
[38;2;13;13;13m [38;2;13;13;13m [38;2;13;13;13m [38;2;77;62;109m:[38;2;18;15;24m.[38;2;62;49;104m:[38;2;165;123;235m+[38;2;144;96;183m=[38;2;88;55;121m:[38;2;174;165;184m*[38;2;167;165;180m*[38;2;73;64;101m:[38;2;254;253;255m@[38;2;55;43;81m:[38;2;196;191;200m#[38;2;146;138;160m+[38;2;61;37;108m:[38;2;124;85;179m=[38;2;203;145;236m*[38;2;64;48;79m:[38;2;36;29;46m.[38;2;67;45;90m:[38;2;13;13;13m [38;2;13;13;13m [38;2;13;13;13m [0m
[38;2;13;13;13m [38;2;13;13;13m [38;2;13;13;13m [38;2;78;58;112m:[38;2;19;15;25m.[38;2;14;13;16m [38;2;110;83;128m-[38;2;112;72;178m-[38;2;73;45;123m:[38;2;168;157;180m*[38;2;161;156;175m*[38;2;69;59;100m:[38;2;241;238;244m%[38;2;48;34;80m.[38;2;185;180;192m*[38;2;147;136;160m+[38;2;85;58;124m:[38;2;154;107;192m=[38;2;80;58;94m:[38;2;16;13;18m [38;2;37;29;48m.[38;2;66;44;90m:[38;2;13;13;13m [38;2;13;13;13m [38;2;13;13;13m [0m
[38;2;13;13;13m [38;2;13;13;13m [38;2;13;13;13m [38;2;73;54;109m:[38;2;19;15;26m.[38;2;107;94;113m-[38;2;31;25;34m.[38;2;52;34;90m.[38;2;80;57;129m:[38;2;79;60;108m:[38;2;61;40;102m:[38;2;56;35;103m:[38;2;45;26;87m.[38;2;47;28;89m.[38;2;58;36;90m:[38;2;79;58;100m:[38;2;108;77;137m-[38;2;46;31;64m.[38;2;42;27;51m.[38;2;70;46;93m:[38;2;37;29;49m.[38;2;64;42;89m:[38;2;13;13;13m [38;2;13;13;13m [38;2;13;13;13m [0m
[38;2;13;13;13m [38;2;13;13;13m [38;2;13;13;13m [38;2;64;46;100m:[38;2;18;15;26m.[38;2;121;103;127m=[38;2;184;139;201m+[38;2;28;17;35m.[38;2;43;28;77m.[38;2;68;43;133m:[38;2;83;52;130m:[38;2;75;48;126m:[38;2;77;47;126m:[38;2;68;43;118m:[38;2;62;37;115m:[38;2;68;40;123m:[38;2;39;26;59m.[38;2;44;38;49m.[38;2;164;127;198m+[38;2;67;47;95m:[38;2;33;26;46m.[38;2;58;39;84m:[38;2;13;13;13m [38;2;13;13;13m [38;2;13;13;13m [0m
[38;2;13;13;13m [38;2;13;13;13m [38;2;13;13;13m [38;2;46;34;74m.[38;2;91;66;148m-[38;2;17;15;21m.[38;2;148;103;166m=[38;2;99;62;160m-[38;2;20;15;29m.[38;2;41;30;78m.[38;2;96;73;144m-[38;2;86;58;132m:[38;2;57;38;88m:[38;2;86;53;138m:[38;2;71;46;129m:[38;2;37;25;57m.[38;2;23;18;34m.[38;2;95;66;170m-[38;2;104;73;135m-[38;2;21;16;25m.[38;2;101;78;154m-[38;2;39;29;54m.[38;2;13;13;13m [38;2;13;13;13m [38;2;13;13;13m [0m
[38;2;13;13;13m [38;2;13;13;13m [38;2;13;13;13m [38;2;13;13;14m [38;2;60;43;92m:[38;2;61;41;97m:[38;2;18;14;20m.[38;2;52;36;97m:[38;2;57;36;105m:[38;2;19;15;27m.[38;2;38;28;72m.[38;2;29;22;42m.[38;2;13;12;16m [38;2;45;29;66m.[38;2;42;29;61m.[38;2;24;18;33m.[38;2;72;46;110m:[38;2;53;35;90m:[38;2;14;13;17m [38;2;75;56;107m:[38;2;50;36;73m.[38;2;14;13;14m [38;2;13;13;13m [38;2;13;13;13m [38;2;13;13;13m [0m
[38;2;7;7;7m [38;2;13;13;13m [38;2;13;13;13m [38;2;13;13;13m [38;2;14;13;14m [38;2;69;50;109m:[38;2;65;43;102m:[38;2;13;14;16m [38;2;25;20;43m.[38;2;58;36;107m:[38;2;19;16;23m.[38;2;35;33;36m.[38;2;156;148;167m+[38;2;19;19;20m.[38;2;28;24;32m.[38;2;89;59;118m:[38;2;24;19;34m.[38;2;13;13;14m [38;2;68;51;105m:[38;2;49;36;75m.[38;2;15;13;14m [38;2;14;13;13m [38;2;13;13;13m [38;2;13;13;13m [38;2;6;6;6m [0m
[38;2;7;7;7m [38;2;13;13;13m [38;2;13;13;13m [38;2;13;13;13m [38;2;13;13;13m [38;2;38;29;47m.[38;2;147;107;202m=[38;2;74;52;105m:[38;2;15;14;16m.[38;2;51;35;93m:[38;2;52;34;104m:[38;2;19;16;24m.[38;2;57;53;67m:[38;2;24;19;34m.[38;2;76;50;122m:[38;2;74;50;90m:[38;2;13;13;14m [38;2;82;60;123m:[38;2;106;76;168m-[38;2;22;18;29m.[38;2;13;13;13m [38;2;13;13;13m [38;2;13;13;13m [38;2;13;13;13m [38;2;5;5;5m [0m
[38;2;1;1;1m [38;2;7;7;7m [38;2;13;13;13m [38;2;13;13;13m [38;2;13;13;13m [38;2;13;13;14m [38;2;40;32;50m.[38;2;166;118;205m+[38;2;90;65;118m-[38;2;14;13;19m [38;2;46;34;92m.[38;2;47;35;96m.[38;2;27;21;44m.[38;2;70;47;112m:[38;2;63;42;88m:[38;2;14;15;17m.[38;2;77;56;121m:[38;2;118;82;183m-[38;2;26;20;33m.[38;2;13;12;13m [38;2;13;13;13m [38;2;13;13;13m [38;2;13;13;13m [38;2;6;6;6m [38;2;0;0;0m [0m
[38;2;0;0;0m [38;2;1;1;1m [38;2;7;7;7m [38;2;13;13;13m [38;2;13;13;13m [38;2;13;13;13m [38;2;13;13;13m [38;2;21;18;24m.[38;2;61;46;77m:[38;2;101;75;116m-[38;2;16;13;20m [38;2;25;21;41m.[38;2;25;22;38m.[38;2;29;23;42m.[38;2;15;14;18m.[38;2;72;54;112m:[38;2;41;27;60m.[38;2;17;14;23m.[38;2;13;12;13m [38;2;13;13;13m [38;2;13;13;13m [38;2;13;13;13m [38;2;6;6;6m [38;2;1;1;1m [38;2;0;0;0m [0m
[38;2;0;0;0m [38;2;0;0;0m [38;2;1;1;1m [38;2;7;7;7m [38;2;13;13;13m [38;2;13;13;13m [38;2;13;13;13m [38;2;13;13;13m [38;2;13;13;14m [38;2;58;47;72m:[38;2;100;79;122m-[38;2;36;30;50m.[38;2;35;28;49m.[38;2;42;33;53m.[38;2;97;77;123m-[38;2;34;27;53m.[38;2;13;12;15m [38;2;13;13;13m [38;2;11;14;13m [38;2;12;13;13m [38;2;13;13;13m [38;2;6;6;6m [38;2;1;1;1m [38;2;0;0;0m [38;2;0;0;0m [0m
[38;2;0;0;0m [38;2;0;0;0m [38;2;0;0;0m [38;2;1;1;1m [38;2;7;7;7m [38;2;13;13;13m [38;2;13;13;13m [38;2;13;13;13m [38;2;13;13;13m [38;2;13;13;14m [38;2;45;37;54m.[38;2;63;52;80m:[38;2;48;38;73m:[38;2;56;44;77m:[38;2;40;33;45m.[38;2;13;12;13m [38;2;13;12;14m [38;2;13;13;13m [38;2;13;13;13m [38;2;13;13;13m [38;2;6;6;6m [38;2;1;1;1m [38;2;0;0;0m [38;2;0;0;0m [38;2;0;0;0m [0m
[38;2;0;0;0m [38;2;0;0;0m [38;2;0;0;0m [38;2;0;0;0m [38;2;1;1;1m [38;2;8;8;8m [38;2;13;13;13m [38;2;13;13;13m [38;2;13;13;13m [38;2;13;13;13m [38;2;13;13;13m [38;2;13;13;13m [38;2;13;13;13m [38;2;13;13;13m [38;2;13;14;14m [38;2;13;13;13m [38;2;13;13;13m [38;2;13;13;13m [38;2;13;13;13m [38;2;6;6;6m [38;2;1;1;1m [38;2;0;0;0m [38;2;0;0;0m [38;2;0;0;0m [38;2;0;0;0m [0m
[38;2;0;0;0m [38;2;0;0;0m [38;2;0;0;0m [38;2;0;0;0m [38;2;0;0;0m [38;2;1;1;1m [38;2;2;2;2m [38;2;8;8;8m [38;2;13;13;13m [38;2;13;13;13m [38;2;13;13;13m [38;2;13;13;13m [38;2;13;13;13m [38;2;13;13;13m [38;2;13;13;13m [38;2;13;13;13m [38;2;13;13;13m [38;2;6;6;6m [38;2;2;2;2m [38;2;1;1;1m [38;2;0;0;0m [38;2;0;0;0m [38;2;0;0;0m [38;2;0;0;0m [38;2;0;0;0m [0m
[38;2;0;0;0m [38;2;0;0;0m [38;2;0;0;0m [38;2;0;0;0m [38;2;0;0;0m [38;2;0;0;0m [38;2;0;0;0m [38;2;1;1;1m [38;2;8;8;8m [38;2;13;13;13m [38;2;13;13;13m [38;2;13;13;13m [38;2;13;13;13m [38;2;13;13;13m [38;2;13;13;13m [38;2;13;13;13m [38;2;6;6;6m [38;2;1;1;1m [38;2;0;0;0m [38;2;0;0;0m [38;2;0;0;0m [38;2;0;0;0m [38;2;0;0;0m [38;2;0;0;0m [38;2;0;0;0m [0m
