[38;2;7;7;7m [38;2;13;13;13m [38;2;13;13;13m [38;2;13;13;13m [38;2;13;13;13m [38;2;13;13;13m [38;2;13;13;13m [38;2;13;13;13m [38;2;13;13;13m [38;2;13;13;13m [38;2;13;13;13m [38;2;13;13;13m [38;2;13;13;13m [38;2;13;13;13m [38;2;13;13;13m [38;2;13;13;13m [38;2;13;13;13m [38;2;13;13;13m [38;2;13;13;13m [38;2;13;13;13m [38;2;13;13;13m [38;2;13;13;13m [38;2;13;13;13m [38;2;13;13;13m [38;2;5;5;5m [0m
[38;2;13;13;13m [38;2;13;13;13m [38;2;13;13;13m [38;2;13;13;13m [38;2;13;13;13m [38;2;13;13;13m [38;2;13;13;13m [38;2;13;13;13m [38;2;13;13;13m [38;2;13;13;13m [38;2;13;13;13m [38;2;13;13;13m [38;2;13;13;13m [38;2;13;13;13m [38;2;13;13;13m [38;2;13;13;13m [38;2;13;13;13m [38;2;13;13;13m [38;2;13;13;13m [38;2;13;13;13m [38;2;13;13;13m [38;2;13;13;13m [38;2;13;13;13m [38;2;13;13;13m [38;2;13;13;13m [0m
[38;2;13;13;13m [38;2;13;13;13m [38;2;13;13;13m [38;2;13;13;13m [38;2;15;14;16m.[38;2;15;13;16m [38;2;14;14;16m [38;2;14;13;18m [38;2;50;36;59m.[38;2;27;22;34m.[38;2;15;13;19m [38;2;35;31;50m.[38;2;77;67;122m-[38;2;31;29;42m.[38;2;16;14;19m.[38;2;39;36;48m.[38;2;42;36;51m.[38;2;16;15;19m.[38;2;16;16;17m.[38;2;16;16;17m.[38;2;16;15;17m.[38;2;13;13;13m [38;2;13;13;13m [38;2;13;13;13m [38;2;13;13;13m [0m
[38;2;13;13;13m [38;2;13;13;13m [38;2;13;13;13m [38;2;69;61;84m:[38;2;113;94;156m=[38;2;114;93;178m=[38;2;75;60;116m:[38;2;87;74;111m-[38;2;95;77;118m-[38;2;90;70;115m-[38;2;86;69;113m-[38;2;76;62;110m:[38;2;85;73;118m-[38;2;86;74;117m-[38;2;94;78;119m-[38;2;100;79;126m-[38;2;100;84;130m-[38;2;94;83;122m-[38;2;100;90;137m-[38;2;160;147;207m+[38;2;128;118;163m=[38;2;55;53;66m:[38;2;13;13;13m [38;2;13;13;13m [38;2;13;13;13m [0m
[38;2;13;13;13m [38;2;13;13;13m [38;2;13;13;13m [38;2;88;77;111m-[38;2;18;14;27m.[38;2;29;23;43m.[38;2;14;12;14m [38;2;13;12;14m [38;2;12;13;15m [38;2;13;13;13m [38;2;12;13;12m [38;2;41;42;39m.[38;2;79;79;77m-[38;2;30;29;30m.[38;2;13;13;14m [38;2;13;13;13m [38;2;12;13;14m [38;2;11;14;14m [38;2;13;13;14m [38;2;41;38;46m.[38;2;38;36;46m.[38;2;80;78;91m-[38;2;13;13;13m [38;2;13;13;13m [38;2;13;13;13m [0m
[38;2;13;13;13m [38;2;13;13;13m [38;2;13;13;13m [38;2;96;89;112m-[38;2;59;54;70m:[38;2;94;67;111m-[38;2;162;130;203m+[38;2;98;85;145m-[38;2;66;44;123m:[38;2;28;23;51m.[38;2;13;13;15m [38;2;163;157;175m*[38;2;216;203;232m#[38;2;124;113;144m=[38;2;11;13;12m [38;2;42;29;65m.[38;2;73;48;124m:[38;2;105;72;171m-[38;2;165;123;208m+[38;2;67;50;81m:[38;2;93;91;102m-[38;2;79;76;92m-[38;2;13;13;13m [38;2;13;13;13m [38;2;13;13;13m [0m
[38;2;13;13;13m [38;2;13;13;13m [38;2;13;13;13m [38;2;107;94;122m-[38;2;74;65;88m:[38;2;112;85;150m-[38;2;193;158;246m*[38;2;110;100;174m=[38;2;68;45;130m:[38;2;77;51;140m:[38;2;35;25;51m.[38;2;49;42;54m:[38;2;159;145;187m+[38;2;32;28;38m.[38;2;38;29;64m.[38;2;80;54;139m:[38;2;80;50;135m:[38;2;127;88;196m=[38;2;166;119;236m+[38;2;112;81;127m-[38;2;104;104;115m=[38;2;85;81;94m-[38;2;13;13;13m [38;2;13;13;13m [38;2;13;13;13m [0m
[38;2;13;13;13m [38;2;13;13;13m [38;2;13;13;13m [38;2;91;82;115m-[38;2;65;58;84m:[38;2;107;81;146m-[38;2;185;141;239m*[38;2;106;81;169m-[38;2;73;48;126m:[38;2;90;57;140m:[38;2;95;63;143m-[38;2;43;31;55m.[38;2;13;12;12m [38;2;42;31;66m.[38;2;84;53;143m:[38;2;75;45;133m:[38;2;81;51;137m:[38;2;158;108;210m=[38;2;154;112;229m+[38;2;105;80;126m-[38;2;100;98;114m=[38;2;74;70;91m-[38;2;13;13;13m [38;2;13;13;13m [38;2;13;13;13m [0m
[38;2;13;13;13m [38;2;13;13;13m [38;2;13;13;13m [38;2;83;70;110m-[38;2;19;16;28m.[38;2;117;79;149m-[38;2;181;127;239m+[38;2;147;96;185m=[38;2;77;49;123m:[38;2;87;55;131m:[38;2;107;71;139m-[38;2;125;91;146m=[38;2;61;45;88m:[38;2;93;60;142m-[38;2;72;46;120m:[38;2;57;37;114m:[38;2;64;43;124m:[38;2;123;88;194m=[38;2;160;116;239m+[38;2;104;77;126m-[38;2;50;49;53m:[38;2;90;89;95m-[38;2;13;13;13m [38;2;13;13;13m [38;2;13;13;13m [0m
[38;2;13;13;13m [38;2;13;13;13m [38;2;13;13;13m [38;2;89;71;112m-[38;2;18;15;23m.[38;2;126;87;148m=[38;2;228;184;248m#[38;2;151;111;186m=[38;2;82;54;124m:[38;2;83;54;118m:[38;2;70;42;119m:[38;2;89;56;127m:[38;2;75;48;117m:[38;2;70;43;123m:[38;2;63;44;111m:[38;2;61;39;112m:[38;2;65;42;118m:[38;2;148;103;209m=[38;2;155;109;230m+[38;2;82;58;121m:[38;2;44;43;48m:[38;2;90;88;94m-[38;2;13;13;13m [38;2;13;13;13m [38;2;13;13;13m [0m
[38;2;13;13;13m [38;2;13;13;13m [38;2;13;13;13m [38;2;104;80;117m-[38;2;19;16;24m.[38;2;107;71;145m-[38;2;174;117;225m+[38;2;158;114;185m+[38;2;81;49;119m:[38;2;57;39;108m:[38;2;71;41;115m:[38;2;62;42;98m:[38;2;132;120;147m=[38;2;58;37;102m:[38;2;59;38;112m:[38;2;62;41;115m:[38;2;62;40;116m:[38;2;132;91;201m=[38;2;185;124;247m+[38;2;88;57;123m:[38;2;41;40;48m.[38;2;84;82;94m-[38;2;13;13;13m [38;2;13;13;13m [38;2;13;13;13m [0m
[38;2;13;13;13m [38;2;13;13;13m [38;2;13;13;13m [38;2;96;71;117m-[38;2;18;15;23m.[38;2;112;68;148m-[38;2;144;88;216m=[38;2;126;72;182m-[38;2;73;45;120m:[38;2;59;40;108m:[38;2;53;35;103m:[38;2;63;56;97m:[38;2;233;231;235m%[38;2;50;37;84m:[38;2;58;39;112m:[38;2;61;42;107m:[38;2;74;50;119m:[38;2;120;82;193m-[38;2;137;95;226m=[38;2;96;56;125m:[38;2;41;40;47m.[38;2;85;83;94m-[38;2;13;13;13m [38;2;13;13;13m [38;2;13;13;13m [0m
[38;2;13;13;13m [38;2;13;13;13m [38;2;13;13;13m [38;2;90;64;112m-[38;2;19;15;23m.[38;2;91;56;143m:[38;2;141;75;236m=[38;2;106;61;170m-[38;2;64;46;102m:[38;2;54;44;93m:[38;2;54;42;92m:[38;2;138;133;156m+[38;2;255;255;254m@[38;2;94;85;120m-[38;2;52;42;90m:[38;2;47;40;82m:[38;2;49;39;89m:[38;2;133;94;191m=[38;2;164;134;229m+[38;2;95;78;122m-[38;2;41;41;47m.[38;2;82;79;95m-[38;2;13;13;13m [38;2;13;13;13m [38;2;13;13;13m [0m
[38;2;13;13;13m [38;2;13;13;13m [38;2;13;13;13m [38;2;84;60;106m:[38;2;85;61;121m:[38;2;79;50;132m:[38;2;124;67;211m-[38;2;103;58;162m-[38;2;85;70;115m-[38;2;217;214;221m%[38;2;254;254;255m@[38;2;255;255;254m@[38;2;255;255;255m@[38;2;254;254;255m@[38;2;255;254;255m@[38;2;192;187;201m#[38;2;84;58;114m:[38;2;110;81;187m-[38;2;221;207;238m#[38;2;124;115;128m=[38;2;124;115;157m=[38;2;75;67;94m:[38;2;13;13;13m [38;2;13;13;13m [38;2;13;13;13m [0m
[38;2;13;13;13m [38;2;13;13;13m [38;2;13;13;13m [38;2;85;66;112m-[38;2;49;36;71m.[38;2;78;53;127m:[38;2;125;78;204m-[38;2;108;67;172m-[38;2;64;43;116m:[38;2;51;39;88m:[38;2;173;169;182m*[38;2;255;255;255m@[38;2;255;255;255m@[38;2;253;253;254m@[38;2;138;132;155m+[38;2;61;39;96m:[38;2;91;56;126m:[38;2;141;88;207m=[38;2;126;94;216m=[38;2;101;95;116m-[38;2;69;65;91m:[38;2;82;75;93m-[38;2;13;13;13m [38;2;13;13;13m [38;2;13;13;13m [0m
[38;2;13;13;13m [38;2;13;13;13m [38;2;13;13;13m [38;2;89;75;116m-[38;2;19;16;23m.[38;2;63;39;98m:[38;2;130;73;212m-[38;2;95;57;165m-[38;2;68;41;124m:[38;2;53;36;100m:[38;2;130;123;150m=[38;2;255;254;254m@[38;2;254;254;254m@[38;2;255;255;254m@[38;2;92;79;118m-[38;2;82;51;119m:[38;2;88;53;132m:[38;2;159;103;207m=[38;2;157;95;233m=[38;2;51;36;78m.[38;2;36;35;42m.[38;2;84;79;92m-[38;2;13;13;13m [38;2;13;13;13m [38;2;13;13;13m [0m
[38;2;13;13;13m [38;2;13;13;13m [38;2;13;13;13m [38;2;90;76;117m-[38;2;19;15;25m.[38;2;14;12;15m [38;2;75;47;117m:[38;2;102;61;174m-[38;2;73;46;131m:[38;2;55;36;101m:[38;2;196;191;205m#[38;2;184;180;191m*[38;2;88;78;114m-[38;2;213;208;216m#[38;2;155;146;169m+[38;2;67;37;115m:[38;2;78;48;135m:[38;2;163;110;199m+[38;2;75;56;92m:[38;2;14;14;14m [38;2;33;32;40m.[38;2;80;73;90m-[38;2;13;13;13m [38;2;13;13;13m [38;2;13;13;13m [0m
[38;2;13;13;13m [38;2;13;13;13m [38;2;13;13;13m [38;2;90;72;116m-[38;2;19;16;25m.[38;2;101;86;110m-[38;2;31;21;37m.[38;2;48;35;83m.[38;2;67;48;128m:[38;2;60;43;102m:[38;2;120;112;140m=[38;2;44;32;88m.[38;2;78;54;114m:[38;2;66;45;100m:[38;2;128;116;148m=[38;2;70;48;108m:[38;2;99;66;143m-[38;2;52;36;67m.[38;2;45;33;51m.[38;2;60;51;94m:[38;2;31;28;39m.[38;2;64;55;81m:[38;2;13;13;13m [38;2;13;13;13m [38;2;13;13;13m [0m
[38;2;13;13;13m [38;2;13;13;13m [38;2;13;13;13m [38;2;87;68;114m-[38;2;19;15;22m.[38;2;91;64;122m-[38;2;141;86;196m=[38;2;25;18;37m.[38;2;45;30;79m.[38;2;62;41;122m:[38;2;55;36;109m:[38;2;58;39;112m:[38;2;69;45;126m:[38;2;58;37;113m:[38;2;61;36;112m:[38;2;74;43;125m:[38;2;35;28;58m.[38;2;36;24;50m.[38;2;173;92;221m=[38;2;79;49;100m:[38;2;36;32;43m.[38;2;68;59;85m:[38;2;13;13;13m [38;2;13;13;13m [38;2;13;13;13m [0m
[38;2;13;13;13m [38;2;13;13;13m [38;2;13;13;13m [38;2;42;34;71m.[38;2;81;61;139m-[38;2;18;16;22m.[38;2;144;135;159m+[38;2;133;116;164m=[38;2;22;18;27m.[38;2;70;47;88m:[38;2;95;63;143m-[38;2;66;44;128m:[38;2;49;31;86m.[38;2;77;45;137m:[38;2;70;46;135m:[38;2;40;27;60m.[38;2;23;18;37m.[38;2;128;73;188m-[38;2;113;60;143m-[38;2;19;18;23m.[38;2;107;96;145m=[38;2;40;35;51m.[38;2;13;13;13m [38;2;13;13;13m [38;2;13;13;13m [0m
[38;2;13;13;13m [38;2;13;13;13m [38;2;13;13;13m [38;2;12;12;13m [38;2;73;66;90m:[38;2;97;94;101m-[38;2;18;16;19m.[38;2;91;75;108m-[38;2;83;62;112m:[38;2;21;18;28m.[38;2;60;44;85m:[38;2;29;21;46m.[38;2;14;12;15m [38;2;39;26;63m.[38;2;35;24;58m.[38;2;24;21;35m.[38;2;74;49;119m:[38;2;61;38;94m:[38;2;16;13;17m [38;2;70;59;100m:[38;2;50;41;66m:[38;2;13;13;13m [38;2;13;13;13m [38;2;13;13;13m [38;2;13;13;13m [0m
[38;2;7;7;7m [38;2;13;13;13m [38;2;13;13;13m [38;2;13;13;13m [38;2;13;13;12m [38;2;99;87;109m-[38;2;104;93;115m-[38;2;14;12;13m [38;2;34;27;43m.[38;2;88;64;120m-[38;2;22;17;26m.[38;2;35;34;35m.[38;2;151;146;164m+[38;2;19;17;21m.[38;2;23;21;34m.[38;2;77;53;119m:[38;2;29;21;38m.[38;2;14;12;15m [38;2;78;59;110m:[38;2;53;40;74m:[38;2;13;13;13m [38;2;13;13;13m [38;2;13;13;13m [38;2;13;13;13m [38;2;6;6;6m [0m
[38;2;7;7;7m [38;2;13;13;13m [38;2;13;13;13m [38;2;13;13;13m [38;2;13;13;13m [38;2;39;34;44m.[38;2;171;143;208m+[38;2;93;75;113m-[38;2;14;12;14m [38;2;73;55;102m:[38;2;100;69;124m-[38;2;27;20;27m.[38;2;58;52;70m:[38;2;32;26;33m.[38;2;103;70;129m-[38;2;63;41;90m:[38;2;14;13;16m [38;2;86;71;118m-[38;2;116;90;169m=[38;2;21;19;27m.[38;2;12;13;13m [38;2;13;13;13m [38;2;13;13;13m [38;2;13;13;13m [38;2;5;5;5m [0m
[38;2;1;1;1m [38;2;7;7;7m [38;2;13;13;13m [38;2;13;13;13m [38;2;13;13;13m [38;2;13;13;13m [38;2;39;32;49m.[38;2;156;116;195m+[38;2;81;59;106m:[38;2;15;14;17m.[38;2;53;37;99m:[38;2;64;49;111m:[38;2;24;21;37m.[38;2;91;76;115m-[38;2;86;69;97m-[38;2;16;13;19m [38;2;77;65;114m-[38;2;137;114;182m=[38;2;27;22;34m.[38;2;13;13;14m [38;2;13;13;13m [38;2;13;13;13m [38;2;13;13;13m [38;2;6;6;6m [38;2;0;0;0m [0m
[38;2;0;0;0m [38;2;1;1;1m [38;2;7;7;7m [38;2;13;13;13m [38;2;13;13;13m [38;2;13;13;13m [38;2;13;13;13m [38;2;21;18;24m.[38;2;52;40;70m:[38;2;82;63;109m:[38;2;16;15;19m.[38;2;25;21;44m.[38;2;23;21;38m.[38;2;22;21;38m.[38;2;14;14;18m.[38;2;63;51;101m:[38;2;38;31;55m.[38;2;18;15;23m.[38;2;13;13;13m [38;2;13;13;13m [38;2;13;13;13m [38;2;13;13;13m [38;2;6;6;6m [38;2;1;1;1m [38;2;0;0;0m [0m
[38;2;0;0;0m [38;2;0;0;0m [38;2;1;1;1m [38;2;7;7;7m [38;2;13;13;13m [38;2;13;13;13m [38;2;13;13;13m [38;2;13;13;13m [38;2;13;13;13m [38;2;47;39;65m:[38;2;72;62;105m:[38;2;34;28;47m.[38;2;32;27;45m.[38;2;34;29;47m.[38;2;80;73;109m-[38;2;31;26;47m.[38;2;14;14;14m [38;2;13;13;14m [38;2;13;13;13m [38;2;13;13;13m [38;2;13;13;13m [38;2;6;6;6m [38;2;1;1;1m [38;2;0;0;0m [38;2;0;0;0m [0m
[38;2;0;0;0m [38;2;0;0;0m [38;2;0;0;0m [38;2;1;1;1m [38;2;7;7;7m [38;2;13;13;13m [38;2;13;13;13m [38;2;13;13;13m [38;2;13;13;13m [38;2;13;13;13m [38;2;36;31;48m.[38;2;52;42;72m:[38;2;48;38;70m.[38;2;54;45;74m:[38;2;32;27;41m.[38;2;13;13;14m [38;2;13;13;13m [38;2;13;13;13m [38;2;13;13;13m [38;2;13;13;13m [38;2;6;6;6m [38;2;1;1;1m [38;2;0;0;0m [38;2;0;0;0m [38;2;0;0;0m [0m
[38;2;0;0;0m [38;2;0;0;0m [38;2;0;0;0m [38;2;0;0;0m [38;2;1;1;1m [38;2;8;8;8m [38;2;13;13;13m [38;2;13;13;13m [38;2;13;13;13m [38;2;13;13;13m [38;2;13;13;13m [38;2;13;13;13m [38;2;12;13;13m [38;2;12;13;12m [38;2;13;13;12m [38;2;13;13;13m [38;2;13;13;13m [38;2;13;13;13m [38;2;13;13;13m [38;2;6;6;6m [38;2;1;1;1m [38;2;0;0;0m [38;2;0;0;0m [38;2;0;0;0m [38;2;0;0;0m [0m
[38;2;0;0;0m [38;2;0;0;0m [38;2;0;0;0m [38;2;0;0;0m [38;2;0;0;0m [38;2;1;1;1m [38;2;2;2;2m [38;2;8;8;8m [38;2;13;13;13m [38;2;13;13;13m [38;2;13;13;13m [38;2;13;13;13m [38;2;13;13;13m [38;2;13;13;13m [38;2;13;13;13m [38;2;13;13;13m [38;2;13;13;13m [38;2;6;6;6m [38;2;2;2;2m [38;2;1;1;1m [38;2;0;0;0m [38;2;0;0;0m [38;2;0;0;0m [38;2;0;0;0m [38;2;0;0;0m [0m
[38;2;0;0;0m [38;2;0;0;0m [38;2;0;0;0m [38;2;0;0;0m [38;2;0;0;0m [38;2;0;0;0m [38;2;0;0;0m [38;2;1;1;1m [38;2;8;8;8m [38;2;13;13;13m [38;2;13;13;13m [38;2;13;13;13m [38;2;13;13;13m [38;2;13;13;13m [38;2;13;13;13m [38;2;13;13;13m [38;2;6;6;6m [38;2;1;1;1m [38;2;0;0;0m [38;2;0;0;0m [38;2;0;0;0m [38;2;0;0;0m [38;2;0;0;0m [38;2;0;0;0m [38;2;0;0;0m [0m
