[38;2;7;7;7m [38;2;13;13;13m [38;2;13;13;13m [38;2;13;13;13m [38;2;13;13;13m [38;2;13;13;13m [38;2;13;13;13m [38;2;13;13;13m [38;2;13;13;13m [38;2;13;13;13m [38;2;13;13;13m [38;2;13;13;13m [38;2;13;13;13m [38;2;13;13;13m [38;2;13;13;13m [38;2;13;13;13m [38;2;13;13;13m [38;2;13;13;13m [38;2;13;13;13m [38;2;13;13;13m [38;2;13;13;13m [38;2;13;13;13m [38;2;13;13;13m [38;2;13;13;13m [38;2;5;5;5m [0m
[38;2;13;13;13m [38;2;13;13;13m [38;2;13;13;13m [38;2;13;13;13m [38;2;13;13;13m [38;2;13;13;13m [38;2;13;13;13m [38;2;13;13;13m [38;2;13;13;13m [38;2;13;13;13m [38;2;13;13;13m [38;2;13;13;13m [38;2;13;13;13m [38;2;13;13;13m [38;2;13;13;13m [38;2;13;13;13m [38;2;13;13;13m [38;2;13;13;13m [38;2;13;13;13m [38;2;13;13;13m [38;2;13;13;13m [38;2;13;13;13m [38;2;13;13;13m [38;2;13;13;13m [38;2;13;13;13m [0m
[38;2;13;13;13m [38;2;13;13;13m [38;2;13;13;13m [38;2;13;13;13m [38;2;14;14;16m [38;2;14;14;16m [38;2;15;14;15m.[38;2;15;14;15m.[38;2;50;46;56m:[38;2;30;26;36m.[38;2;14;14;17m.[38;2;38;33;49m.[38;2;88;75;118m-[38;2;31;28;40m.[38;2;14;14;19m.[38;2;32;29;43m.[38;2;34;26;42m.[38;2;15;14;19m.[38;2;15;14;18m.[38;2;16;14;18m.[38;2;14;15;17m.[38;2;12;13;13m [38;2;13;13;13m [38;2;13;13;13m [38;2;13;13;13m [0m
[38;2;13;13;13m [38;2;13;13;13m [38;2;13;13;13m [38;2;56;44;83m:[38;2;97;72;152m-[38;2;121;94;187m=[38;2;113;94;131m=[38;2;104;84;123m-[38;2;109;88;130m-[38;2;96;77;123m-[38;2;83;66;117m-[38;2;83;65;117m-[38;2;89;72;118m-[38;2;85;71;112m-[38;2;84;71;111m-[38;2;83;66;113m-[38;2;83;68;115m-[38;2;81;66;116m-[38;2;97;77;133m-[38;2;154;132;201m+[38;2;95;75;139m-[38;2;40;32;55m.[38;2;13;13;13m [38;2;13;13;13m [38;2;13;13;13m [0m
[38;2;13;13;13m [38;2;13;13;13m [38;2;13;13;13m [38;2;73;55;108m:[38;2;23;15;27m.[38;2;31;25;40m.[38;2;13;12;16m [38;2;12;13;14m [38;2;13;13;14m [38;2;14;13;14m [38;2;14;14;14m [38;2;41;41;41m.[38;2;78;78;78m-[38;2;30;30;30m.[38;2;13;13;13m [38;2;12;13;14m [38;2;14;13;14m [38;2;14;13;13m [38;2;13;12;14m [38;2;39;34;46m.[38;2;38;31;46m.[38;2;67;56;85m:[38;2;13;13;13m [38;2;13;13;13m [38;2;13;13;13m [0m
[38;2;13;13;13m [38;2;13;13;13m [38;2;13;13;13m [38;2;74;61;105m:[38;2;48;39;70m:[38;2;89;70;105m-[38;2;142;102;188m=[38;2;120;85;151m-[38;2;100;66;115m-[38;2;46;34;51m.[38;2;14;14;13m [38;2;163;155;174m*[38;2;215;201;231m#[38;2;122;112;143m=[38;2;12;13;13m [38;2;43;34;65m.[38;2;80;53;127m:[38;2;147;105;176m=[38;2;179;132;205m+[38;2;74;59;90m:[38;2;79;67;96m-[38;2;66;52;84m:[38;2;13;13;13m [38;2;13;13;13m [38;2;13;13;13m [0m
[38;2;13;13;13m [38;2;13;13;13m [38;2;13;13;13m [38;2;69;58;99m:[38;2;58;49;79m:[38;2;105;79;142m-[38;2;183;134;234m+[38;2;145;100;179m=[38;2;97;62;127m-[38;2;92;63;129m-[38;2;32;23;48m.[38;2;50;43;56m:[38;2;160;146;186m+[38;2;33;27;37m.[38;2;37;29;64m.[38;2;73;47;133m:[38;2;68;43;125m:[38;2;113;85;190m-[38;2;177;125;240m+[38;2;88;63;122m-[38;2;92;71;116m-[38;2;71;55;91m:[38;2;13;13;13m [38;2;13;13;13m [38;2;13;13;13m [0m
[38;2;13;13;13m [38;2;13;13;13m [38;2;13;13;13m [38;2;77;62;110m:[38;2;61;54;86m:[38;2;116;86;146m-[38;2;192;140;245m*[38;2;148;101;187m=[38;2;61;41;111m:[38;2;70;42;119m:[38;2;65;41;114m:[38;2;32;21;49m.[38;2;13;13;13m [38;2;34;27;60m.[38;2;69;47;136m:[38;2;65;42;122m:[38;2;60;41;116m:[38;2;151;106;199m=[38;2;177;129;234m+[38;2;92;66;118m-[38;2;86;65;111m-[38;2;68;51;87m:[38;2;13;13;13m [38;2;13;13;13m [38;2;13;13;13m [0m
[38;2;13;13;13m [38;2;13;13;13m [38;2;13;13;13m [38;2;86;65;114m-[38;2;23;19;28m.[38;2;104;84;143m-[38;2;162;125;227m+[38;2;127;94;178m=[38;2;66;42;115m:[38;2;62;39;108m:[38;2;68;42;111m:[38;2;84;53;118m:[38;2;55;39;81m:[38;2;76;45;133m:[38;2;64;38;119m:[38;2;57;36;111m:[38;2;70;46;120m:[38;2;155;108;197m=[38;2;189;123;240m+[38;2;92;64;113m-[38;2;51;41;62m:[38;2;72;53;90m:[38;2;13;13;13m [38;2;13;13;13m [38;2;13;13;13m [0m
[38;2;13;13;13m [38;2;13;13;13m [38;2;13;13;13m [38;2;84;62;113m:[38;2;19;15;25m.[38;2;122;88;149m=[38;2;189;145;242m*[38;2;123;92;174m=[38;2;68;46;109m:[38;2;61;39;102m:[38;2;63;41;103m:[38;2;72;48;112m:[38;2;71;45;118m:[38;2;76;44;123m:[38;2;59;35;109m:[38;2;61;38;112m:[38;2;75;45;123m:[38;2;131;88;187m=[38;2;171;110;235m+[38;2;91;61;116m-[38;2;42;35;52m.[38;2;73;52;91m:[38;2;13;13;13m [38;2;13;13;13m [38;2;13;13;13m [0m
[38;2;13;13;13m [38;2;13;13;13m [38;2;13;13;13m [38;2;79;60;110m:[38;2;19;16;24m.[38;2;122;85;149m-[38;2;198;147;238m*[38;2;124;88;172m=[38;2;65;42;106m:[38;2;53;36;89m:[38;2;101;89;124m-[38;2;70;53;102m:[38;2;49;32;91m.[38;2;69;42;100m:[38;2;112;97;136m=[38;2;64;41;105m:[38;2;80;48;124m:[38;2;161;108;200m=[38;2;134;91;199m=[38;2;94;66;116m-[38;2;34;28;46m.[38;2;65;47;87m:[38;2;13;13;13m [38;2;13;13;13m [38;2;13;13;13m [0m
[38;2;13;13;13m [38;2;13;13;13m [38;2;13;13;13m [38;2;76;53;104m:[38;2;19;15;23m.[38;2;121;97;146m=[38;2;199;155;245m*[38;2;152;121;183m+[38;2;62;38;106m:[38;2;47;32;79m.[38;2;228;225;230m%[38;2;109;100;127m=[38;2;45;30;88m.[38;2;100;89;124m-[38;2;233;231;235m%[38;2;60;37;96m:[38;2;95;53;129m:[38;2;150;102;200m=[38;2;186;127;232m+[38;2;97;68;117m-[38;2;31;26;44m.[38;2;61;46;85m:[38;2;13;13;13m [38;2;13;13;13m [38;2;13;13;13m [0m
[38;2;13;13;13m [38;2;13;13;13m [38;2;13;13;13m [38;2;84;58;111m:[38;2;21;15;26m.[38;2;128;88;148m=[38;2;211;155;248m*[38;2;142;110;184m=[38;2;66;41;109m:[38;2;55;38;88m:[38;2;154;150;164m+[38;2;176;171;186m*[38;2;45;29;84m.[38;2;164;157;177m*[38;2;163;157;173m*[38;2;77;49;102m:[38;2;89;54;131m:[38;2;168;112;206m+[38;2;178;121;235m+[38;2;99;65;115m-[38;2;34;29;48m.[38;2;63;46;86m:[38;2;13;13;13m [38;2;13;13;13m [38;2;13;13;13m [0m
[38;2;13;13;13m [38;2;13;13;13m [38;2;13;13;13m [38;2;96;74;117m-[38;2;95;69;138m-[38;2;102;79;145m-[38;2;211;158;248m*[38;2;147;101;189m=[38;2;80;52;125m:[38;2;62;41;103m:[38;2;91;80;116m-[38;2;241;240;242m%[38;2;49;38;73m:[38;2;232;229;235m%[38;2;104;87;126m-[38;2;59;37;105m:[38;2;74;50;122m:[38;2;131;89;203m=[38;2;137;104;218m=[38;2;74;52;112m:[38;2;108;81;152m-[38;2;59;43;83m:[38;2;13;13;13m [38;2;13;13;13m [38;2;13;13;13m [0m
[38;2;13;13;13m [38;2;13;13;13m [38;2;13;13;13m [38;2;95;70;119m-[38;2;57;44;77m:[38;2;133;100;147m=[38;2;230;182;244m#[38;2;136;97;188m=[38;2;73;43;125m:[38;2;81;55;121m:[38;2;60;40;94m:[38;2;229;228;231m%[38;2;139;135;150m+[38;2;235;233;237m%[38;2;58;36;91m:[38;2;63;36;114m:[38;2;63;40;119m:[38;2;140;88;207m=[38;2;132;97;224m=[38;2;67;53;111m:[38;2;78;62;103m:[38;2;64;48;87m:[38;2;13;13;13m [38;2;13;13;13m [38;2;13;13;13m [0m
[38;2;13;13;13m [38;2;13;13;13m [38;2;13;13;13m [38;2;91;68;116m-[38;2;19;15;25m.[38;2;98;82;103m-[38;2;231;184;240m#[38;2;159;125;187m+[38;2;71;42;127m:[38;2;67;39;121m:[38;2;76;48;113m:[38;2;170;161;178m*[38;2;248;248;248m@[38;2;168;163;179m*[38;2;65;37;103m:[38;2;81;47;120m:[38;2;86;49;136m:[38;2;143;95;203m=[38;2;186;134;234m+[38;2;56;40;76m:[38;2;33;29;44m.[38;2;62;47;85m:[38;2;13;13;13m [38;2;13;13;13m [38;2;13;13;13m [0m
[38;2;13;13;13m [38;2;13;13;13m [38;2;13;13;13m [38;2;84;66;111m-[38;2;18;14;24m.[38;2;14;12;13m [38;2;96;73;116m-[38;2;145;113;187m=[38;2;86;49;139m:[38;2;67;42;126m:[38;2;66;41;118m:[38;2;103;85;128m-[38;2;241;239;243m%[38;2;102;91;126m-[38;2;78;47;116m:[38;2;88;52;125m:[38;2;103;66;141m-[38;2;182;136;201m+[38;2;82;66;91m-[38;2;14;13;12m [38;2;32;25;44m.[38;2;56;42;80m:[38;2;13;13;13m [38;2;13;13;13m [38;2;13;13;13m [0m
[38;2;13;13;13m [38;2;13;13;13m [38;2;13;13;13m [38;2;82;64;110m-[38;2;17;16;22m.[38;2;72;55;100m:[38;2;30;21;35m.[38;2;63;50;88m:[38;2;115;73;145m-[38;2;70;44;131m:[38;2;67;42;127m:[38;2;63;37;112m:[38;2;49;30;86m.[38;2;58;37;103m:[38;2;81;52;123m:[38;2;98;61;137m-[38;2;111;72;150m-[38;2;54;38;70m:[38;2;37;26;49m.[38;2;61;45;92m:[38;2;28;24;41m.[38;2;46;39;72m:[38;2;13;13;13m [38;2;13;13;13m [38;2;13;13;13m [0m
[38;2;13;13;13m [38;2;13;13;13m [38;2;13;13;13m [38;2;88;67;113m-[38;2;18;16;23m.[38;2;88;63;119m-[38;2;118;85;176m-[38;2;22;16;31m.[38;2;54;37;81m:[38;2;84;56;143m:[38;2;78;50;134m:[38;2;71;42;124m:[38;2;76;47;128m:[38;2;80;51;127m:[38;2;83;54;128m:[38;2;103;66;142m-[38;2;48;33;62m.[38;2;35;24;49m.[38;2;143;96;213m=[38;2;61;43;92m:[38;2;32;26;44m.[38;2;52;39;74m:[38;2;13;13;13m [38;2;13;13;13m [38;2;13;13;13m [0m
[38;2;13;13;13m [38;2;13;13;13m [38;2;13;13;13m [38;2;57;42;75m:[38;2;106;75;146m-[38;2;16;14;20m.[38;2;90;67;146m-[38;2;91;69;146m-[38;2;22;18;29m.[38;2;57;40;87m:[38;2;90;55;149m:[38;2;83;53;140m:[38;2;54;37;86m:[38;2;89;57;142m:[38;2;77;49;133m:[38;2;38;25;56m.[38;2;21;19;32m.[38;2;125;85;173m=[38;2;80;52;125m:[38;2;19;18;24m.[38;2;106;87;144m-[38;2;37;31;51m.[38;2;13;13;13m [38;2;13;13;13m [38;2;13;13;13m [0m
[38;2;13;13;13m [38;2;13;13;13m [38;2;13;13;13m [38;2;14;13;14m [38;2;69;52;94m:[38;2;75;53;97m:[38;2;16;14;21m.[38;2;49;38;88m:[38;2;47;37;87m:[38;2;19;15;28m.[38;2;49;35;82m.[38;2;32;23;53m.[38;2;14;11;15m [38;2;47;33;67m.[38;2;38;27;60m.[38;2;25;19;34m.[38;2;52;38;97m:[38;2;53;35;88m:[38;2;15;12;17m [38;2;76;62;102m:[38;2;50;38;69m:[38;2;13;13;12m [38;2;13;13;13m [38;2;13;13;13m [38;2;13;13;13m [0m
[38;2;7;7;7m [38;2;13;13;13m [38;2;13;13;13m [38;2;14;14;14m [38;2;13;14;12m [38;2;85;63;109m-[38;2;84;57;105m:[38;2;12;13;15m [38;2;21;20;36m.[38;2;50;42;98m:[38;2;18;16;24m.[38;2;37;34;35m.[38;2;156;150;168m+[38;2;20;18;21m.[38;2;24;20;33m.[38;2;70;43;111m:[38;2;24;17;37m.[38;2;15;14;14m.[38;2;92;71;118m-[38;2;61;46;81m:[38;2;13;12;13m [38;2;12;13;12m [38;2;13;13;13m [38;2;13;13;13m [38;2;6;6;6m [0m
[38;2;7;7;7m [38;2;13;13;13m [38;2;13;13;13m [38;2;13;13;13m [38;2;13;13;13m [38;2;35;28;45m.[38;2;157;106;204m=[38;2;89;64;112m-[38;2;13;12;15m [38;2;44;36;86m.[38;2;48;38;98m:[38;2;19;17;25m.[38;2;57;53;70m:[38;2;28;24;34m.[38;2;73;46;115m:[38;2;45;32;78m.[38;2;14;13;16m [38;2;103;75;129m-[38;2;137;100;186m=[38;2;24;21;30m.[38;2;13;13;13m [38;2;13;13;13m [38;2;13;13;13m [38;2;13;13;13m [38;2;5;5;5m [0m
[38;2;1;1;1m [38;2;7;7;7m [38;2;13;13;13m [38;2;13;13;13m [38;2;13;13;13m [38;2;14;12;12m [38;2;38;29;47m.[38;2;138;101;198m=[38;2;85;62;115m:[38;2;16;15;20m.[38;2;44;36;87m.[38;2;50;40;100m:[38;2;26;21;43m.[38;2;60;41;107m:[38;2;50;29;78m.[38;2;14;14;17m.[38;2;99;76;129m-[38;2;134;97;183m=[38;2;27;23;33m.[38;2;13;13;13m [38;2;13;13;13m [38;2;13;13;13m [38;2;13;13;13m [38;2;6;6;6m [38;2;0;0;0m [0m
[38;2;0;0;0m [38;2;1;1;1m [38;2;7;7;7m [38;2;13;13;13m [38;2;13;13;13m [38;2;13;13;13m [38;2;13;13;13m [38;2;20;17;25m.[38;2;51;37;76m:[38;2;84;60;119m:[38;2;14;14;18m.[38;2;25;22;42m.[38;2;24;20;40m.[38;2;26;21;39m.[38;2;14;13;16m [38;2;84;65;116m-[38;2;46;34;63m.[38;2;19;16;24m.[38;2;13;13;13m [38;2;13;13;12m [38;2;13;13;13m [38;2;13;13;13m [38;2;6;6;6m [38;2;1;1;1m [38;2;0;0;0m [0m
[38;2;0;0;0m [38;2;0;0;0m [38;2;1;1;1m [38;2;7;7;7m [38;2;13;13;13m [38;2;13;13;13m [38;2;13;13;13m [38;2;13;13;13m [38;2;13;13;13m [38;2;57;41;75m:[38;2;88;64;122m-[38;2;33;28;49m.[38;2;32;26;44m.[38;2;33;28;48m.[38;2;84;64;118m-[38;2;39;32;53m.[38;2;14;14;16m [38;2;13;13;13m [38;2;13;13;11m [38;2;13;13;12m [38;2;13;13;13m [38;2;6;6;6m [38;2;1;1;1m [38;2;0;0;0m [38;2;0;0;0m [0m
[38;2;0;0;0m [38;2;0;0;0m [38;2;0;0;0m [38;2;1;1;1m [38;2;7;7;7m [38;2;13;13;13m [38;2;13;13;13m [38;2;13;13;13m [38;2;13;13;13m [38;2;13;13;13m [38;2;37;29;51m.[38;2;49;40;70m:[38;2;45;36;64m.[38;2;52;40;71m:[38;2;34;27;43m.[38;2;13;13;13m [38;2;13;13;13m [38;2;13;13;13m [38;2;13;13;13m [38;2;13;13;13m [38;2;6;6;6m [38;2;1;1;1m [38;2;0;0;0m [38;2;0;0;0m [38;2;0;0;0m [0m
[38;2;0;0;0m [38;2;0;0;0m [38;2;0;0;0m [38;2;0;0;0m [38;2;1;1;1m [38;2;8;8;8m [38;2;13;13;13m [38;2;13;13;13m [38;2;13;13;13m [38;2;13;13;13m [38;2;13;13;13m [38;2;13;13;13m [38;2;13;13;13m [38;2;13;13;13m [38;2;13;13;13m [38;2;13;13;13m [38;2;13;13;13m [38;2;13;13;13m [38;2;13;13;13m [38;2;6;6;6m [38;2;1;1;1m [38;2;0;0;0m [38;2;0;0;0m [38;2;0;0;0m [38;2;0;0;0m [0m
[38;2;0;0;0m [38;2;0;0;0m [38;2;0;0;0m [38;2;0;0;0m [38;2;0;0;0m [38;2;1;1;1m [38;2;2;2;2m [38;2;8;8;8m [38;2;13;13;13m [38;2;13;13;13m [38;2;13;13;13m [38;2;13;13;13m [38;2;13;13;13m [38;2;13;13;13m [38;2;13;13;13m [38;2;13;13;13m [38;2;13;13;13m [38;2;6;6;6m [38;2;2;2;2m [38;2;1;1;1m [38;2;0;0;0m [38;2;0;0;0m [38;2;0;0;0m [38;2;0;0;0m [38;2;0;0;0m [0m
[38;2;0;0;0m [38;2;0;0;0m [38;2;0;0;0m [38;2;0;0;0m [38;2;0;0;0m [38;2;0;0;0m [38;2;0;0;0m [38;2;1;1;1m [38;2;8;8;8m [38;2;13;13;13m [38;2;13;13;13m [38;2;13;13;13m [38;2;13;13;13m [38;2;13;13;13m [38;2;13;13;13m [38;2;13;13;13m [38;2;6;6;6m [38;2;1;1;1m [38;2;0;0;0m [38;2;0;0;0m [38;2;0;0;0m [38;2;0;0;0m [38;2;0;0;0m [38;2;0;0;0m [38;2;0;0;0m [0m
