[38;2;7;7;7m [38;2;13;13;13m [38;2;13;13;13m [38;2;13;13;13m [38;2;13;13;13m [38;2;13;13;13m [38;2;13;13;13m [38;2;13;13;13m [38;2;13;13;13m [38;2;13;13;13m [38;2;13;13;13m [38;2;13;13;13m [38;2;13;13;13m [38;2;13;13;13m [38;2;13;13;13m [38;2;13;13;13m [38;2;13;13;13m [38;2;13;13;13m [38;2;13;13;13m [38;2;13;13;13m [38;2;13;13;13m [38;2;13;13;13m [38;2;13;13;13m [38;2;13;13;13m [38;2;5;5;5m [0m
[38;2;13;13;13m [38;2;13;13;13m [38;2;13;13;13m [38;2;13;13;13m [38;2;13;13;13m [38;2;13;13;13m [38;2;13;13;13m [38;2;13;13;13m [38;2;13;13;13m [38;2;13;13;13m [38;2;13;13;13m [38;2;13;13;13m [38;2;13;13;13m [38;2;13;13;13m [38;2;13;13;13m [38;2;13;13;13m [38;2;13;13;13m [38;2;13;13;13m [38;2;13;13;13m [38;2;13;13;13m [38;2;13;13;13m [38;2;13;13;13m [38;2;13;13;13m [38;2;13;13;13m [38;2;13;13;13m [0m
[38;2;13;13;13m [38;2;13;13;13m [38;2;13;13;13m [38;2;13;13;13m [38;2;15;14;16m.[38;2;15;14;16m.[38;2;15;14;16m.[38;2;15;14;16m.[38;2;49;40;58m:[38;2;29;22;34m.[38;2;15;13;18m [38;2;45;36;58m.[38;2;98;75;136m-[38;2;29;26;42m.[38;2;16;15;19m.[38;2;30;24;43m.[38;2;30;25;44m.[38;2;16;14;21m.[38;2;15;14;18m.[38;2;15;14;19m.[38;2;16;15;19m.[38;2;13;13;13m [38;2;13;13;13m [38;2;13;13;13m [38;2;13;13;13m [0m
[38;2;13;13;13m [38;2;13;13;13m [38;2;13;13;13m [38;2;60;46;81m:[38;2;117;90;160m=[38;2;148;110;194m=[38;2;109;81;128m-[38;2;113;88;120m-[38;2;105;79;128m-[38;2;92;69;123m-[38;2;91;69;121m-[38;2;94;68;125m-[38;2;105;78;137m-[38;2;91;65;123m-[38;2;73;55;114m:[38;2;72;56;117m:[38;2;74;61;118m:[38;2;67;55;111m:[38;2;90;78;130m-[38;2;106;85;182m-[38;2;81;62;145m-[38;2;38;32;61m.[38;2;13;13;13m [38;2;13;13;13m [38;2;13;13;13m [0m
[38;2;13;13;13m [38;2;13;13;13m [38;2;13;13;13m [38;2;77;57;103m:[38;2;19;15;29m.[38;2;37;28;44m.[38;2;13;12;16m [38;2;13;13;16m [38;2;14;13;14m [38;2;14;14;13m [38;2;13;13;13m [38;2;43;41;40m.[38;2;78;77;77m-[38;2;31;30;32m.[38;2;13;15;13m.[38;2;14;14;14m [38;2;14;14;15m [38;2;14;13;14m [38;2;14;13;15m [38;2;31;27;40m.[38;2;33;25;49m.[38;2;54;41;85m:[38;2;13;13;13m [38;2;13;13;13m [38;2;13;13;13m [0m
[38;2;13;13;13m [38;2;13;13;13m [38;2;13;13;13m [38;2;75;60;104m:[38;2;50;40;68m:[38;2;68;55;107m:[38;2;163;135;204m+[38;2;115;86;158m-[38;2;83;62;121m:[38;2;46;36;56m.[38;2;16;13;14m [38;2;161;154;173m*[38;2;209;197;225m#[38;2;121;110;140m=[38;2;13;14;13m [38;2;49;36;67m.[38;2;86;55;132m:[38;2;142;111;167m=[38;2;196;164;204m*[38;2;82;68;88m-[38;2;64;53;96m:[38;2;58;45;85m:[38;2;13;13;13m [38;2;13;13;13m [38;2;13;13;13m [0m
[38;2;13;13;13m [38;2;13;13;13m [38;2;13;13;13m [38;2;75;61;101m:[38;2;58;47;75m:[38;2;69;57;140m:[38;2;175;160;238m*[38;2;152;113;191m=[38;2;92;64;128m-[38;2;91;59;135m-[38;2;41;30;56m.[38;2;49;41;57m:[38;2;158;144;185m+[38;2;34;27;38m.[38;2;46;33;66m.[38;2;92;63;145m-[38;2;94;58;139m-[38;2;193;159;211m*[38;2;245;205;246m%[38;2;115;100;127m=[38;2;75;62;108m:[38;2;62;51;88m:[38;2;13;13;13m [38;2;13;13;13m [38;2;13;13;13m [0m
[38;2;13;13;13m [38;2;13;13;13m [38;2;13;13;13m [38;2;92;71;116m-[38;2;67;54;84m:[38;2;72;57;141m:[38;2;142;129;226m+[38;2;149;120;186m+[38;2;92;59;132m-[38;2;87;55;133m:[38;2;95;59;141m-[38;2;46;36;55m.[38;2;12;13;11m [38;2;35;27;57m.[38;2;82;54;135m:[38;2;71;46;122m:[38;2;96;62;140m-[38;2;194;159;212m*[38;2;242;192;249m#[38;2;114;96;127m=[38;2;82;65;112m-[38;2;60;49;86m:[38;2;13;13;13m [38;2;13;13;13m [38;2;13;13;13m [0m
[38;2;13;13;13m [38;2;13;13;13m [38;2;13;13;13m [38;2;99;79;115m-[38;2;24;18;31m.[38;2;82;68;148m-[38;2;118;96;227m=[38;2;154;126;188m+[38;2;91;56;130m:[38;2;81;48;124m:[38;2;93;60;130m-[38;2;119;89;145m=[38;2;60;43;86m:[38;2;90;60;126m-[38;2;60;38;107m:[38;2;60;38;106m:[38;2;75;50;126m:[38;2;170;136;205m+[38;2;216;168;249m*[38;2;113;88;126m-[38;2;40;32;55m.[38;2;67;50;89m:[38;2;13;13;13m [38;2;13;13;13m [38;2;13;13;13m [0m
[38;2;13;13;13m [38;2;13;13;13m [38;2;13;13;13m [38;2;98;77;115m-[38;2;18;15;23m.[38;2;83;66;144m-[38;2;167;120;245m+[38;2;135;85;184m=[38;2;90;58;124m:[38;2;92;59;120m:[38;2;96;67;119m-[38;2;63;48;113m:[38;2;88;60;132m-[38;2;99;70;126m-[38;2;76;50;109m:[38;2;50;35;92m.[38;2;58;40;110m:[38;2;131;108;194m=[38;2;178;138;239m+[38;2;100;75;124m-[38;2;35;29;46m.[38;2;65;51;91m:[38;2;13;13;13m [38;2;13;13;13m [38;2;13;13;13m [0m
[38;2;13;13;13m [38;2;13;13;13m [38;2;13;13;13m [38;2;97;76;115m-[38;2;19;16;24m.[38;2;107;82;146m-[38;2;183;129;242m+[38;2;147;97;183m=[38;2;79;58;109m:[38;2;118;100;129m=[38;2;56;39;87m:[38;2;109;97;137m=[38;2;60;41;104m:[38;2;69;40;112m:[38;2;70;50;98m:[38;2;107;95;134m=[38;2;60;43;104m:[38;2;117;100;184m=[38;2;144;130;220m+[38;2;82;65;119m-[38;2;34;28;46m.[38;2;63;49;90m:[38;2;13;13;13m [38;2;13;13;13m [38;2;13;13;13m [0m
[38;2;13;13;13m [38;2;13;13;13m [38;2;13;13;13m [38;2;101;77;116m-[38;2;19;16;24m.[38;2;107;86;148m-[38;2;174;123;244m+[38;2;133;91;179m=[38;2;115;102;139m=[38;2;231;229;233m%[38;2;42;31;69m.[38;2;223;221;226m%[38;2;112;102;138m=[38;2;54;34;102m:[38;2;92;85;121m-[38;2;233;232;236m%[38;2;57;41;92m:[38;2;153;122;197m+[38;2;165;134;236m+[38;2;77;63;117m:[38;2;32;27;46m.[38;2;66;50;92m:[38;2;13;13;13m [38;2;13;13;13m [38;2;13;13;13m [0m
[38;2;13;13;13m [38;2;13;13;13m [38;2;13;13;13m [38;2;107;83;121m-[38;2;19;17;25m.[38;2;139;117;151m=[38;2;190;145;241m*[38;2;116;82;180m-[38;2;111;99;135m=[38;2;231;230;234m%[38;2;48;33;82m.[38;2;157;151;169m+[38;2;181;176;192m*[38;2;49;33;93m.[38;2;165;160;180m*[38;2;162;159;174m*[38;2;56;37;98m:[38;2;144;106;188m=[38;2;180;145;234m*[38;2;97;72;122m-[38;2;37;30;51m.[38;2;71;55;95m:[38;2;13;13;13m [38;2;13;13;13m [38;2;13;13;13m [0m
[38;2;13;13;13m [38;2;13;13;13m [38;2;13;13;13m [38;2;107;77;121m-[38;2;124;91;146m=[38;2;137;103;150m=[38;2;229;196;245m#[38;2;136;114;177m=[38;2;106;97;132m=[38;2;232;230;235m%[38;2;50;32;88m.[38;2;85;74;112m-[38;2;241;240;242m%[38;2;43;33;75m.[38;2;231;229;234m%[38;2;92;85;119m-[38;2;46;33;96m.[38;2;153;122;193m+[38;2;182;165;233m*[38;2;78;67;121m-[38;2;106;83;150m-[38;2;63;50;92m:[38;2;13;13;13m [38;2;13;13;13m [38;2;13;13;13m [0m
[38;2;13;13;13m [38;2;13;13;13m [38;2;13;13;13m [38;2;99;72;117m-[38;2;75;59;84m:[38;2;137;97;153m=[38;2;211;144;243m*[38;2;175;142;188m+[38;2;127;109;144m=[38;2;232;230;235m%[38;2;50;31;92m.[38;2;47;33;86m.[38;2;228;226;231m%[38;2;141;138;149m+[38;2;234;232;237m%[38;2;42;31;82m.[38;2;51;39;109m:[38;2;115;103;187m=[38;2;191;158;239m*[38;2;90;71;121m-[38;2;81;67;100m-[38;2;66;51;92m:[38;2;13;13;13m [38;2;13;13;13m [38;2;13;13;13m [0m
[38;2;13;13;13m [38;2;13;13;13m [38;2;13;13;13m [38;2;90;62;117m-[38;2;19;14;24m.[38;2;101;69;109m-[38;2;238;175;249m#[38;2;178;138;191m+[38;2;142;127;144m+[38;2;232;231;235m%[38;2;55;38;98m:[38;2;56;38;106m:[38;2;159;154;174m*[38;2;248;248;247m@[38;2;172;167;183m*[38;2;63;42;106m:[38;2;77;46;124m:[38;2;142;113;197m=[38;2;190;144;236m*[38;2;71;55;77m:[38;2;39;32;44m.[38;2;77;59;94m:[38;2;13;13;13m [38;2;13;13;13m [38;2;13;13;13m [0m
[38;2;13;13;13m [38;2;13;13;13m [38;2;13;13;13m [38;2;86;59;113m:[38;2;18;15;25m.[38;2;14;13;14m [38;2;121;88;128m-[38;2;144;101;182m=[38;2;120;110;141m=[38;2;222;219;225m%[38;2;62;44;100m:[38;2;61;44;116m:[38;2;91;81;122m-[38;2;241;240;243m%[38;2;112;98;132m=[38;2;89;62;120m-[38;2;92;52;131m:[38;2;148;100;194m=[38;2;64;47;91m:[38;2;15;12;16m [38;2;35;30;43m.[38;2;72;55;89m:[38;2;13;13;13m [38;2;13;13;13m [38;2;13;13;13m [0m
[38;2;13;13;13m [38;2;13;13;13m [38;2;13;13;13m [38;2;81;57;109m:[38;2;17;15;24m.[38;2;100;85;113m-[38;2;28;21;33m.[38;2;69;47;92m:[38;2;59;40;117m:[38;2;71;59;106m:[38;2;80;51;118m:[38;2;55;37;107m:[38;2;50;33;100m.[38;2;49;31;94m.[38;2;53;33;100m.[38;2;72;47;122m:[38;2;105;63;139m-[38;2;54;34;64m.[38;2;38;29;51m.[38;2;60;44;90m:[38;2;32;29;42m.[38;2;68;52;89m:[38;2;13;13;13m [38;2;13;13;13m [38;2;13;13;13m [0m
[38;2;13;13;13m [38;2;13;13;13m [38;2;13;13;13m [38;2;97;77;115m-[38;2;18;15;26m.[38;2;112;83;126m-[38;2;168;113;199m+[38;2;25;17;34m.[38;2;50;32;84m.[38;2;80;51;141m:[38;2;92;64;136m-[38;2;89;58;132m:[38;2;80;49;135m:[38;2;76;49;129m:[38;2;64;40;123m:[38;2;58;40;124m:[38;2;36;24;60m.[38;2;34;24;48m.[38;2;195;141;209m*[38;2;77;50;97m:[38;2;36;32;44m.[38;2;78;63;94m:[38;2;13;13;13m [38;2;13;13;13m [38;2;13;13;13m [0m
[38;2;13;13;13m [38;2;13;13;13m [38;2;13;13;13m [38;2;71;56;79m:[38;2;130;96;151m=[38;2;18;15;20m.[38;2;134;87;168m=[38;2;102;72;156m-[38;2;19;15;31m.[38;2;46;34;78m.[38;2;68;49;139m:[38;2;87;59;138m:[38;2;53;36;88m:[38;2;83;53;136m:[38;2;63;44;122m:[38;2;30;22;53m.[38;2;27;20;35m.[38;2;124;83;175m-[38;2;101;70;137m-[38;2;20;18;23m.[38;2;109;94;149m=[38;2;46;36;58m.[38;2;13;13;13m [38;2;13;13;13m [38;2;13;13;13m [0m
[38;2;13;13;13m [38;2;13;13;13m [38;2;13;13;13m [38;2;13;13;13m [38;2;78;56;95m:[38;2;84;57;101m:[38;2;16;13;22m.[38;2;60;42;101m:[38;2;53;39;109m:[38;2;18;16;28m.[38;2;36;29;75m.[38;2;29;23;47m.[38;2;13;12;16m [38;2;34;25;59m.[38;2;26;19;49m.[38;2;24;20;35m.[38;2;84;61;116m:[38;2;69;45;92m:[38;2;15;14;18m.[38;2;78;63;109m:[38;2;50;39;71m:[38;2;13;13;14m [38;2;13;13;13m [38;2;13;13;13m [38;2;13;13;13m [0m
[38;2;7;7;7m [38;2;13;13;13m [38;2;13;13;13m [38;2;13;13;13m [38;2;13;13;12m [38;2;92;66;113m-[38;2;81;58;104m:[38;2;12;13;14m [38;2;23;19;41m.[38;2;47;36;106m:[38;2;18;16;25m.[38;2;36;34;36m.[38;2;153;149;166m+[38;2;19;18;20m.[38;2;23;18;32m.[38;2;69;48;114m:[38;2;27;21;37m.[38;2;13;13;15m [38;2;91;68;124m-[38;2;57;45;76m:[38;2;13;13;13m [38;2;13;13;13m [38;2;13;13;13m [38;2;13;13;13m [38;2;6;6;6m [0m
[38;2;7;7;7m [38;2;13;13;13m [38;2;13;13;13m [38;2;13;13;13m [38;2;13;13;13m [38;2;38;32;44m.[38;2;162;108;204m=[38;2;84;54;110m:[38;2;13;13;15m [38;2;47;35;94m.[38;2;59;40;114m:[38;2;19;17;27m.[38;2;57;53;71m:[38;2;22;20;32m.[38;2;61;45;113m:[38;2;53;38;87m:[38;2;15;13;16m [38;2;91;68;122m-[38;2;127;94;182m=[38;2;26;22;32m.[38;2;13;13;13m [38;2;13;13;13m [38;2;13;13;13m [38;2;13;13;13m [38;2;5;5;5m [0m
[38;2;1;1;1m [38;2;7;7;7m [38;2;13;13;13m [38;2;13;13;13m [38;2;13;13;13m [38;2;13;13;13m [38;2;39;28;48m.[38;2;151;103;197m=[38;2;80;55;112m:[38;2;15;13;18m [38;2;48;35;94m.[38;2;54;39;108m:[38;2;23;19;38m.[38;2;56;42;115m:[38;2;46;35;85m.[38;2;16;13;17m [38;2;92;70;126m-[38;2;130;95;183m=[38;2;25;21;33m.[38;2;13;13;14m [38;2;13;13;13m [38;2;13;13;13m [38;2;13;13;13m [38;2;6;6;6m [38;2;0;0;0m [0m
[38;2;0;0;0m [38;2;1;1;1m [38;2;7;7;7m [38;2;13;13;13m [38;2;13;13;13m [38;2;13;13;13m [38;2;13;13;13m [38;2;21;18;24m.[38;2;54;38;77m:[38;2;86;60;116m:[38;2;16;14;21m.[38;2;26;21;44m.[38;2;22;19;36m.[38;2;24;20;40m.[38;2;16;14;19m.[38;2;77;63;114m:[38;2;44;34;62m.[38;2;20;16;22m.[38;2;13;13;13m [38;2;13;13;14m [38;2;13;13;13m [38;2;13;13;13m [38;2;6;6;6m [38;2;1;1;1m [38;2;0;0;0m [0m
[38;2;0;0;0m [38;2;0;0;0m [38;2;1;1;1m [38;2;7;7;7m [38;2;13;13;13m [38;2;13;13;13m [38;2;13;13;13m [38;2;13;13;13m [38;2;14;13;14m [38;2;52;39;73m:[38;2;93;67;124m-[38;2;38;30;53m.[38;2;35;27;50m.[38;2;39;29;53m.[38;2;90;68;122m-[38;2;42;31;55m.[38;2;14;14;14m [38;2;13;14;13m [38;2;13;13;13m [38;2;13;13;14m [38;2;13;13;13m [38;2;6;6;6m [38;2;1;1;1m [38;2;0;0;0m [38;2;0;0;0m [0m
[38;2;0;0;0m [38;2;0;0;0m [38;2;0;0;0m [38;2;1;1;1m [38;2;7;7;7m [38;2;13;13;13m [38;2;13;13;13m [38;2;13;13;13m [38;2;13;13;13m [38;2;13;13;13m [38;2;40;31;53m.[38;2;58;44;80m:[38;2;49;36;73m.[38;2;55;42;78m:[38;2;34;27;45m.[38;2;13;13;13m [38;2;13;13;13m [38;2;13;13;13m [38;2;13;13;13m [38;2;13;13;13m [38;2;6;6;6m [38;2;1;1;1m [38;2;0;0;0m [38;2;0;0;0m [38;2;0;0;0m [0m
[38;2;0;0;0m [38;2;0;0;0m [38;2;0;0;0m [38;2;0;0;0m [38;2;1;1;1m [38;2;8;8;8m [38;2;13;13;13m [38;2;13;13;13m [38;2;13;13;13m [38;2;13;13;13m [38;2;13;13;13m [38;2;13;13;13m [38;2;13;13;13m [38;2;13;13;13m [38;2;13;13;13m [38;2;13;13;13m [38;2;13;13;13m [38;2;13;13;13m [38;2;13;13;13m [38;2;6;6;6m [38;2;1;1;1m [38;2;0;0;0m [38;2;0;0;0m [38;2;0;0;0m [38;2;0;0;0m [0m
[38;2;0;0;0m [38;2;0;0;0m [38;2;0;0;0m [38;2;0;0;0m [38;2;0;0;0m [38;2;1;1;1m [38;2;2;2;2m [38;2;8;8;8m [38;2;13;13;13m [38;2;13;13;13m [38;2;13;13;13m [38;2;13;13;13m [38;2;13;13;13m [38;2;13;13;13m [38;2;13;13;13m [38;2;13;13;13m [38;2;13;13;13m [38;2;6;6;6m [38;2;2;2;2m [38;2;1;1;1m [38;2;0;0;0m [38;2;0;0;0m [38;2;0;0;0m [38;2;0;0;0m [38;2;0;0;0m [0m
[38;2;0;0;0m [38;2;0;0;0m [38;2;0;0;0m [38;2;0;0;0m [38;2;0;0;0m [38;2;0;0;0m [38;2;0;0;0m [38;2;1;1;1m [38;2;8;8;8m [38;2;13;13;13m [38;2;13;13;13m [38;2;13;13;13m [38;2;13;13;13m [38;2;13;13;13m [38;2;13;13;13m [38;2;13;13;13m [38;2;6;6;6m [38;2;1;1;1m [38;2;0;0;0m [38;2;0;0;0m [38;2;0;0;0m [38;2;0;0;0m [38;2;0;0;0m [38;2;0;0;0m [38;2;0;0;0m [0m
