[38;2;7;7;7m [38;2;13;13;13m [38;2;13;13;13m [38;2;13;13;13m [38;2;13;13;13m [38;2;13;13;13m [38;2;13;13;13m [38;2;13;13;13m [38;2;13;13;13m [38;2;13;13;13m [38;2;13;13;13m [38;2;13;13;13m [38;2;13;13;13m [38;2;13;13;13m [38;2;13;13;13m [38;2;13;13;13m [38;2;13;13;13m [38;2;13;13;13m [38;2;13;13;13m [38;2;13;13;13m [38;2;13;13;13m [38;2;13;13;13m [38;2;13;13;13m [38;2;13;13;13m [38;2;5;5;5m [0m
[38;2;13;13;13m [38;2;13;13;13m [38;2;13;13;13m [38;2;13;13;13m [38;2;13;13;13m [38;2;13;13;13m [38;2;13;13;13m [38;2;13;13;13m [38;2;13;13;13m [38;2;13;13;13m [38;2;13;13;13m [38;2;13;13;13m [38;2;13;13;13m [38;2;13;13;13m [38;2;13;13;13m [38;2;13;13;13m [38;2;13;13;13m [38;2;13;13;13m [38;2;13;13;13m [38;2;13;13;13m [38;2;13;13;13m [38;2;13;13;13m [38;2;13;13;13m [38;2;13;13;13m [38;2;13;13;13m [0m
[38;2;13;13;13m [38;2;13;13;13m [38;2;13;13;13m [38;2;13;13;13m [38;2;14;13;16m [38;2;15;13;16m [38;2;15;14;17m.[38;2;14;13;18m [38;2;46;37;59m.[38;2;28;22;35m.[38;2;14;13;18m [38;2;42;34;57m.[38;2;104;76;140m-[38;2;34;27;43m.[38;2;16;14;19m.[38;2;32;26;44m.[38;2;31;26;44m.[38;2;16;14;19m.[38;2;16;15;18m.[38;2;16;15;18m.[38;2;15;14;17m.[38;2;13;13;13m [38;2;13;13;13m [38;2;13;13;13m [38;2;13;13;13m [0m
[38;2;13;13;13m [38;2;13;13;13m [38;2;13;13;13m [38;2;66;52;85m:[38;2;97;72;152m-[38;2;129;85;193m=[38;2;85;60;128m:[38;2;70;58;104m:[38;2;93;77;118m-[38;2;89;70;118m-[38;2;85;70;115m-[38;2;91;74;119m-[38;2;94;71;132m-[38;2;87;65;124m-[38;2;81;63;114m:[38;2;81;63;117m:[38;2;83;64;121m-[38;2;90;68;122m-[38;2;105;78;140m-[38;2;141;114;203m=[38;2;101;76;155m-[38;2;43;33;61m.[38;2;13;13;13m [38;2;13;13;13m [38;2;13;13;13m [0m
[38;2;13;13;13m [38;2;13;13;13m [38;2;13;13;13m [38;2;102;83;122m-[38;2;23;20;28m.[38;2;34;25;43m.[38;2;13;12;16m [38;2;13;12;15m [38;2;14;14;15m [38;2;14;14;14m [38;2;14;14;14m [38;2;43;42;42m.[38;2;78;78;76m-[38;2;30;30;29m.[38;2;13;13;13m [38;2;13;13;12m [38;2;14;13;15m [38;2;14;13;14m [38;2;13;12;15m [38;2;35;29;44m.[38;2;36;27;48m.[38;2;73;56;92m:[38;2;13;13;13m [38;2;13;13;13m [38;2;13;13;13m [0m
[38;2;13;13;13m [38;2;13;13;13m [38;2;13;13;13m [38;2;84;61;116m:[38;2;58;44;78m:[38;2;69;63;101m:[38;2;101;82;175m-[38;2;103;72;159m-[38;2;77;51;125m:[38;2;39;26;56m.[38;2;14;13;14m [38;2;164;157;175m*[38;2;216;202;232m#[38;2;124;111;143m=[38;2;12;13;13m [38;2;48;36;68m.[38;2;80;56;128m:[38;2;156;118;185m+[38;2;168;116;217m+[38;2;66;50;89m:[38;2;67;52;96m:[38;2;60;48;87m:[38;2;13;13;13m [38;2;13;13;13m [38;2;13;13;13m [0m
[38;2;13;13;13m [38;2;13;13;13m [38;2;13;13;13m [38;2;60;46;96m:[38;2;51;41;75m:[38;2;97;72;141m-[38;2;137;96;224m=[38;2;148;87;191m=[38;2;103;56;149m-[38;2;79;49;137m:[38;2;30;21;47m.[38;2;49;42;54m:[38;2;159;144;186m+[38;2;30;28;39m.[38;2;40;31;70m.[38;2;83;67;130m-[38;2;88;71;131m-[38;2;125;99;176m=[38;2;109;80;207m-[38;2;66;49;119m:[38;2;78;59;108m:[38;2;66;50;90m:[38;2;13;13;13m [38;2;13;13;13m [38;2;13;13;13m [0m
[38;2;13;13;13m [38;2;13;13;13m [38;2;13;13;13m [38;2;63;48;96m:[38;2;53;43;76m:[38;2;82;61;144m-[38;2;161;104;246m=[38;2;147;89;194m=[38;2;96;49;133m:[38;2;72;42;122m:[38;2;88;56;131m:[38;2;36;28;51m.[38;2;13;12;13m [38;2;40;30;67m.[38;2;93;62;154m-[38;2;66;45;131m:[38;2;56;42;118m:[38;2;99;71;185m-[38;2;134;93;221m=[38;2;72;47;117m:[38;2;91;65;114m-[38;2;79;60;94m:[38;2;13;13;13m [38;2;13;13;13m [38;2;13;13;13m [0m
[38;2;13;13;13m [38;2;13;13;13m [38;2;13;13;13m [38;2;96;78;113m-[38;2;20;18;28m.[38;2;112;73;151m-[38;2;188;115;249m+[38;2;140;86;182m=[38;2;74;44;125m:[38;2;77;45;130m:[38;2;75;50;127m:[38;2;70;48;136m:[38;2;46;33;85m.[38;2;77;48;141m:[38;2;76;47;134m:[38;2;83;59;132m:[38;2;90;64;138m-[38;2;169;135;213m+[38;2;207;163;250m*[38;2;103;77;124m-[38;2;43;34;55m.[38;2;78;58;95m:[38;2;13;13;13m [38;2;13;13;13m [38;2;13;13;13m [0m
[38;2;13;13;13m [38;2;13;13;13m [38;2;13;13;13m [38;2;84;62;114m:[38;2;19;16;25m.[38;2;126;81;154m-[38;2;189;117;249m+[38;2;153;95;194m=[38;2;80;48;132m:[38;2;79;44;122m:[38;2;75;53;121m:[38;2;77;53;124m:[38;2;74;52;128m:[38;2;82;56;133m:[38;2;89;62;129m-[38;2;101;78;133m-[38;2;99;76;143m-[38;2;175;147;211m*[38;2;163;125;228m+[38;2;99;70;124m-[38;2;40;30;52m.[38;2;71;52;94m:[38;2;13;13;13m [38;2;13;13;13m [38;2;13;13;13m [0m
[38;2;13;13;13m [38;2;13;13;13m [38;2;13;13;13m [38;2;100;76;116m-[38;2;18;16;24m.[38;2;122;82;150m-[38;2;203;128;248m+[38;2;149;103;191m=[38;2;78;47;130m:[38;2;94;53;126m:[38;2;75;56;111m:[38;2;113;99;137m=[38;2;56;39;97m:[38;2;109;95;136m=[38;2;88;69;122m-[38;2;99;77;135m-[38;2;99;80;143m-[38;2;185;162;209m*[38;2;162;127;219m+[38;2;110;91;123m-[38;2;36;28;50m.[38;2;63;45;90m:[38;2;13;13;13m [38;2;13;13;13m [38;2;13;13;13m [0m
[38;2;13;13;13m [38;2;13;13;13m [38;2;13;13;13m [38;2;94;66;117m-[38;2;18;16;24m.[38;2;87;59;148m-[38;2;135;94;237m=[38;2;143;97;194m=[38;2;83;52;133m:[38;2;75;46;116m:[38;2;117;104;138m=[38;2;237;236;238m%[38;2;48;34;72m.[38;2;228;228;231m%[38;2;128;117;147m=[38;2;103;82;135m-[38;2;102;81;145m-[38;2;168;139;205m+[38;2;197;164;234m*[38;2;96;76;116m-[38;2;42;34;54m.[38;2;80;60;97m:[38;2;13;13;13m [38;2;13;13;13m [38;2;13;13;13m [0m
[38;2;13;13;13m [38;2;13;13;13m [38;2;13;13;13m [38;2;94;65;117m-[38;2;20;16;25m.[38;2;106;70;151m-[38;2;146;95;243m=[38;2;119;76;190m-[38;2;78;50;128m:[38;2;70;45;121m:[38;2;115;103;138m=[38;2;236;236;238m%[38;2;49;33;78m.[38;2;229;228;232m%[38;2;129;119;146m=[38;2;96;77;129m-[38;2;103;81;138m-[38;2;185;169;207m*[38;2;222;193;244m#[38;2;102;73;120m-[38;2;43;35;55m.[38;2;81;61;98m:[38;2;13;13;13m [38;2;13;13;13m [38;2;13;13;13m [0m
[38;2;13;13;13m [38;2;13;13;13m [38;2;13;13;13m [38;2;93;65;121m-[38;2;110;75;144m-[38;2;126;90;152m=[38;2;195;119;249m+[38;2;110;67;183m-[38;2;69;42;124m:[38;2;71;45;120m:[38;2;121;106;141m=[38;2;236;235;238m%[38;2;40;29;73m.[38;2;229;227;233m%[38;2;131;122;146m=[38;2;68;47;113m:[38;2;82;54;130m:[38;2;127;99;185m=[38;2;196;158;236m*[38;2;101;73;124m-[38;2;123;96;157m=[38;2;69;47;88m:[38;2;13;13;13m [38;2;13;13;13m [38;2;13;13;13m [0m
[38;2;13;13;13m [38;2;13;13;13m [38;2;13;13;13m [38;2;86;60;117m:[38;2;62;49;80m:[38;2;129;88;154m=[38;2;188;115;250m+[38;2;134;83;189m=[38;2;64;40;123m:[38;2;87;50;123m:[38;2;125;107;142m=[38;2;236;235;239m%[38;2;44;29;75m.[38;2;229;228;233m%[38;2;120;110;138m=[38;2;59;38;105m:[38;2;68;40;116m:[38;2;148;103;195m=[38;2;218;173;247m#[38;2;116;98;124m=[38;2;96;88;105m-[38;2;69;48;88m:[38;2;13;13;13m [38;2;13;13;13m [38;2;13;13;13m [0m
[38;2;13;13;13m [38;2;13;13;13m [38;2;13;13;13m [38;2;89;72;113m-[38;2;19;15;24m.[38;2;81;52;108m:[38;2;208;133;246m*[38;2;143;84;194m=[38;2;68;40;125m:[38;2;86;51;126m:[38;2;132;113;141m=[38;2;237;235;239m%[38;2;54;35;82m.[38;2;230;228;233m%[38;2;118;111;137m=[38;2;85;56;116m:[38;2;77;44;122m:[38;2;140;86;198m=[38;2;205;153;239m*[38;2;61;51;73m:[38;2;37;29;44m.[38;2;71;50;89m:[38;2;13;13;13m [38;2;13;13;13m [38;2;13;13;13m [0m
[38;2;13;13;13m [38;2;13;13;13m [38;2;13;13;13m [38;2;101;86;118m-[38;2;17;15;24m.[38;2;14;13;13m [38;2;99;60;129m-[38;2;141;87;197m=[38;2;96;59;143m-[38;2;90;53;133m:[38;2;129;109;140m=[38;2;227;222;231m%[38;2;61;38;84m:[38;2;220;215;225m%[38;2;128;115;137m=[38;2;84;48;114m:[38;2;84;48;131m:[38;2;148;89;193m=[38;2;67;43;89m:[38;2;13;13;16m [38;2;37;28;44m.[38;2;70;50;88m:[38;2;13;13;13m [38;2;13;13;13m [38;2;13;13;13m [0m
[38;2;13;13;13m [38;2;13;13;13m [38;2;13;13;13m [38;2;111;100;120m=[38;2;19;16;25m.[38;2;80;51;109m:[38;2;24;20;35m.[38;2;67;45;95m:[38;2;134;82;158m-[38;2;99;59;135m-[38;2;76;44;112m:[38;2;70;40;103m:[38;2;76;45;110m:[38;2;72;45;95m:[38;2;57;35;95m:[38;2;71;41;122m:[38;2;84;47;135m:[38;2;51;36;68m.[38;2;43;30;51m.[38;2;65;47;90m:[38;2;35;31;43m.[38;2;79;60;94m:[38;2;13;13;13m [38;2;13;13;13m [38;2;13;13;13m [0m
[38;2;13;13;13m [38;2;13;13;13m [38;2;13;13;13m [38;2;109;92;119m-[38;2;19;16;24m.[38;2;93;64;129m-[38;2;165;113;202m+[38;2;32;21;37m.[38;2;74;46;91m:[38;2;99;58;149m-[38;2;106;73;143m-[38;2;114;73;142m-[38;2;95;58;136m-[38;2;86;51;127m:[38;2;79;44;122m:[38;2;70;46;124m:[38;2;35;25;55m.[38;2;37;27;49m.[38;2;138;89;198m=[38;2;61;39;89m:[38;2;38;32;46m.[38;2;86;67;96m-[38;2;13;13;13m [38;2;13;13;13m [38;2;13;13;13m [0m
[38;2;13;13;13m [38;2;13;13;13m [38;2;13;13;13m [38;2;71;56;79m:[38;2;131;96;154m=[38;2;18;15;20m.[38;2;150;109;169m=[38;2;134;90;165m=[38;2;23;16;31m.[38;2;70;45;94m:[38;2;104;70;152m-[38;2;127;94;150m=[38;2;60;37;84m:[38;2;93;55;138m:[38;2;85;50;135m:[38;2;35;24;55m.[38;2;22;21;30m.[38;2;79;65;157m-[38;2;58;49;117m:[38;2;22;17;23m.[38;2;140;108;169m=[38;2;48;39;59m.[38;2;13;13;13m [38;2;13;13;13m [38;2;13;13;13m [0m
[38;2;13;13;13m [38;2;13;13;13m [38;2;13;13;13m [38;2;13;13;13m [38;2;80;60;96m:[38;2;85;62;101m:[38;2;18;14;21m.[38;2;71;46;106m:[38;2;79;51;119m:[38;2;22;16;29m.[38;2;59;42;88m:[38;2;38;26;51m.[38;2;14;12;13m [38;2;47;29;64m.[38;2;36;24;56m.[38;2;24;19;30m.[38;2;63;44;98m:[38;2;40;34;81m.[38;2;13;14;18m [38;2;98;76;116m-[38;2;59;45;73m:[38;2;13;13;12m [38;2;13;13;13m [38;2;13;13;13m [38;2;13;13;13m [0m
[38;2;7;7;7m [38;2;13;13;13m [38;2;13;13;13m [38;2;13;13;13m [38;2;13;14;12m [38;2;94;69;113m-[38;2;92;67;112m-[38;2;14;13;14m [38;2;31;23;44m.[38;2;73;46;116m:[38;2;19;15;23m.[38;2;35;33;36m.[38;2;156;150;168m+[38;2;19;17;20m.[38;2;23;19;31m.[38;2;77;53;112m:[38;2;26;21;36m.[38;2;13;14;16m [38;2;109;84;131m-[38;2;76;57;84m:[38;2;13;11;14m [38;2;13;13;14m [38;2;13;13;13m [38;2;13;13;13m [38;2;6;6;6m [0m
[38;2;7;7;7m [38;2;13;13;13m [38;2;13;13;13m [38;2;13;13;13m [38;2;13;13;13m [38;2;37;31;46m.[38;2;171;123;209m+[38;2;93;68;115m-[38;2;15;13;19m [38;2;56;37;97m:[38;2;67;40;114m:[38;2;20;17;26m.[38;2;58;54;68m:[38;2;24;19;31m.[38;2;78;47;115m:[38;2;62;40;87m:[38;2;14;14;18m.[38;2;89;66;124m-[38;2;129;89;185m=[38;2;25;20;30m.[38;2;13;13;13m [38;2;13;13;13m [38;2;13;13;13m [38;2;13;13;13m [38;2;5;5;5m [0m
[38;2;1;1;1m [38;2;7;7;7m [38;2;13;13;13m [38;2;13;13;13m [38;2;13;13;13m [38;2;13;13;12m [38;2;41;30;47m.[38;2;161;121;204m+[38;2;92;68;116m-[38;2;16;13;22m.[38;2;55;37;99m:[38;2;57;40;109m:[38;2;27;21;43m.[38;2;65;44;109m:[38;2;50;36;82m.[38;2;15;14;18m.[38;2;90;64;126m-[38;2;120;80;176m-[38;2;23;18;33m.[38;2;13;12;13m [38;2;13;13;13m [38;2;13;13;13m [38;2;13;13;13m [38;2;6;6;6m [38;2;0;0;0m [0m
[38;2;0;0;0m [38;2;1;1;1m [38;2;7;7;7m [38;2;13;13;13m [38;2;13;13;13m [38;2;13;13;13m [38;2;13;13;13m [38;2;20;18;24m.[38;2;54;41;75m:[38;2;86;63;118m-[38;2;17;13;21m.[38;2;26;21;43m.[38;2;28;20;40m.[38;2;28;20;42m.[38;2;17;13;18m.[38;2;104;78;124m-[38;2;47;33;62m.[38;2;18;17;22m.[38;2;11;13;13m [38;2;13;13;14m [38;2;13;13;13m [38;2;13;13;13m [38;2;6;6;6m [38;2;1;1;1m [38;2;0;0;0m [0m
[38;2;0;0;0m [38;2;0;0;0m [38;2;1;1;1m [38;2;7;7;7m [38;2;13;13;13m [38;2;13;13;13m [38;2;13;13;13m [38;2;13;13;13m [38;2;13;13;13m [38;2;52;40;71m:[38;2;91;66;120m-[38;2;39;30;53m.[38;2;37;30;50m.[38;2;38;32;50m.[38;2;107;80;130m-[38;2;47;34;59m.[38;2;13;13;13m [38;2;12;13;13m [38;2;13;13;13m [38;2;13;13;12m [38;2;13;13;13m [38;2;6;6;6m [38;2;1;1;1m [38;2;0;0;0m [38;2;0;0;0m [0m
[38;2;0;0;0m [38;2;0;0;0m [38;2;0;0;0m [38;2;1;1;1m [38;2;7;7;7m [38;2;13;13;13m [38;2;13;13;13m [38;2;13;13;13m [38;2;13;13;13m [38;2;13;13;13m [38;2;40;32;49m.[38;2;57;44;80m:[38;2;57;44;79m:[38;2;59;43;80m:[38;2;37;28;44m.[38;2;13;13;13m [38;2;13;13;13m [38;2;13;13;13m [38;2;13;13;13m [38;2;13;13;13m [38;2;6;6;6m [38;2;1;1;1m [38;2;0;0;0m [38;2;0;0;0m [38;2;0;0;0m [0m
[38;2;0;0;0m [38;2;0;0;0m [38;2;0;0;0m [38;2;0;0;0m [38;2;1;1;1m [38;2;8;8;8m [38;2;13;13;13m [38;2;13;13;13m [38;2;13;13;13m [38;2;13;13;13m [38;2;13;13;13m [38;2;13;13;13m [38;2;13;13;13m [38;2;13;13;13m [38;2;13;13;13m [38;2;13;13;13m [38;2;13;13;13m [38;2;13;13;13m [38;2;13;13;13m [38;2;6;6;6m [38;2;1;1;1m [38;2;0;0;0m [38;2;0;0;0m [38;2;0;0;0m [38;2;0;0;0m [0m
[38;2;0;0;0m [38;2;0;0;0m [38;2;0;0;0m [38;2;0;0;0m [38;2;0;0;0m [38;2;1;1;1m [38;2;2;2;2m [38;2;8;8;8m [38;2;13;13;13m [38;2;13;13;13m [38;2;13;13;13m [38;2;13;13;13m [38;2;13;13;13m [38;2;13;13;13m [38;2;13;13;13m [38;2;13;13;13m [38;2;13;13;13m [38;2;6;6;6m [38;2;2;2;2m [38;2;1;1;1m [38;2;0;0;0m [38;2;0;0;0m [38;2;0;0;0m [38;2;0;0;0m [38;2;0;0;0m [0m
[38;2;0;0;0m [38;2;0;0;0m [38;2;0;0;0m [38;2;0;0;0m [38;2;0;0;0m [38;2;0;0;0m [38;2;0;0;0m [38;2;1;1;1m [38;2;8;8;8m [38;2;13;13;13m [38;2;13;13;13m [38;2;13;13;13m [38;2;13;13;13m [38;2;13;13;13m [38;2;13;13;13m [38;2;13;13;13m [38;2;6;6;6m [38;2;1;1;1m [38;2;0;0;0m [38;2;0;0;0m [38;2;0;0;0m [38;2;0;0;0m [38;2;0;0;0m [38;2;0;0;0m [38;2;0;0;0m [0m
