[38;2;7;7;7m [38;2;13;13;13m [38;2;13;13;13m [38;2;13;13;13m [38;2;13;13;13m [38;2;13;13;13m [38;2;13;13;13m [38;2;13;13;13m [38;2;13;13;13m [38;2;13;13;13m [38;2;13;13;13m [38;2;13;13;13m [38;2;13;13;13m [38;2;13;13;13m [38;2;13;13;13m [38;2;13;13;13m [38;2;13;13;13m [38;2;13;13;13m [38;2;13;13;13m [38;2;13;13;13m [38;2;13;13;13m [38;2;13;13;13m [38;2;13;13;13m [38;2;13;13;13m [38;2;7;7;7m [0m
[38;2;13;13;13m [38;2;13;13;13m [38;2;13;13;13m [38;2;13;13;13m [38;2;13;13;13m [38;2;13;13;13m [38;2;13;13;13m [38;2;13;13;13m [38;2;13;13;13m [38;2;13;13;13m [38;2;13;13;13m [38;2;13;13;12m [38;2;13;13;13m [38;2;13;13;12m [38;2;13;13;13m [38;2;13;13;13m [38;2;13;13;13m [38;2;13;13;13m [38;2;13;13;13m [38;2;13;13;13m [38;2;13;13;13m [38;2;13;13;13m [38;2;13;13;13m [38;2;13;13;13m [38;2;13;13;13m [0m
[38;2;13;13;13m [38;2;13;13;13m [38;2;13;13;13m [38;2;12;14;13m [38;2;9;15;12m [38;2;10;14;12m [38;2;11;14;12m [38;2;11;14;12m [38;2;10;15;12m [38;2;11;16;13m.[38;2;12;15;11m [38;2;21;52;31m:[38;2;62;141;76m=[38;2;22;44;26m.[38;2;10;15;10m [38;2;11;14;11m [38;2;11;14;12m [38;2;12;15;12m [38;2;12;15;12m [38;2;12;15;12m [38;2;12;15;12m [38;2;13;13;13m [38;2;13;13;13m [38;2;13;13;13m [38;2;13;13;13m [0m
[38;2;13;13;13m [38;2;13;13;13m [38;2;13;13;13m [38;2;29;75;40m:[38;2;73;131;83m=[38;2;82;160;95m+[38;2;43;100;55m-[38;2;37;94;51m-[38;2;38;96;53m-[38;2;43;103;59m-[38;2;45;107;60m-[38;2;51;117;66m=[38;2;58;126;71m=[38;2;48;125;66m=[38;2;46;119;62m=[38;2;48;121;63m=[38;2;43;124;60m=[38;2;36;125;56m=[38;2;46;141;68m=[38;2;80;217;111m*[38;2;61;180;86m+[38;2;27;78;41m:[38;2;13;13;13m [38;2;13;13;13m [38;2;13;13;13m [0m
[38;2;13;13;13m [38;2;13;13;13m [38;2;13;12;14m [38;2;52;102;61m-[38;2;16;23;20m.[38;2;19;42;26m.[38;2;12;14;13m [38;2;12;13;12m [38;2;13;14;13m [38;2;13;12;12m [38;2;12;13;13m [38;2;24;28;27m.[38;2;111;115;114m=[38;2;22;26;23m.[38;2;13;13;13m [38;2;13;13;13m [38;2;13;15;13m.[38;2;12;14;13m [38;2;12;14;11m [38;2;30;55;38m:[38;2;18;47;28m.[38;2;44;108;62m-[38;2;13;13;13m [38;2;13;13;13m [38;2;13;13;13m [0m
[38;2;13;13;13m [38;2;13;13;13m [38;2;13;13;15m [38;2;50;105;65m-[38;2;13;19;17m.[38;2;64;108;77m-[38;2;159;188;165m*[38;2;96;147;106m+[38;2;36;129;60m=[38;2;18;49;28m.[38;2;11;15;12m [38;2;116;132;120m+[38;2;248;253;249m@[38;2;48;93;57m-[38;2;13;13;13m [38;2;22;70;31m:[38;2;37;125;45m=[38;2;78;172;91m+[38;2;103;197;117m*[38;2;39;91;48m-[38;2;17;43;25m.[38;2;35;109;60m-[38;2;13;13;13m [38;2;13;13;13m [38;2;13;13;13m [0m
[38;2;13;13;13m [38;2;13;13;13m [38;2;13;13;12m [38;2;38;100;57m-[38;2;15;20;17m.[38;2;106;153;124m+[38;2;237;249;229m@[38;2;140;206;158m#[38;2;39;173;82m+[38;2;38;158;73m=[38;2;18;50;27m.[38;2;67;97;71m-[38;2;160;214;163m#[38;2;24;52;29m:[38;2;22;72;29m:[38;2;39;184;65m+[38;2;37;151;47m=[38;2;97;206;109m*[38;2;142;238;153m#[38;2;61;132;75m=[38;2;17;47;26m.[38;2;34;108;57m-[38;2;13;13;13m [38;2;13;13;13m [38;2;13;13;13m [0m
[38;2;13;13;13m [38;2;13;13;13m [38;2;13;13;13m [38;2;56;111;71m-[38;2;51;76;56m:[38;2;100;146;112m+[38;2;219;246;214m%[38;2;132;210;149m#[38;2;37;166;73m+[38;2;36;162;69m+[38;2;39;160;70m+[38;2;16;54;27m:[38;2;15;38;20m.[38;2;21;71;30m:[38;2;34;145;40m=[38;2;37;176;55m+[38;2;34;173;50m+[38;2;94;217;118m*[38;2;137;247;159m%[38;2;63;138;81m=[38;2;41;119;69m-[38;2;42;107;59m-[38;2;13;13;13m [38;2;13;13;13m [38;2;13;13;13m [0m
[38;2;13;13;13m [38;2;13;13;13m [38;2;12;13;13m [38;2;40;105;52m-[38;2;31;71;38m:[38;2;93;152;105m+[38;2;215;250;216m%[38;2;123;209;145m#[38;2;38;157;67m=[38;2;36;134;53m=[38;2;37;145;54m=[38;2;38;170;66m+[38;2;22;93;34m-[38;2;40;172;57m+[38;2;36;160;53m=[38;2;36;170;52m+[38;2;32;165;44m+[38;2;82;214;107m*[38;2;111;253;154m%[38;2;51;137;72m=[38;2;39;118;61m-[38;2;42;106;58m-[38;2;13;13;13m [38;2;13;13;13m [38;2;13;13;13m [0m
[38;2;13;13;13m [38;2;13;13;13m [38;2;13;13;14m [38;2;27;108;47m-[38;2;24;66;33m:[38;2;63;131;73m=[38;2;164;212;164m#[38;2;124;191;133m*[38;2;37;121;48m-[38;2;38;115;44m-[38;2;39;132;49m=[38;2;35;141;47m=[38;2;35;164;60m+[38;2;34;168;52m+[38;2;34;184;61m+[38;2;33;170;53m+[38;2;32;131;36m=[38;2;51;193;64m+[38;2;68;239;102m#[38;2;39;138;64m=[38;2;26;107;43m-[38;2;26;100;39m-[38;2;13;13;13m [38;2;13;13;13m [38;2;13;13;13m [0m
[38;2;13;13;13m [38;2;13;13;13m [38;2;13;13;14m [38;2;56;120;75m=[38;2;13;19;16m.[38;2;59;148;77m=[38;2;111;189;123m*[38;2;86;163;95m+[38;2;34;112;42m-[38;2;34;107;40m-[38;2;35;107;39m-[38;2;31;95;32m-[38;2;104;153;114m+[38;2;34;159;58m=[38;2;31;161;53m=[38;2;30;148;44m=[38;2;33;145;42m=[38;2;47;187;60m+[38;2;73;234;111m#[38;2;40;136;78m=[38;2;16;43;22m.[38;2;23;99;41m-[38;2;13;13;13m [38;2;13;13;13m [38;2;13;13;13m [0m
[38;2;13;13;13m [38;2;13;13;13m [38;2;13;13;13m [38;2;44;116;63m-[38;2;13;19;13m.[38;2;39;160;87m+[38;2;85;229;133m#[38;2;73;193;108m*[38;2;35;124;43m=[38;2;34;103;36m-[38;2;34;107;38m-[38;2;45;95;47m-[38;2;233;240;233m%[38;2;32;111;38m-[38;2;34;147;45m=[38;2;32;146;40m=[38;2;31;150;41m=[38;2;48;203;78m*[38;2;67;244;121m#[38;2;36;134;71m=[38;2;21;45;28m.[38;2;32;105;52m-[38;2;13;13;13m [38;2;13;13;13m [38;2;13;13;13m [0m
[38;2;13;13;13m [38;2;13;13;13m [38;2;12;13;13m [38;2;31;114;51m-[38;2;15;20;16m.[38;2;36;129;57m=[38;2;61;197;86m*[38;2;46;201;100m*[38;2;35;129;53m=[38;2;31;94;36m-[38;2;33;116;49m-[38;2;111;143;113m+[38;2;254;255;254m@[38;2;89;128;92m=[38;2;30;89;33m-[38;2;31;105;38m-[38;2;30;111;36m-[38;2;44;198;72m*[38;2;63;210;74m*[38;2;39;101;42m-[38;2;16;40;23m.[38;2;30;101;50m-[38;2;13;13;13m [38;2;13;13;13m [38;2;13;13;13m [0m
[38;2;13;13;13m [38;2;13;13;13m [38;2;12;13;13m [38;2;47;126;70m=[38;2;17;22;19m.[38;2;40;145;59m=[38;2;58;205;79m*[38;2;40;199;86m*[38;2;68;150;88m+[38;2;217;230;219m%[38;2;250;255;252m@[38;2;252;254;253m@[38;2;255;255;255m@[38;2;253;254;253m@[38;2;252;254;251m@[38;2;204;223;209m%[38;2;58;142;72m=[38;2;43;172;59m+[38;2;66;197;73m*[38;2;36;106;39m-[38;2;16;39;25m.[38;2;38;102;54m-[38;2;13;13;13m [38;2;13;13;13m [38;2;13;13;13m [0m
[38;2;13;13;13m [38;2;13;13;13m [38;2;12;13;13m [38;2;39;128;63m=[38;2;18;60;26m:[38;2;37;158;75m=[38;2;58;245;118m#[38;2;40;212;92m*[38;2;33;175;77m+[38;2;39;128;58m=[38;2;171;194;174m#[38;2;255;255;255m@[38;2;255;255;255m@[38;2;254;255;255m@[38;2;154;189;163m*[38;2;34;139;63m=[38;2;35;178;80m+[38;2;43;214;108m*[38;2;47;222;92m*[38;2;33;125;50m=[38;2;21;83;39m:[38;2;41;100;56m-[38;2;13;13;13m [38;2;13;13;13m [38;2;13;13;13m [0m
[38;2;13;13;13m [38;2;13;13;13m [38;2;12;12;13m [38;2;27;123;47m-[38;2;24;85;35m:[38;2;33;129;86m=[38;2;60;242;104m#[38;2;43;210;82m*[38;2;36;193;86m+[38;2;33;175;75m+[38;2;104;159;117m+[38;2;254;255;255m@[38;2;254;255;255m@[38;2;254;255;254m@[38;2;81;157;103m+[38;2;31;180;78m+[38;2;33;197;94m+[38;2;36;228;158m*[38;2;47;251;205m#[38;2;28;98;71m-[38;2;29;105;44m-[38;2;43;93;52m-[38;2;13;13;13m [38;2;13;13;13m [38;2;13;13;13m [0m
[38;2;13;13;13m [38;2;13;13;13m [38;2;12;12;13m [38;2;34;129;56m=[38;2;31;88;40m-[38;2;11;16;13m.[38;2;41;150;90m=[38;2;43;206;88m*[38;2;37;199;82m*[38;2;32;172;71m+[38;2;174;205;183m#[38;2;198;220;203m%[38;2;81;153;104m+[38;2;209;229;215m%[38;2;151;202;172m#[38;2;31;187;97m+[38;2;32;194;89m+[38;2;35;221;147m*[38;2;31;120;98m=[38;2;11;13;14m [38;2;26;101;44m-[38;2;43;92;50m-[38;2;13;13;13m [38;2;13;13;13m [38;2;13;13;13m [0m
[38;2;13;13;13m [38;2;13;13;13m [38;2;12;12;13m [38;2;44;129;66m=[38;2;21;43;25m.[38;2;48;128;81m=[38;2;14;34;21m.[38;2;31;137;81m=[38;2;39;210;98m*[38;2;36;171;77m+[38;2;127;181;139m*[38;2;31;157;71m=[38;2;32;178;78m+[38;2;33;143;66m=[38;2;130;186;152m*[38;2;30;168;87m+[38;2;38;218;134m*[38;2;26;106;70m-[38;2;10;40;26m.[38;2;24;104;62m-[38;2;19;54;28m:[38;2;34;91;42m-[38;2;13;13;13m [38;2;13;13;13m [38;2;13;13;13m [0m
[38;2;13;13;13m [38;2;13;13;13m [38;2;12;12;13m [38;2;48;128;72m=[38;2;13;23;16m.[38;2;62;150;91m=[38;2;92;197;129m*[38;2;12;33;20m.[38;2;30;139;81m=[38;2;36;198;112m*[38;2;31;169;72m+[38;2;36;179;73m+[38;2;37;190;83m+[38;2;32;175;77m+[38;2;33;152;65m=[38;2;34;188;100m+[38;2;27;106;66m-[38;2;16;40;27m.[38;2;34;211;140m*[38;2;28;118;74m-[38;2;15;34;18m.[38;2;31;89;41m-[38;2;13;13;13m [38;2;13;13;13m [38;2;13;13;13m [0m
[38;2;13;13;13m [38;2;13;13;13m [38;2;12;13;13m [38;2;35;94;52m-[38;2;25;82;39m:[38;2;13;23;17m.[38;2;74;192;156m*[38;2;60;183;125m+[38;2;10;31;19m.[38;2;30;144;99m=[38;2;35;227;141m*[38;2;37;216;122m*[38;2;28;115;51m-[38;2;36;171;68m+[38;2;33;154;56m=[38;2;26;89;43m-[38;2;14;29;18m.[38;2;27;144;50m=[38;2;32;137;67m=[38;2;13;17;15m.[38;2;27;86;42m:[38;2;26;60;33m:[38;2;13;13;13m [38;2;13;13;13m [38;2;13;13;13m [0m
[38;2;13;13;13m [38;2;13;13;13m [38;2;13;13;13m [38;2;12;13;12m [38;2;33;111;52m-[38;2;24;89;41m-[38;2;14;26;19m.[38;2;35;147;83m=[38;2;34;166;82m+[38;2;12;29;18m.[38;2;29;132;73m=[38;2;22;79;45m:[38;2;12;13;13m [38;2;22;94;46m-[38;2;26;96;47m-[38;2;13;31;18m.[38;2;28;115;48m-[38;2;28;97;46m-[38;2;10;18;17m.[38;2;25;88;41m-[38;2;24;76;37m:[38;2;13;13;13m [38;2;13;13;13m [38;2;13;13;13m [38;2;13;13;13m [0m
[38;2;8;8;8m [38;2;13;13;13m [38;2;13;13;13m [38;2;13;13;14m [38;2;13;13;11m [38;2;28;110;50m-[38;2;21;95;42m-[38;2;12;13;13m [38;2;20;81;34m:[38;2;28;154;63m=[38;2;13;24;16m.[38;2;26;29;26m.[38;2;136;170;146m*[38;2;15;25;17m.[38;2;13;31;21m.[38;2;27;161;79m=[38;2;16;57;28m:[38;2;11;13;12m [38;2;24;89;38m-[38;2;28;73;40m:[38;2;11;14;13m [38;2;12;13;13m [38;2;13;13;13m [38;2;13;13;13m [38;2;8;8;8m [0m
[38;2;7;7;7m [38;2;13;13;13m [38;2;13;13;13m [38;2;13;13;13m [38;2;13;13;12m [38;2;12;13;12m [38;2;28;107;51m-[38;2;24;103;48m-[38;2;13;14;11m [38;2;25;146;60m=[38;2;28;141;57m=[38;2;12;25;14m.[38;2;37;95;51m-[38;2;13;33;22m.[38;2;32;175;94m+[38;2;30;142;77m=[38;2;12;13;10m [38;2;23;93;41m-[38;2;22;66;33m:[38;2;12;12;14m [38;2;13;13;13m [38;2;13;13;13m [38;2;13;13;13m [38;2;13;13;13m [38;2;7;7;7m [0m
[38;2;1;1;1m [38;2;8;8;8m [38;2;13;13;13m [38;2;13;13;13m [38;2;13;13;13m [38;2;13;13;13m [38;2;12;14;13m [38;2;26;102;48m-[38;2;20;104;41m-[38;2;12;23;15m.[38;2;28;137;55m=[38;2;22;154;74m=[38;2;13;37;17m.[38;2;33;151;64m=[38;2;29;133;59m=[38;2;12;21;14m.[38;2;24;100;46m-[38;2;20;63;31m:[38;2;12;12;13m [38;2;13;12;12m [38;2;13;13;13m [38;2;13;13;13m [38;2;13;13;13m [38;2;8;8;8m [38;2;1;1;1m [0m
[38;2;0;0;0m [38;2;1;1;1m [38;2;8;8;8m [38;2;13;13;13m [38;2;13;13;13m [38;2;13;13;13m [38;2;14;13;13m [38;2;13;13;12m [38;2;22;92;42m-[38;2;22;105;45m-[38;2;12;24;15m.[38;2;16;72;32m:[38;2;17;59;30m:[38;2;19;67;33m:[38;2;9;20;11m.[38;2;27;105;48m-[38;2;20;64;30m:[38;2;12;13;13m [38;2;13;12;13m [38;2;13;13;13m [38;2;13;13;13m [38;2;8;8;8m [38;2;3;3;3m [38;2;1;1;1m [38;2;0;0;0m [0m
[38;2;0;0;0m [38;2;0;0;0m [38;2;1;1;1m [38;2;8;8;8m [38;2;13;13;13m [38;2;13;13;13m [38;2;13;13;13m [38;2;13;13;13m [38;2;12;13;12m [38;2;24;85;41m:[38;2;38;109;54m-[38;2;14;37;20m.[38;2;14;37;19m.[38;2;16;35;21m.[38;2;30;109;51m-[38;2;21;60;30m:[38;2;11;13;12m [38;2;12;13;13m [38;2;13;13;13m [38;2;13;13;13m [38;2;8;8;8m [38;2;1;1;1m [38;2;0;0;0m [38;2;0;0;0m [38;2;0;0;0m [0m
[38;2;0;0;0m [38;2;0;0;0m [38;2;0;0;0m [38;2;1;1;1m [38;2;3;3;3m [38;2;8;8;8m [38;2;13;13;13m [38;2;13;13;13m [38;2;13;13;13m [38;2;13;13;12m [38;2;27;67;37m:[38;2;35;93;49m-[38;2;39;90;49m-[38;2;27;85;41m:[38;2;23;54;32m:[38;2;12;13;13m [38;2;13;13;13m [38;2;13;13;13m [38;2;13;13;13m [38;2;8;8;8m [38;2;1;1;1m [38;2;0;0;0m [38;2;0;0;0m [38;2;0;0;0m [38;2;0;0;0m [0m
[38;2;0;0;0m [38;2;0;0;0m [38;2;0;0;0m [38;2;0;0;0m [38;2;0;0;0m [38;2;1;1;1m [38;2;8;8;8m [38;2;13;13;13m [38;2;13;13;13m [38;2;13;13;13m [38;2;13;13;13m [38;2;12;13;13m [38;2;13;13;13m [38;2;13;13;13m [38;2;13;12;13m [38;2;13;13;13m [38;2;13;13;13m [38;2;13;13;13m [38;2;8;8;8m [38;2;1;1;1m [38;2;0;0;0m [38;2;0;0;0m [38;2;0;0;0m [38;2;0;0;0m [38;2;0;0;0m [0m
[38;2;0;0;0m [38;2;0;0;0m [38;2;0;0;0m [38;2;0;0;0m [38;2;0;0;0m [38;2;0;0;0m [38;2;2;2;2m [38;2;8;8;8m [38;2;13;13;13m [38;2;13;13;13m [38;2;13;13;13m [38;2;13;13;13m [38;2;13;13;13m [38;2;13;13;13m [38;2;13;13;13m [38;2;13;13;13m [38;2;13;13;13m [38;2;8;8;8m [38;2;2;2;2m [38;2;0;0;0m [38;2;0;0;0m [38;2;0;0;0m [38;2;0;0;0m [38;2;0;0;0m [38;2;0;0;0m [0m
[38;2;0;0;0m [38;2;0;0;0m [38;2;0;0;0m [38;2;0;0;0m [38;2;0;0;0m [38;2;0;0;0m [38;2;0;0;0m [38;2;2;2;2m [38;2;8;8;8m [38;2;13;13;13m [38;2;13;13;13m [38;2;13;13;13m [38;2;13;13;13m [38;2;13;13;13m [38;2;13;13;13m [38;2;13;13;13m [38;2;8;8;8m [38;2;2;2;2m [38;2;0;0;0m [38;2;0;0;0m [38;2;0;0;0m [38;2;0;0;0m [38;2;0;0;0m [38;2;0;0;0m [38;2;0;0;0m [0m
