[38;2;7;7;7m [38;2;13;13;13m [38;2;13;13;13m [38;2;13;13;13m [38;2;13;13;13m [38;2;13;13;13m [38;2;13;13;13m [38;2;13;13;13m [38;2;13;13;13m [38;2;13;13;13m [38;2;13;13;13m [38;2;13;13;13m [38;2;13;13;13m [38;2;13;13;13m [38;2;13;13;13m [38;2;13;13;13m [38;2;13;13;13m [38;2;13;13;13m [38;2;13;13;13m [38;2;13;13;13m [38;2;13;13;13m [38;2;13;13;13m [38;2;13;13;13m [38;2;13;13;13m [38;2;7;7;7m [0m
[38;2;13;13;13m [38;2;13;13;13m [38;2;13;13;13m [38;2;13;13;13m [38;2;13;13;13m [38;2;13;13;13m [38;2;13;13;13m [38;2;13;13;13m [38;2;13;13;13m [38;2;13;13;13m [38;2;13;13;13m [38;2;13;13;13m [38;2;13;13;13m [38;2;13;13;13m [38;2;13;13;13m [38;2;13;13;13m [38;2;13;13;13m [38;2;13;13;13m [38;2;13;13;13m [38;2;13;13;13m [38;2;13;13;13m [38;2;13;13;13m [38;2;13;13;13m [38;2;13;13;13m [38;2;13;13;13m [0m
[38;2;13;13;13m [38;2;13;13;13m [38;2;13;13;13m [38;2;12;14;13m [38;2;9;15;12m [38;2;10;16;13m.[38;2;10;16;13m.[38;2;10;16;13m.[38;2;10;16;13m.[38;2;10;16;13m.[38;2;12;15;13m.[38;2;25;51;33m:[38;2;83;153;101m+[38;2;22;46;33m.[38;2;10;15;12m [38;2;11;15;11m [38;2;11;14;12m [38;2;11;14;12m [38;2;11;14;12m [38;2;12;14;12m [38;2;12;14;12m [38;2;13;13;13m [38;2;13;13;13m [38;2;13;13;13m [38;2;13;13;13m [0m
[38;2;13;13;13m [38;2;13;13;13m [38;2;13;13;13m [38;2;30;77;46m:[38;2;61;139;82m=[38;2;87;178;114m+[38;2;56;116;75m=[38;2;50;109;67m-[38;2;37;108;60m-[38;2;38;106;58m-[38;2;44;108;62m-[38;2;49;119;67m=[38;2;49;127;69m=[38;2;47;125;67m=[38;2;39;121;61m=[38;2;43;129;68m=[38;2;58;134;80m=[38;2;61;138;86m=[38;2;56;155;88m+[38;2;86;234;139m#[38;2;75;200;121m*[38;2;36;84;53m-[38;2;13;13;13m [38;2;13;13;13m [38;2;13;13;13m [0m
[38;2;13;13;13m [38;2;13;13;13m [38;2;13;13;13m [38;2;42;99;60m-[38;2;19;24;19m.[38;2;35;48;40m:[38;2;13;14;14m [38;2;12;13;14m [38;2;13;14;13m [38;2;12;12;12m [38;2;13;13;13m [38;2;25;28;25m.[38;2;107;115;109m=[38;2;23;25;23m.[38;2;13;13;13m [38;2;13;13;12m [38;2;12;13;13m [38;2;13;15;14m.[38;2;13;14;14m [38;2;21;58;36m:[38;2;17;50;29m.[38;2;46;113;71m-[38;2;13;13;13m [38;2;13;13;13m [38;2;13;13;13m [0m
[38;2;13;13;13m [38;2;13;13;13m [38;2;13;13;12m [38;2;50;109;68m-[38;2;18;23;20m.[38;2;50;104;72m-[38;2;139;193;160m*[38;2;106;146;111m+[38;2;50;124;69m=[38;2;23;52;31m:[38;2;14;13;13m [38;2;118;132;123m+[38;2;247;253;249m@[38;2;44;81;55m-[38;2;13;12;13m [38;2;22;73;37m:[38;2;55;181;108m+[38;2;74;199;164m*[38;2;84;207;165m*[38;2;42;103;83m-[38;2;18;41;25m.[38;2;52;112;68m-[38;2;13;13;13m [38;2;13;13;13m [38;2;13;13;13m [0m
[38;2;13;13;13m [38;2;13;13;13m [38;2;13;13;12m [38;2;47;122;76m=[38;2;18;23;20m.[38;2;98;161;127m+[38;2;235;254;239m@[38;2;152;215;170m#[38;2;74;192;108m*[38;2;55;166;89m+[38;2;26;52;31m:[38;2;66;95;73m-[38;2;161;213;164m#[38;2;22;59;33m:[38;2;24;67;32m:[38;2;52;194;86m*[38;2;63;228;134m#[38;2;93;239;179m#[38;2;114;250;199m%[38;2;65;139;106m=[38;2;21;50;31m.[38;2;53;115;72m-[38;2;13;13;13m [38;2;13;13;13m [38;2;13;13;13m [0m
[38;2;13;13;13m [38;2;13;13;13m [38;2;13;13;12m [38;2;42;118;67m-[38;2;38;83;52m-[38;2;109;157;126m+[38;2;247;254;246m@[38;2;162;221;179m#[38;2;57;146;76m=[38;2;57;133;67m=[38;2;53;107;63m-[38;2;17;39;21m.[38;2;13;30;12m.[38;2;20;63;30m:[38;2;47;154;57m=[38;2;49;193;83m+[38;2;51;199;96m*[38;2;95;220;132m#[38;2;116;240;168m#[38;2;68;144;114m=[38;2;44;121;75m=[38;2;58;115;72m=[38;2;13;13;13m [38;2;13;13;13m [38;2;13;13;13m [0m
[38;2;13;13;13m [38;2;13;13;13m [38;2;13;13;14m [38;2;33;108;51m-[38;2;32;79;44m:[38;2;114;160;138m+[38;2;247;252;248m@[38;2;154;195;160m*[38;2;47;110;54m-[38;2;50;116;57m-[38;2;50;146;68m=[38;2;42;170;72m+[38;2;28;105;52m-[38;2;46;204;94m*[38;2;43;185;77m+[38;2;45;198;87m*[38;2;45;197;96m*[38;2;83;230;156m#[38;2;110;253;199m%[38;2;72;142;123m=[38;2;46;124;77m=[38;2;47;113;66m-[38;2;13;13;13m [38;2;13;13;13m [38;2;13;13;13m [0m
[38;2;13;13;13m [38;2;13;13;13m [38;2;13;13;14m [38;2;29;102;47m-[38;2;31;69;39m:[38;2;112;155;130m+[38;2;252;255;253m@[38;2;149;196;160m*[38;2;54;142;75m=[38;2;45;128;62m=[38;2;41;131;56m=[38;2;40;148;60m=[38;2;43;186;83m+[38;2;40;180;74m+[38;2;40;179;73m+[38;2;37;187;76m+[38;2;44;190;90m+[38;2;77;231;161m#[38;2;140;252;203m%[38;2;77;141;122m=[38;2;50;115;72m-[38;2;39;111;61m-[38;2;13;13;13m [38;2;13;13;13m [38;2;13;13;13m [0m
[38;2;13;13;13m [38;2;13;13;13m [38;2;13;13;14m [38;2;37;110;54m-[38;2;12;20;13m.[38;2;79;124;90m=[38;2;221;238;226m%[38;2;150;197;163m#[38;2;56;118;64m=[38;2;84;122;91m=[38;2;34;98;47m-[38;2;83;142;92m=[38;2;40;130;56m=[38;2;42;176;80m+[38;2;37;173;78m+[38;2;84;183;117m*[38;2;43;172;87m+[38;2;88;226;158m#[38;2;140;249;189m%[38;2;75;141;111m=[38;2;20;46;28m.[38;2;42;110;67m-[38;2;13;13;13m [38;2;13;13;13m [38;2;13;13;13m [0m
[38;2;13;13;13m [38;2;13;13;13m [38;2;13;13;14m [38;2;42;118;67m-[38;2;14;22;16m.[38;2;80;144;97m=[38;2;164;203;169m#[38;2;112;156;116m+[38;2;90;119;93m=[38;2;241;244;242m@[38;2;26;77;31m:[38;2;212;223;213m%[38;2;113;156;123m+[38;2;35;142;62m=[38;2;70;167;98m+[38;2;243;249;244m@[38;2;42;149;72m=[38;2;85;213;136m*[38;2;141;248;184m%[38;2;71;142;113m=[38;2;20;42;29m.[38;2;38;108;62m-[38;2;13;13;13m [38;2;13;13;13m [38;2;13;13;13m [0m
[38;2;13;13;13m [38;2;13;13;13m [38;2;13;13;14m [38;2;38;114;59m-[38;2;13;20;16m.[38;2;73;138;87m=[38;2;152;203;160m#[38;2;93;163;105m+[38;2;87;125;91m=[38;2;240;243;241m@[38;2;31;75;33m:[38;2;140;166;143m*[38;2;187;211;192m#[38;2;32;160;71m=[38;2;138;204;164m#[38;2;178;216;199m#[38;2;31;153;65m=[38;2;87;189;106m*[38;2;158;241;191m%[38;2;79;141;116m=[38;2;20;43;29m.[38;2;37;106;61m-[38;2;13;13;13m [38;2;13;13;13m [38;2;13;13;13m [0m
[38;2;13;13;13m [38;2;13;13;13m [38;2;13;13;14m [38;2;46;119;66m=[38;2;18;23;21m.[38;2;47;115;55m-[38;2;149;195;151m*[38;2;74;153;81m+[38;2;85;128;90m=[38;2;242;243;241m@[38;2;29;72;32m:[38;2;62;102;68m-[38;2;246;250;246m@[38;2;36;109;54m-[38;2;210;224;212m%[38;2;105;193;154m*[38;2;40;211;105m*[38;2;93;224;129m#[38;2;166;245;184m%[38;2;82;134;101m=[38;2;16;40;25m.[38;2;34;103;57m-[38;2;13;13;13m [38;2;13;13;13m [38;2;13;13;13m [0m
[38;2;13;13;13m [38;2;13;13;13m [38;2;12;12;14m [38;2;42;121;66m=[38;2;26;62;38m:[38;2;40;122;51m=[38;2;80;170;87m+[38;2;38;128;42m=[38;2;85;129;90m=[38;2;241;245;241m@[38;2;31;108;42m-[38;2;31;138;60m=[38;2;217;234;223m%[38;2;129;163;135m+[38;2;242;249;246m@[38;2;41;151;74m=[38;2;37;193;82m+[38;2;95;225;130m#[38;2;173;248;187m%[38;2;83;132;97m=[38;2;17;80;38m:[38;2;24;96;44m-[38;2;13;13;13m [38;2;13;13;13m [38;2;13;13;13m [0m
[38;2;13;13;13m [38;2;13;13;13m [38;2;11;12;14m [38;2;29;121;51m-[38;2;29;90;44m-[38;2;25;111;41m-[38;2;30;216;72m*[38;2;38;183;69m+[38;2;84;139;94m=[38;2;241;245;241m@[38;2;29;119;45m-[38;2;35;180;87m+[38;2;140;191;155m*[38;2;244;246;242m@[38;2;187;213;193m#[38;2;29;139;53m=[38;2;35;179;74m+[38;2;90;223;128m#[38;2;158;247;176m%[38;2;52;92;63m-[38;2;19;101;41m-[38;2;22;86;35m:[38;2;13;13;13m [38;2;13;13;13m [38;2;13;13;13m [0m
[38;2;13;13;13m [38;2;13;13;13m [38;2;13;12;14m [38;2;23;123;48m-[38;2;31;92;44m-[38;2;10;15;15m [38;2;29;149;76m=[38;2;30;208;91m*[38;2;81;154;99m+[38;2;234;246;237m@[38;2;30;167;77m+[38;2;37;206;99m*[38;2;66;169;99m+[38;2;248;254;249m@[38;2;106;184;134m*[38;2;31;171;72m+[38;2;37;177;71m+[38;2;75;214;117m*[38;2;57;114;75m-[38;2;12;15;11m [38;2;25;105;47m-[38;2;23;90;39m-[38;2;13;13;13m [38;2;13;13;13m [38;2;13;13;13m [0m
[38;2;13;13;13m [38;2;13;13;13m [38;2;13;12;13m [38;2;42;129;66m=[38;2;21;46;28m.[38;2;23;93;42m-[38;2;11;29;14m.[38;2;32;118;78m-[38;2;34;156;84m=[38;2;32;151;69m=[38;2;34;201;95m*[38;2;40;230;122m*[38;2;32;199;91m+[38;2;33;165;80m+[38;2;35;178;87m+[38;2;35;211;104m*[38;2;32;200;83m*[38;2;31;103;53m-[38;2;14;38;24m.[38;2;44;106;76m-[38;2;19;60;30m:[38;2;31;99;52m-[38;2;13;13;13m [38;2;13;13;13m [38;2;13;13;13m [0m
[38;2;13;13;13m [38;2;13;13;13m [38;2;13;12;13m [38;2;32;126;57m=[38;2;11;22;16m.[38;2;31;144;67m=[38;2;48;194;104m*[38;2;13;34;20m.[38;2;33;123;51m-[38;2;43;223;84m*[38;2;39;213;93m*[38;2;40;222;110m*[38;2;37;222;108m*[38;2;34;210;97m*[38;2;33;191;81m+[38;2;37;197;87m+[38;2;27;106;58m-[38;2;14;36;21m.[38;2;100;186;131m*[38;2;70;108;83m-[38;2;15;35;20m.[38;2;32;94;47m-[38;2;13;13;13m [38;2;13;13;13m [38;2;13;13;13m [0m
[38;2;13;13;13m [38;2;13;13;13m [38;2;12;13;12m [38;2;25;95;45m-[38;2;21;85;39m:[38;2;12;23;16m.[38;2;48;180;95m+[38;2;52;192;110m*[38;2;13;32;16m.[38;2;36;130;51m=[38;2;33;159;51m=[38;2;34;181;78m+[38;2;30;135;74m=[38;2;40;218;117m*[38;2;36;216;113m*[38;2;24;98;50m-[38;2;15;34;23m.[38;2;61;180;103m+[38;2;77;136;93m=[38;2;11;18;13m.[38;2;30;90;46m-[38;2;25;65;37m:[38;2;13;13;13m [38;2;13;13;13m [38;2;13;13;13m [0m
[38;2;13;13;13m [38;2;13;13;13m [38;2;13;13;13m [38;2;12;13;13m [38;2;31;117;56m-[38;2;27;92;46m-[38;2;15;25;16m.[38;2;38;145;69m=[38;2;44;156;71m=[38;2;14;30;15m.[38;2;23;98;35m-[38;2;19;63;27m:[38;2;11;14;12m [38;2;26;90;54m-[38;2;29;108;62m-[38;2;14;34;21m.[38;2;34;151;74m=[38;2;36;127;75m=[38;2;11;18;13m.[38;2;30;95;53m-[38;2;33;83;49m:[38;2;12;14;13m [38;2;13;13;13m [38;2;13;13;13m [38;2;13;13;13m [0m
[38;2;8;8;8m [38;2;13;13;13m [38;2;13;13;13m [38;2;13;13;12m [38;2;14;14;12m [38;2;33;112;57m-[38;2;27;102;51m-[38;2;10;15;12m [38;2;27;86;41m:[38;2;39;149;60m=[38;2;13;27;18m.[38;2;25;28;26m.[38;2;138;164;144m*[38;2;15;24;18m.[38;2;13;31;17m.[38;2;42;169;94m+[38;2;22;64;34m:[38;2;11;13;14m [38;2;33;100;57m-[38;2;33;83;49m:[38;2;11;12;10m [38;2;12;13;12m [38;2;13;13;13m [38;2;13;13;13m [38;2;8;8;8m [0m
[38;2;7;7;7m [38;2;13;13;13m [38;2;13;13;13m [38;2;13;13;13m [38;2;13;13;12m [38;2;12;13;13m [38;2;31;108;56m-[38;2;29;110;57m-[38;2;12;15;13m.[38;2;40;157;66m=[38;2;35;155;72m=[38;2;13;25;15m.[38;2;40;85;49m-[38;2;13;27;16m.[38;2;28;99;37m-[38;2;33;105;51m-[38;2;12;14;13m [38;2;33;104;57m-[38;2;31;78;45m:[38;2;12;14;13m [38;2;13;13;12m [38;2;13;13;13m [38;2;13;13;13m [38;2;13;13;13m [38;2;7;7;7m [0m
[38;2;1;1;1m [38;2;8;8;8m [38;2;13;13;13m [38;2;13;13;13m [38;2;13;13;13m [38;2;13;13;13m [38;2;13;15;13m.[38;2;28;101;54m-[38;2;35;108;57m-[38;2;15;23;18m.[38;2;38;152;69m=[38;2;39;133;65m=[38;2;14;36;19m.[38;2;32;134;60m=[38;2;31;109;47m-[38;2;14;17;14m.[38;2;41;114;66m-[38;2;27;76;44m:[38;2;10;12;12m [38;2;12;14;13m [38;2;13;13;13m [38;2;13;13;13m [38;2;13;13;13m [38;2;8;8;8m [38;2;1;1;1m [0m
[38;2;0;0;0m [38;2;1;1;1m [38;2;8;8;8m [38;2;13;13;13m [38;2;13;13;13m [38;2;13;13;13m [38;2;14;13;13m [38;2;14;14;13m [38;2;27;91;44m-[38;2;32;109;54m-[38;2;14;25;17m.[38;2;27;71;41m:[38;2;23;56;34m:[38;2;23;65;35m:[38;2;13;20;11m.[38;2;35;115;61m-[38;2;31;73;46m:[38;2;12;13;13m [38;2;12;13;13m [38;2;13;13;13m [38;2;13;13;13m [38;2;8;8;8m [38;2;3;3;3m [38;2;1;1;1m [38;2;0;0;0m [0m
[38;2;0;0;0m [38;2;0;0;0m [38;2;1;1;1m [38;2;8;8;8m [38;2;13;13;13m [38;2;13;13;13m [38;2;13;13;13m [38;2;14;14;14m [38;2;12;14;13m [38;2;24;84;42m:[38;2;31;109;51m-[38;2;15;38;20m.[38;2;16;38;19m.[38;2;16;36;22m.[38;2;29;112;56m-[38;2;26;67;39m:[38;2;14;14;13m [38;2;14;13;13m [38;2;13;13;13m [38;2;13;13;13m [38;2;8;8;8m [38;2;1;1;1m [38;2;0;0;0m [38;2;0;0;0m [38;2;0;0;0m [0m
[38;2;0;0;0m [38;2;0;0;0m [38;2;0;0;0m [38;2;1;1;1m [38;2;3;3;3m [38;2;8;8;8m [38;2;13;13;13m [38;2;13;13;13m [38;2;13;13;13m [38;2;12;13;13m [38;2;28;68;36m:[38;2;32;90;44m-[38;2;28;83;40m:[38;2;28;83;40m:[38;2;25;57;31m:[38;2;13;13;13m [38;2;13;13;13m [38;2;13;13;13m [38;2;13;13;13m [38;2;8;8;8m [38;2;1;1;1m [38;2;0;0;0m [38;2;0;0;0m [38;2;0;0;0m [38;2;0;0;0m [0m
[38;2;0;0;0m [38;2;0;0;0m [38;2;0;0;0m [38;2;0;0;0m [38;2;0;0;0m [38;2;1;1;1m [38;2;8;8;8m [38;2;13;13;13m [38;2;13;13;13m [38;2;13;13;13m [38;2;13;13;13m [38;2;13;13;13m [38;2;13;13;13m [38;2;13;13;13m [38;2;12;13;13m [38;2;13;13;13m [38;2;13;13;13m [38;2;13;13;13m [38;2;8;8;8m [38;2;1;1;1m [38;2;0;0;0m [38;2;0;0;0m [38;2;0;0;0m [38;2;0;0;0m [38;2;0;0;0m [0m
[38;2;0;0;0m [38;2;0;0;0m [38;2;0;0;0m [38;2;0;0;0m [38;2;0;0;0m [38;2;0;0;0m [38;2;2;2;2m [38;2;8;8;8m [38;2;13;13;13m [38;2;13;13;13m [38;2;13;13;13m [38;2;13;13;13m [38;2;13;13;13m [38;2;13;13;13m [38;2;13;13;13m [38;2;13;13;13m [38;2;13;13;13m [38;2;8;8;8m [38;2;2;2;2m [38;2;0;0;0m [38;2;0;0;0m [38;2;0;0;0m [38;2;0;0;0m [38;2;0;0;0m [38;2;0;0;0m [0m
[38;2;0;0;0m [38;2;0;0;0m [38;2;0;0;0m [38;2;0;0;0m [38;2;0;0;0m [38;2;0;0;0m [38;2;0;0;0m [38;2;2;2;2m [38;2;8;8;8m [38;2;13;13;13m [38;2;13;13;13m [38;2;13;13;13m [38;2;13;13;13m [38;2;13;13;13m [38;2;13;13;13m [38;2;13;13;13m [38;2;8;8;8m [38;2;2;2;2m [38;2;0;0;0m [38;2;0;0;0m [38;2;0;0;0m [38;2;0;0;0m [38;2;0;0;0m [38;2;0;0;0m [38;2;0;0;0m [0m
