[38;2;7;7;7m [38;2;13;13;13m [38;2;13;13;13m [38;2;13;13;13m [38;2;13;13;13m [38;2;13;13;13m [38;2;13;13;13m [38;2;13;13;13m [38;2;13;13;13m [38;2;13;13;13m [38;2;13;13;13m [38;2;13;13;13m [38;2;13;13;13m [38;2;13;13;13m [38;2;13;13;13m [38;2;13;13;13m [38;2;13;13;13m [38;2;13;13;13m [38;2;13;13;13m [38;2;13;13;13m [38;2;13;13;13m [38;2;13;13;13m [38;2;13;13;13m [38;2;13;13;13m [38;2;7;7;7m [0m
[38;2;13;13;13m [38;2;13;13;13m [38;2;13;13;13m [38;2;13;13;13m [38;2;13;13;13m [38;2;13;13;13m [38;2;13;13;13m [38;2;13;13;13m [38;2;13;13;13m [38;2;13;13;13m [38;2;13;13;13m [38;2;13;13;13m [38;2;13;13;13m [38;2;13;13;13m [38;2;13;13;13m [38;2;13;13;13m [38;2;13;13;13m [38;2;13;13;13m [38;2;13;13;13m [38;2;13;13;13m [38;2;13;13;13m [38;2;13;13;13m [38;2;13;13;13m [38;2;13;13;13m [38;2;13;13;13m [0m
[38;2;13;13;13m [38;2;13;13;13m [38;2;13;13;13m [38;2;13;13;13m [38;2;12;15;13m.[38;2;12;15;13m.[38;2;13;16;14m.[38;2;11;16;13m.[38;2;10;16;13m.[38;2;10;16;13m.[38;2;12;16;13m.[38;2;36;55;41m:[38;2;100;155;112m+[38;2;32;47;35m:[38;2;10;15;12m [38;2;11;14;12m [38;2;11;14;11m [38;2;12;15;12m [38;2;12;15;12m [38;2;12;15;12m [38;2;12;15;12m [38;2;12;13;13m [38;2;13;13;13m [38;2;13;13;13m [38;2;13;13;13m [0m
[38;2;13;13;13m [38;2;13;13;13m [38;2;13;13;13m [38;2;28;77;43m:[38;2;63;139;85m=[38;2;69;171;97m+[38;2;61;121;79m=[38;2;55;109;71m-[38;2;49;109;67m-[38;2;52;111;69m-[38;2;43;107;61m-[38;2;49;119;67m=[38;2;55;128;72m=[38;2;46;122;66m=[38;2;44;117;65m-[38;2;51;120;70m=[38;2;46;124;68m=[38;2;39;127;63m=[38;2;47;141;72m=[38;2;125;225;151m#[38;2;62;189;97m+[38;2;28;81;45m:[38;2;13;13;13m [38;2;13;13;13m [38;2;13;13;13m [0m
[38;2;13;13;13m [38;2;13;13;13m [38;2;13;12;13m [38;2;41;100;60m-[38;2;14;25;16m.[38;2;22;43;28m.[38;2;12;14;13m [38;2;12;14;12m [38;2;12;13;12m [38;2;13;13;13m [38;2;14;14;13m [38;2;27;27;27m.[38;2;109;114;112m=[38;2;21;26;22m.[38;2;13;14;12m [38;2;13;12;12m [38;2;12;14;13m [38;2;12;14;13m [38;2;13;15;14m.[38;2;36;55;40m:[38;2;16;47;25m.[38;2;31;110;55m-[38;2;13;13;13m [38;2;13;13;13m [38;2;13;13;13m [0m
[38;2;13;13;13m [38;2;13;13;13m [38;2;13;12;12m [38;2;42;101;60m-[38;2;13;19;14m.[38;2;55;99;65m-[38;2;131;181;137m*[38;2;100;148;112m+[38;2;45;128;67m=[38;2;21;50;27m.[38;2;14;14;13m [38;2;116;131;121m=[38;2;248;253;251m@[38;2;47;100;56m-[38;2;11;13;13m [38;2;24;78;41m:[38;2;48;162;79m+[38;2;78;174;95m+[38;2;121;201;134m*[38;2;46;104;64m-[38;2;16;44;24m.[38;2;30;109;53m-[38;2;13;13;13m [38;2;13;13;13m [38;2;13;13;13m [0m
[38;2;13;13;13m [38;2;13;13;13m [38;2;13;12;12m [38;2;41;104;61m-[38;2;14;21;17m.[38;2;94;157;117m+[38;2;226;244;222m%[38;2;143;183;147m*[38;2;47;156;75m=[38;2;41;149;64m=[38;2;20;51;28m:[38;2;69;98;73m-[38;2;160;222;166m#[38;2;24;76;30m:[38;2;22;75;39m:[38;2;46;177;76m+[38;2;45;153;58m=[38;2;108;209;123m*[38;2;169;245;171m%[38;2;73;142;92m=[38;2;22;50;31m:[38;2;43;114;67m-[38;2;13;13;13m [38;2;13;13;13m [38;2;13;13;13m [0m
[38;2;13;13;13m [38;2;13;13;13m [38;2;13;12;13m [38;2;48;112;63m-[38;2;35;73;43m:[38;2;101;156;116m+[38;2;221;239;214m%[38;2;134;187;145m*[38;2;51;151;76m=[38;2;48;187;82m+[38;2;50;185;87m+[38;2;19;54;27m:[38;2;13;37;18m.[38;2;21;63;31m:[38;2;43;155;59m=[38;2;40;157;57m=[38;2;39;171;65m+[38;2;113;221;134m#[38;2;177;252;183m%[38;2;74;144;100m=[38;2;38;120;69m-[38;2;38;111;62m-[38;2;13;13;13m [38;2;13;13;13m [38;2;13;13;13m [0m
[38;2;13;13;13m [38;2;13;13;13m [38;2;13;12;13m [38;2;36;109;53m-[38;2;33;75;43m:[38;2;94;153;110m+[38;2;209;240;205m%[38;2;90;175;105m+[38;2;43;147;67m=[38;2;43;151;64m=[38;2;42;154;66m=[38;2;40;156;59m=[38;2;27;90;38m-[38;2;41;183;73m+[38;2;40;160;63m=[38;2;40;164;64m+[38;2;45;182;72m+[38;2;134;218;142m#[38;2;170;250;185m%[38;2;73;143;100m=[38;2;48;123;74m=[38;2;43;108;65m-[38;2;13;13;13m [38;2;13;13;13m [38;2;13;13;13m [0m
[38;2;13;13;13m [38;2;13;13;13m [38;2;13;12;13m [38;2;52;121;70m=[38;2;38;73;46m:[38;2;90;164;121m+[38;2;147;220;152m#[38;2;85;159;90m+[38;2;42;118;52m-[38;2;37;109;48m-[38;2;38;128;55m=[38;2;38;160;58m=[38;2;39;167;62m+[38;2;39;169;66m+[38;2;36;162;65m+[38;2;42;179;70m+[38;2;43;187;72m+[38;2;133;239;158m#[38;2;169;254;187m%[38;2;72;143;101m=[38;2;39;114;66m-[38;2;43;109;66m-[38;2;13;13;13m [38;2;13;13;13m [38;2;13;13;13m [0m
[38;2;13;13;13m [38;2;13;13;13m [38;2;13;12;13m [38;2;43;116;62m-[38;2;16;19;17m.[38;2;84;168;142m+[38;2;144;249;202m%[38;2;102;196;127m*[38;2;37;115;47m-[38;2;60;118;70m=[38;2;66;137;83m=[38;2;39;139;62m=[38;2;81;154;99m+[38;2;37;124;52m=[38;2;62;133;69m=[38;2;61;153;78m+[38;2;38;176;63m+[38;2;113;228;134m#[38;2;172;255;189m%[38;2;71;143;100m=[38;2;18;42;24m.[38;2;41;108;62m-[38;2;13;13;13m [38;2;13;13;13m [38;2;13;13;13m [0m
[38;2;13;13;13m [38;2;13;13;13m [38;2;13;12;13m [38;2;42;117;62m-[38;2;14;20;17m.[38;2;64;139;78m=[38;2;135;233;173m#[38;2;123;208;157m#[38;2;34;119;54m-[38;2;149;169;151m*[38;2;178;190;178m#[38;2;49;100;57m-[38;2;252;255;253m@[38;2;54;124;69m=[38;2;170;200;177m#[38;2;153;197;164m#[38;2;38;173;63m+[38;2;107;219;126m#[38;2;173;242;172m%[38;2;85;140;104m=[38;2;16;38;22m.[38;2;39;105;56m-[38;2;13;13;13m [38;2;13;13;13m [38;2;13;13;13m [0m
[38;2;13;13;13m [38;2;13;13;13m [38;2;13;13;13m [38;2;45;119;64m=[38;2;15;20;16m.[38;2;62;160;100m+[38;2;120;214;144m#[38;2;122;223;152m#[38;2;35;137;53m=[38;2;150;177;153m*[38;2;177;193;178m#[38;2;51;101;57m-[38;2;253;255;254m@[38;2;51;110;58m-[38;2;172;193;173m#[38;2;155;192;161m*[38;2;36;171;61m+[38;2;124;224;144m#[38;2;204;238;198m%[38;2;79;111;82m=[38;2;17;39;24m.[38;2;38;103;54m-[38;2;13;13;13m [38;2;13;13;13m [38;2;13;13;13m [0m
[38;2;13;13;13m [38;2;13;13;13m [38;2;13;13;13m [38;2;33;117;54m-[38;2;14;20;15m.[38;2;56;164;109m+[38;2;123;220;143m#[38;2;107;209;132m*[38;2;33;131;46m=[38;2;147;180;156m*[38;2;176;193;180m#[38;2;50;102;56m-[38;2;253;255;254m@[38;2;49;113;55m-[38;2;171;195;175m#[38;2;156;194;161m*[38;2;35;132;40m=[38;2;154;226;168m#[38;2;199;246;202m%[38;2;70;134;84m=[38;2;17;41;24m.[38;2;53;103;67m-[38;2;13;13;13m [38;2;13;13;13m [38;2;13;13;13m [0m
[38;2;13;13;13m [38;2;13;13;13m [38;2;12;12;13m [38;2;32;128;60m=[38;2;22;61;32m:[38;2;62;163;103m+[38;2;121;236;153m#[38;2;95;210;117m*[38;2;33;145;51m=[38;2;148;181;154m*[38;2;179;192;179m#[38;2;49;92;51m-[38;2;253;255;254m@[38;2;50;111;54m-[38;2;170;195;175m#[38;2;156;197;165m#[38;2;32;142;45m=[38;2;132;220;148m#[38;2;171;252;197m%[38;2;63;133;86m=[38;2;23;84;40m:[38;2;49;101;60m-[38;2;13;13;13m [38;2;13;13;13m [38;2;13;13;13m [0m
[38;2;13;13;13m [38;2;13;13;13m [38;2;12;12;13m [38;2;32;129;59m=[38;2;29;86;43m:[38;2;45;130;77m=[38;2;111;247;160m#[38;2;65;204;88m*[38;2;33;190;78m+[38;2;148;194;159m*[38;2;179;196;181m#[38;2;49;97;55m-[38;2;252;255;254m@[38;2;49;119;56m=[38;2;170;197;176m#[38;2;155;192;159m*[38;2;27;116;32m-[38;2;87;207;114m*[38;2;128;248;171m%[38;2;46;90;60m-[38;2;39;107;56m-[38;2;41;91;46m-[38;2;13;13;13m [38;2;13;13;13m [38;2;13;13;13m [0m
[38;2;13;13;13m [38;2;13;13;13m [38;2;12;12;13m [38;2;47;131;65m=[38;2;37;88;45m-[38;2;10;16;12m.[38;2;61;150;99m=[38;2;72;209;102m*[38;2;35;173;57m+[38;2;147;190;153m*[38;2;175;206;182m#[38;2;53;124;64m=[38;2;247;255;248m@[38;2;48;127;64m=[38;2;167;200;175m#[38;2;153;190;158m*[38;2;29;121;37m-[38;2;67;200;105m*[38;2;41;118;78m-[38;2;12;14;12m [38;2;42;104;54m-[38;2;40;90;48m-[38;2;13;13;13m [38;2;13;13;13m [38;2;13;13;13m [0m
[38;2;13;13;13m [38;2;13;13;13m [38;2;12;13;13m [38;2;32;124;55m=[38;2;17;41;20m.[38;2;39;124;63m=[38;2;15;32;16m.[38;2;37;126;61m=[38;2;35;147;44m=[38;2;31;107;36m-[38;2;32;103;34m-[38;2;32;105;35m-[38;2;32;120;47m-[38;2;27;132;46m=[38;2;29;118;41m-[38;2;27;132;47m=[38;2;28;146;50m=[38;2;27;79;33m:[38;2;13;38;21m.[38;2;25;96;51m-[38;2;25;56;30m:[38;2;32;90;40m-[38;2;13;13;13m [38;2;13;13;13m [38;2;13;13;13m [0m
[38;2;13;13;13m [38;2;13;13;13m [38;2;12;13;13m [38;2;29;124;53m-[38;2;11;19;12m.[38;2;44;136;63m=[38;2;65;176;81m+[38;2;12;30;16m.[38;2;30;75;29m:[38;2;37;109;36m-[38;2;38;109;35m-[38;2;35;119;40m-[38;2;31;124;35m-[38;2;33;152;48m=[38;2;31;158;53m=[38;2;32;194;79m+[38;2;20;81;34m:[38;2;15;38;23m.[38;2;65;192;101m*[38;2;42;103;54m-[38;2;14;34;20m.[38;2;36;91;47m-[38;2;13;13;13m [38;2;13;13;13m [38;2;13;13;13m [0m
[38;2;13;13;13m [38;2;13;13;13m [38;2;13;12;13m [38;2;28;94;43m-[38;2;20;82;32m:[38;2;11;23;15m.[38;2;58;177;82m+[38;2;48;168;66m+[38;2;13;28;14m.[38;2;30;92;33m-[38;2;37;142;42m=[38;2;32;129;35m=[38;2;25;97;34m-[38;2;32;173;51m+[38;2;34;181;62m+[38;2;22;90;37m-[38;2;12;31;18m.[38;2;69;176;94m+[38;2;80;157;94m+[38;2;13;18;13m.[38;2;34;88;46m-[38;2;28;62;36m:[38;2;13;13;13m [38;2;13;13;13m [38;2;13;13;13m [0m
[38;2;13;13;13m [38;2;13;13;13m [38;2;13;13;13m [38;2;13;13;14m [38;2;27;114;49m-[38;2;21;90;39m-[38;2;14;24;16m.[38;2;30;134;49m=[38;2;37;155;57m=[38;2;13;25;13m.[38;2;27;89;32m-[38;2;20;55;21m:[38;2;12;14;10m [38;2;23;90;34m-[38;2;23;84;30m:[38;2;14;33;20m.[38;2;30;128;53m=[38;2;30;111;48m-[38;2;13;18;15m.[38;2;26;90;44m-[38;2;32;81;45m:[38;2;11;14;14m [38;2;13;13;13m [38;2;13;13;13m [38;2;13;13;13m [0m
[38;2;8;8;8m [38;2;13;13;13m [38;2;13;13;13m [38;2;13;13;12m [38;2;13;15;12m.[38;2;31;110;53m-[38;2;24;95;45m-[38;2;13;14;13m [38;2;23;78;31m:[38;2;31;155;59m=[38;2;12;27;17m.[38;2;26;29;27m.[38;2;139;172;149m*[38;2;17;22;17m.[38;2;14;33;19m.[38;2;39;175;95m+[38;2;19;58;31m:[38;2;9;13;13m [38;2;25;94;43m-[38;2;31;78;47m:[38;2;12;14;13m [38;2;12;14;12m [38;2;13;13;13m [38;2;13;13;13m [38;2;8;8;8m [0m
[38;2;7;7;7m [38;2;13;13;13m [38;2;13;13;13m [38;2;13;13;13m [38;2;13;13;12m [38;2;12;13;11m [38;2;26;108;50m-[38;2;20;103;45m-[38;2;10;16;12m.[38;2;38;167;77m+[38;2;36;163;74m+[38;2;12;26;14m.[38;2;40;99;59m-[38;2;14;32;19m.[38;2;39;171;85m+[38;2;35;142;74m=[38;2;12;14;12m [38;2;37;106;57m-[38;2;25;72;36m:[38;2;12;14;13m [38;2;13;13;13m [38;2;13;13;13m [38;2;13;13;13m [38;2;13;13;13m [38;2;7;7;7m [0m
[38;2;1;1;1m [38;2;8;8;8m [38;2;13;13;13m [38;2;13;13;13m [38;2;13;13;13m [38;2;13;13;13m [38;2;11;13;11m [38;2;29;103;55m-[38;2;25;109;54m-[38;2;13;25;19m.[38;2;30;149;63m=[38;2;29;137;61m=[38;2;14;35;19m.[38;2;30;132;59m=[38;2;29;114;52m-[38;2;12;21;15m.[38;2;32;107;53m-[38;2;29;72;42m:[38;2;11;13;12m [38;2;12;13;13m [38;2;13;13;13m [38;2;13;13;13m [38;2;13;13;13m [38;2;8;8;8m [38;2;1;1;1m [0m
[38;2;0;0;0m [38;2;1;1;1m [38;2;8;8;8m [38;2;13;13;13m [38;2;13;13;13m [38;2;13;13;13m [38;2;14;13;13m [38;2;14;13;15m [38;2;30;96;52m-[38;2;31;110;55m-[38;2;13;26;15m.[38;2;21;68;33m:[38;2;22;53;30m:[38;2;20;55;31m:[38;2;12;18;12m.[38;2;36;113;58m-[38;2;28;66;40m:[38;2;14;13;15m [38;2;13;13;13m [38;2;13;13;13m [38;2;13;13;13m [38;2;8;8;8m [38;2;3;3;3m [38;2;1;1;1m [38;2;0;0;0m [0m
[38;2;0;0;0m [38;2;0;0;0m [38;2;1;1;1m [38;2;8;8;8m [38;2;13;13;13m [38;2;13;13;13m [38;2;13;13;13m [38;2;14;14;14m [38;2;13;14;14m [38;2;23;89;43m-[38;2;25;111;48m-[38;2;16;37;22m.[38;2;15;37;20m.[38;2;14;36;19m.[38;2;30;113;56m-[38;2;23;64;34m:[38;2;14;13;12m [38;2;14;13;14m [38;2;13;13;13m [38;2;13;13;13m [38;2;8;8;8m [38;2;1;1;1m [38;2;0;0;0m [38;2;0;0;0m [38;2;0;0;0m [0m
[38;2;0;0;0m [38;2;0;0;0m [38;2;0;0;0m [38;2;1;1;1m [38;2;3;3;3m [38;2;8;8;8m [38;2;13;13;13m [38;2;13;13;13m [38;2;13;13;13m [38;2;13;13;12m [38;2;21;66;33m:[38;2;28;92;44m-[38;2;40;89;52m-[38;2;42;88;53m-[38;2;22;52;30m:[38;2;13;13;13m [38;2;14;13;13m [38;2;13;13;13m [38;2;13;13;13m [38;2;8;8;8m [38;2;1;1;1m [38;2;0;0;0m [38;2;0;0;0m [38;2;0;0;0m [38;2;0;0;0m [0m
[38;2;0;0;0m [38;2;0;0;0m [38;2;0;0;0m [38;2;0;0;0m [38;2;0;0;0m [38;2;1;1;1m [38;2;8;8;8m [38;2;13;13;13m [38;2;13;13;13m [38;2;13;13;13m [38;2;13;13;13m [38;2;12;14;12m [38;2;13;13;13m [38;2;13;13;13m [38;2;12;13;13m [38;2;13;13;13m [38;2;13;13;13m [38;2;13;13;13m [38;2;8;8;8m [38;2;1;1;1m [38;2;0;0;0m [38;2;0;0;0m [38;2;0;0;0m [38;2;0;0;0m [38;2;0;0;0m [0m
[38;2;0;0;0m [38;2;0;0;0m [38;2;0;0;0m [38;2;0;0;0m [38;2;0;0;0m [38;2;0;0;0m [38;2;2;2;2m [38;2;8;8;8m [38;2;13;13;13m [38;2;13;13;13m [38;2;13;13;13m [38;2;13;13;13m [38;2;13;13;13m [38;2;13;13;13m [38;2;13;13;13m [38;2;13;13;13m [38;2;13;13;13m [38;2;8;8;8m [38;2;2;2;2m [38;2;0;0;0m [38;2;0;0;0m [38;2;0;0;0m [38;2;0;0;0m [38;2;0;0;0m [38;2;0;0;0m [0m
[38;2;0;0;0m [38;2;0;0;0m [38;2;0;0;0m [38;2;0;0;0m [38;2;0;0;0m [38;2;0;0;0m [38;2;0;0;0m [38;2;2;2;2m [38;2;8;8;8m [38;2;13;13;13m [38;2;13;13;13m [38;2;13;13;13m [38;2;13;13;13m [38;2;13;13;13m [38;2;13;13;13m [38;2;13;13;13m [38;2;8;8;8m [38;2;2;2;2m [38;2;0;0;0m [38;2;0;0;0m [38;2;0;0;0m [38;2;0;0;0m [38;2;0;0;0m [38;2;0;0;0m [38;2;0;0;0m [0m
