[38;2;7;7;7m [38;2;13;13;13m [38;2;13;13;13m [38;2;13;13;13m [38;2;13;13;13m [38;2;13;13;13m [38;2;13;13;13m [38;2;13;13;13m [38;2;13;13;13m [38;2;13;13;13m [38;2;13;13;13m [38;2;13;13;13m [38;2;13;13;13m [38;2;13;13;13m [38;2;13;13;13m [38;2;13;13;13m [38;2;13;13;13m [38;2;13;13;13m [38;2;13;13;13m [38;2;13;13;13m [38;2;13;13;13m [38;2;13;13;13m [38;2;13;13;13m [38;2;13;13;13m [38;2;7;7;7m [0m
[38;2;13;13;13m [38;2;13;13;13m [38;2;13;13;13m [38;2;13;13;13m [38;2;13;13;13m [38;2;13;13;13m [38;2;13;13;13m [38;2;13;13;13m [38;2;13;13;13m [38;2;13;13;13m [38;2;13;13;13m [38;2;13;13;13m [38;2;12;13;12m [38;2;13;13;13m [38;2;13;13;13m [38;2;13;13;13m [38;2;13;13;13m [38;2;13;13;13m [38;2;13;13;13m [38;2;13;13;13m [38;2;13;13;13m [38;2;13;13;13m [38;2;13;13;13m [38;2;13;13;13m [38;2;13;13;13m [0m
[38;2;13;13;13m [38;2;13;13;13m [38;2;13;13;13m [38;2;13;13;13m [38;2;11;15;12m [38;2;10;16;13m.[38;2;11;17;14m.[38;2;13;16;13m.[38;2;10;16;13m.[38;2;11;16;13m.[38;2;11;16;13m.[38;2;36;55;41m:[38;2;88;150;105m+[38;2;26;46;32m.[38;2;10;15;12m [38;2;11;14;12m [38;2;11;14;12m [38;2;10;16;12m.[38;2;10;15;12m [38;2;11;15;12m [38;2;12;15;12m [38;2;13;13;13m [38;2;13;13;13m [38;2;13;13;13m [38;2;13;13;13m [0m
[38;2;13;13;13m [38;2;13;13;13m [38;2;13;13;13m [38;2;38;82;53m:[38;2;47;130;71m=[38;2;66;166;93m+[38;2;52;107;65m-[38;2;47;105;63m-[38;2;49;112;68m-[38;2;45;111;64m-[38;2;33;106;54m-[38;2;51;122;71m=[38;2;66;132;83m=[38;2;46;128;71m=[38;2;42;125;67m=[38;2;53;132;75m=[38;2;52;135;77m=[38;2;47;136;75m=[38;2;56;152;86m=[38;2;83;228;128m#[38;2;82;199;120m*[38;2;38;84;53m-[38;2;13;13;13m [38;2;13;13;13m [38;2;13;13;13m [0m
[38;2;13;13;13m [38;2;13;13;13m [38;2;14;12;13m [38;2;50;105;69m-[38;2;15;27;19m.[38;2;32;47;37m:[38;2;11;13;12m [38;2;13;12;13m [38;2;13;13;13m [38;2;10;13;12m [38;2;12;12;12m [38;2;26;28;26m.[38;2;114;117;114m=[38;2;23;25;23m.[38;2;11;13;13m [38;2;14;12;14m [38;2;12;14;13m [38;2;13;14;11m [38;2;14;14;11m [38;2;35;55;43m:[38;2;20;51;30m:[38;2;51;112;73m-[38;2;13;13;13m [38;2;13;13;13m [38;2;13;13;13m [0m
[38;2;13;13;13m [38;2;13;13;13m [38;2;13;13;13m [38;2;60;115;80m=[38;2;16;23;22m.[38;2;46;94;63m-[38;2;83;156;109m+[38;2;74;149;91m+[38;2;57;136;77m=[38;2;22;47;27m.[38;2;12;14;12m [38;2;122;133;128m+[38;2;249;253;251m@[38;2;50;95;61m-[38;2;10;12;12m [38;2;29;76;38m:[38;2;61;152;75m=[38;2;80;164;99m+[38;2;99;196;133m*[38;2;46;104;69m-[38;2;21;47;31m.[38;2;59;118;81m=[38;2;13;13;13m [38;2;13;13;13m [38;2;13;13;13m [0m
[38;2;13;13;13m [38;2;13;13;13m [38;2;13;13;13m [38;2;61;118;81m=[38;2;17;24;21m.[38;2;62;139;89m=[38;2;125;217;153m#[38;2;76;193;105m*[38;2;60;165;82m+[38;2;51;132;66m=[38;2;22;38;24m.[38;2;67;88;71m-[38;2;163;210;164m#[38;2;23;59;31m:[38;2;24;71;37m:[38;2;63;175;83m+[38;2;64;174;82m+[38;2;113;216;136m#[38;2;125;243;161m#[38;2;70;145;103m=[38;2;22;51;34m:[38;2;54;120;82m=[38;2;13;13;13m [38;2;13;13;13m [38;2;13;13;13m [0m
[38;2;13;13;13m [38;2;13;13;13m [38;2;12;13;13m [38;2;43;112;61m-[38;2;36;77;47m:[38;2;75;156;105m+[38;2;105;228;133m#[38;2;83;193;104m*[38;2;55;155;74m+[38;2;42;156;62m=[38;2;41;116;46m-[38;2;16;37;16m.[38;2;14;31;14m.[38;2;18;61;28m:[38;2;44;158;63m=[38;2;51;158;68m+[38;2;52;155;66m=[38;2;105;215;126m#[38;2;127;245;160m%[38;2;69;142;91m=[38;2;51;122;82m=[38;2;50;117;74m=[38;2;13;13;13m [38;2;13;13;13m [38;2;13;13;13m [0m
[38;2;13;13;13m [38;2;13;13;13m [38;2;12;13;13m [38;2;47;117;67m-[38;2;39;83;49m-[38;2;66;149;102m+[38;2;119;225;157m#[38;2;88;194;118m*[38;2;48;130;56m=[38;2;44;150;62m=[38;2;40;159;61m=[38;2;36;150;56m=[38;2;25;79;33m:[38;2;37;145;55m=[38;2;39;139;52m=[38;2;47;134;55m=[38;2;61;172;83m+[38;2;82;219;122m*[38;2;125;251;162m%[38;2;69;143;89m=[38;2;46;124;73m=[38;2;54;116;73m=[38;2;13;13;13m [38;2;13;13;13m [38;2;13;13;13m [0m
[38;2;13;13;13m [38;2;13;13;13m [38;2;13;13;13m [38;2;42;120;69m=[38;2;37;79;50m:[38;2;61;137;87m=[38;2;111;209;144m*[38;2;84;220;128m#[38;2;42;159;63m=[38;2;33;120;40m-[38;2;35;150;57m=[38;2;38;179;73m+[38;2;37;132;48m=[38;2;39;134;53m=[38;2;32;119;41m-[38;2;40;130;50m=[38;2;47;171;73m+[38;2;73;220;119m*[38;2;107;249;157m#[38;2;58;139;87m=[38;2;53;116;73m=[38;2;57;112;74m-[38;2;13;13;13m [38;2;13;13;13m [38;2;13;13;13m [0m
[38;2;13;13;13m [38;2;13;13;13m [38;2;13;12;12m [38;2;41;120;69m=[38;2;13;21;15m.[38;2;65;154;100m+[38;2;113;215;147m#[38;2;76;206;118m*[38;2;42;179;81m+[38;2;32;131;50m=[38;2;79;145;87m=[38;2;38;133;52m=[38;2;32;115;36m-[38;2;29;76;29m:[38;2;82;145;95m+[38;2;41;159;70m=[38;2;41;189;82m+[38;2;68;224;123m*[38;2;98;247;176m#[38;2;55;144;106m=[38;2;18;45;27m.[38;2;38;110;58m-[38;2;13;13;13m [38;2;13;13;13m [38;2;13;13;13m [0m
[38;2;13;13;13m [38;2;13;13;13m [38;2;13;12;13m [38;2;35;115;56m-[38;2;13;19;14m.[38;2;72;148;104m+[38;2;128;235;168m#[38;2;77;191;115m*[38;2;35;121;50m-[38;2;32;116;47m-[38;2;217;226;218m%[38;2;109;153;111m+[38;2;27;112;33m-[38;2;66;112;70m=[38;2;246;247;244m@[38;2;39;132;62m=[38;2;35;172;66m+[38;2;74;231;142m#[38;2;95;248;159m#[38;2;49;140;93m=[38;2;19;44;28m.[38;2;44;110;65m-[38;2;13;13;13m [38;2;13;13;13m [38;2;13;13;13m [0m
[38;2;13;13;13m [38;2;13;13;13m [38;2;13;12;13m [38;2;35;119;57m-[38;2;13;19;14m.[38;2;86;151;103m+[38;2;173;217;174m#[38;2;87;186;116m*[38;2;33;132;55m=[38;2;28;125;43m-[38;2;140;164;143m*[38;2;179;196;181m#[38;2;28;102;36m-[38;2;133;160;136m+[38;2;179;194;180m#[38;2;32;85;32m:[38;2;42;130;57m=[38;2;80;213;143m*[38;2;106;253;189m%[38;2;50;140;91m=[38;2;21;44;29m.[38;2;50;109;67m-[38;2;13;13;13m [38;2;13;13;13m [38;2;13;13;13m [0m
[38;2;13;13;13m [38;2;13;13;13m [38;2;13;12;13m [38;2;36;123;60m=[38;2;12;20;12m.[38;2;107;156;125m+[38;2;228;244;215m%[38;2;113;180;121m*[38;2;34;112;39m-[38;2;29;110;33m-[38;2;67;116;72m=[38;2;244;248;244m@[38;2;31;69;35m:[38;2;211;221;209m%[38;2;103;150;110m+[38;2;32;100;36m-[38;2;34;110;39m-[38;2;77;187;93m*[38;2;110;248;164m%[38;2;56;142;104m=[38;2;19;40;26m.[38;2;56;106;72m-[38;2;13;13;13m [38;2;13;13;13m [38;2;13;13;13m [0m
[38;2;13;13;13m [38;2;13;13;13m [38;2;13;13;13m [38;2;45;129;67m=[38;2;27;66;35m:[38;2;112;156;128m+[38;2;251;254;249m@[38;2;114;179;120m*[38;2;34;114;38m-[38;2;32;102;34m-[38;2;26;72;23m:[38;2;221;227;218m%[38;2;124;136;124m+[38;2;245;248;246m@[38;2;36;104;47m-[38;2;36;121;46m-[38;2;31;114;35m-[38;2;60;147;67m=[38;2;97;215;135m*[38;2;49;138;84m=[38;2;28;83;44m:[38;2;43;101;56m-[38;2;13;13;13m [38;2;13;13;13m [38;2;13;13;13m [0m
[38;2;13;13;13m [38;2;13;13;13m [38;2;13;13;13m [38;2;49;131;73m=[38;2;43;92;56m-[38;2;81;123;98m=[38;2;247;254;249m@[38;2;116;202;133m*[38;2;31;124;40m-[38;2;30;115;39m-[38;2;26;72;23m:[38;2;143;158;143m+[38;2;245;245;244m@[38;2;181;192;180m#[38;2;27;80;27m:[38;2;36;123;50m=[38;2;38;148;57m=[38;2;53;172;72m+[38;2;85;231;132m#[38;2;38;102;75m-[38;2;56;117;71m=[38;2;44;98;56m-[38;2;13;13;13m [38;2;13;13;13m [38;2;13;13;13m [0m
[38;2;13;13;13m [38;2;13;13;13m [38;2;13;13;13m [38;2;44;131;70m=[38;2;46;96;55m-[38;2;11;16;13m.[38;2;102;146;120m+[38;2;98;199;120m*[38;2;32;152;49m=[38;2;30;144;44m=[38;2;30;105;33m-[38;2;69;101;68m-[38;2;251;254;251m@[38;2;108;139;112m+[38;2;35;112;46m-[38;2;39;138;58m=[38;2;44;199;96m*[38;2;61;208;121m*[38;2;41;107;71m-[38;2;13;13;12m [38;2;57;116;71m=[38;2;56;101;67m-[38;2;13;13;13m [38;2;13;13;13m [38;2;13;13;13m [0m
[38;2;13;13;13m [38;2;13;13;13m [38;2;13;13;13m [38;2;42;130;69m=[38;2;22;41;24m.[38;2;50;118;70m=[38;2;13;30;17m.[38;2;35;129;60m=[38;2;37;175;65m+[38;2;40;170;61m+[38;2;33;108;33m-[38;2;28;86;27m:[38;2;27;92;34m-[38;2;29;94;34m-[38;2;39;110;49m-[38;2;48;164;81m+[38;2;47;158;69m+[38;2;28;75;33m:[38;2;12;38;22m.[38;2;31;108;66m-[38;2;23;58;32m:[38;2;43;99;56m-[38;2;13;13;13m [38;2;13;13;13m [38;2;13;13;13m [0m
[38;2;13;13;13m [38;2;13;13;13m [38;2;13;13;13m [38;2;37;129;60m=[38;2;10;21;12m.[38;2;71;147;94m=[38;2;101;192;125m*[38;2;15;30;18m.[38;2;28;124;53m-[38;2;38;188;70m+[38;2;37;139;51m=[38;2;33;108;36m-[38;2;30;120;35m-[38;2;40;129;48m=[38;2;38;93;43m-[38;2;45;137;62m=[38;2;30;95;47m-[38;2;14;40;24m.[38;2;40;199;103m*[38;2;34;113;62m-[38;2;15;35;22m.[38;2;32;96;50m-[38;2;13;13;13m [38;2;13;13;13m [38;2;13;13;13m [0m
[38;2;13;13;13m [38;2;13;13;13m [38;2;13;13;13m [38;2;31;96;51m-[38;2;27;83;42m:[38;2;13;24;14m.[38;2;100;183;128m*[38;2;83;173;105m+[38;2;12;25;13m.[38;2;32;132;61m=[38;2;41;188;76m+[38;2;37;123;41m-[38;2;28;90;33m-[38;2;39;156;62m=[38;2;48;163;70m+[38;2;25;66;30m:[38;2;17;35;22m.[38;2;49;197;123m*[38;2;49;166;99m+[38;2;12;18;13m.[38;2;35;96;54m-[38;2;29;67;38m:[38;2;13;13;13m [38;2;13;13;13m [38;2;13;13;13m [0m
[38;2;13;13;13m [38;2;13;13;13m [38;2;13;13;13m [38;2;12;14;12m [38;2;35;116;59m-[38;2;25;91;47m-[38;2;13;23;13m.[38;2;46;124;62m=[38;2;35;106;42m-[38;2;12;23;13m.[38;2;35;121;54m-[38;2;21;68;28m:[38;2;11;14;9m [38;2;23;70;32m:[38;2;33;83;42m:[38;2;17;35;23m.[38;2;62;151;88m+[38;2;48;124;70m=[38;2;12;20;12m.[38;2;35;99;56m-[38;2;38;89;54m-[38;2;12;14;12m [38;2;13;13;13m [38;2;13;13;13m [38;2;13;13;13m [0m
[38;2;8;8;8m [38;2;13;13;13m [38;2;13;13;13m [38;2;13;13;14m [38;2;13;13;11m [38;2;33;115;59m-[38;2;26;100;47m-[38;2;12;13;12m [38;2;25;61;28m:[38;2;31;104;40m-[38;2;13;24;13m.[38;2;26;28;23m.[38;2;137;167;144m*[38;2;17;22;17m.[38;2;17;34;25m.[38;2;60;172;98m+[38;2;31;72;42m:[38;2;10;15;9m [38;2;43;106;66m-[38;2;39;89;58m-[38;2;10;13;10m [38;2;12;13;12m [38;2;13;13;13m [38;2;13;13;13m [38;2;8;8;8m [0m
[38;2;7;7;7m [38;2;13;13;13m [38;2;13;13;13m [38;2;13;13;13m [38;2;13;13;12m [38;2;12;14;12m [38;2;34;110;60m-[38;2;48;107;70m-[38;2;12;14;9m [38;2;38;112;49m-[38;2;29;119;45m-[38;2;14;25;14m.[38;2;37;89;49m-[38;2;16;31;20m.[38;2;50;151;79m=[38;2;46;138;77m=[38;2;10;15;11m [38;2;46;110;71m-[38;2;38;84;55m-[38;2;12;14;12m [38;2;12;13;12m [38;2;13;13;13m [38;2;13;13;13m [38;2;13;13;13m [38;2;7;7;7m [0m
[38;2;1;1;1m [38;2;8;8;8m [38;2;13;13;13m [38;2;13;13;13m [38;2;13;13;13m [38;2;13;13;12m [38;2;12;15;14m.[38;2;39;104;67m-[38;2;49;112;73m-[38;2;13;22;12m.[38;2;36;130;54m=[38;2;39;136;63m=[38;2;16;39;19m.[38;2;41;142;68m=[38;2;40;105;50m-[38;2;14;20;13m.[38;2;54;122;83m=[38;2;38;82;56m:[38;2;11;14;11m [38;2;12;14;12m [38;2;13;13;12m [38;2;13;13;12m [38;2;13;13;13m [38;2;8;8;8m [38;2;1;1;1m [0m
[38;2;0;0;0m [38;2;1;1;1m [38;2;8;8;8m [38;2;13;13;13m [38;2;13;13;13m [38;2;13;13;13m [38;2;14;13;13m [38;2;13;13;13m [38;2;39;96;59m-[38;2;45;116;72m-[38;2;11;26;15m.[38;2;24;65;37m:[38;2;27;64;37m:[38;2;20;56;30m:[38;2;13;18;14m.[38;2;41;121;69m=[38;2;37;79;52m:[38;2;13;13;12m [38;2;13;13;13m [38;2;13;13;13m [38;2;13;13;13m [38;2;8;8;8m [38;2;3;3;3m [38;2;1;1;1m [38;2;0;0;0m [0m
[38;2;0;0;0m [38;2;0;0;0m [38;2;1;1;1m [38;2;8;8;8m [38;2;13;13;13m [38;2;13;13;13m [38;2;13;13;13m [38;2;13;13;13m [38;2;13;14;13m [38;2;36;90;57m-[38;2;37;117;64m-[38;2;18;39;25m.[38;2;17;39;23m.[38;2;16;37;22m.[38;2;38;119;64m-[38;2;29;70;42m:[38;2;12;14;11m [38;2;13;13;12m [38;2;13;13;13m [38;2;13;13;13m [38;2;8;8;8m [38;2;1;1;1m [38;2;0;0;0m [38;2;0;0;0m [38;2;0;0;0m [0m
[38;2;0;0;0m [38;2;0;0;0m [38;2;0;0;0m [38;2;1;1;1m [38;2;3;3;3m [38;2;8;8;8m [38;2;13;13;13m [38;2;13;13;13m [38;2;13;13;13m [38;2;13;13;13m [38;2;32;71;43m:[38;2;46;100;59m-[38;2;51;96;59m-[38;2;50;96;61m-[38;2;27;57;35m:[38;2;13;13;13m [38;2;13;13;13m [38;2;13;13;13m [38;2;13;13;13m [38;2;8;8;8m [38;2;1;1;1m [38;2;0;0;0m [38;2;0;0;0m [38;2;0;0;0m [38;2;0;0;0m [0m
[38;2;0;0;0m [38;2;0;0;0m [38;2;0;0;0m [38;2;0;0;0m [38;2;0;0;0m [38;2;1;1;1m [38;2;8;8;8m [38;2;13;13;13m [38;2;13;13;13m [38;2;13;13;13m [38;2;12;13;13m [38;2;11;14;12m [38;2;13;13;12m [38;2;13;13;14m [38;2;13;12;14m [38;2;13;13;13m [38;2;13;13;13m [38;2;13;13;13m [38;2;8;8;8m [38;2;1;1;1m [38;2;0;0;0m [38;2;0;0;0m [38;2;0;0;0m [38;2;0;0;0m [38;2;0;0;0m [0m
[38;2;0;0;0m [38;2;0;0;0m [38;2;0;0;0m [38;2;0;0;0m [38;2;0;0;0m [38;2;0;0;0m [38;2;2;2;2m [38;2;8;8;8m [38;2;13;13;13m [38;2;13;13;13m [38;2;13;13;13m [38;2;13;13;13m [38;2;13;13;13m [38;2;13;13;13m [38;2;13;13;13m [38;2;13;13;13m [38;2;13;13;13m [38;2;8;8;8m [38;2;2;2;2m [38;2;0;0;0m [38;2;0;0;0m [38;2;0;0;0m [38;2;0;0;0m [38;2;0;0;0m [38;2;0;0;0m [0m
[38;2;0;0;0m [38;2;0;0;0m [38;2;0;0;0m [38;2;0;0;0m [38;2;0;0;0m [38;2;0;0;0m [38;2;0;0;0m [38;2;2;2;2m [38;2;8;8;8m [38;2;13;13;13m [38;2;13;13;13m [38;2;13;13;13m [38;2;13;13;13m [38;2;13;13;13m [38;2;13;13;13m [38;2;13;13;13m [38;2;8;8;8m [38;2;2;2;2m [38;2;0;0;0m [38;2;0;0;0m [38;2;0;0;0m [38;2;0;0;0m [38;2;0;0;0m [38;2;0;0;0m [38;2;0;0;0m [0m
