[38;2;7;7;7m [38;2;13;13;13m [38;2;13;13;13m [38;2;13;13;13m [38;2;13;13;13m [38;2;13;13;13m [38;2;13;13;13m [38;2;13;13;13m [38;2;13;13;13m [38;2;13;13;13m [38;2;13;13;13m [38;2;13;13;13m [38;2;13;13;13m [38;2;13;13;13m [38;2;13;13;13m [38;2;13;13;13m [38;2;13;13;13m [38;2;13;13;13m [38;2;13;13;13m [38;2;13;13;13m [38;2;13;13;13m [38;2;13;13;13m [38;2;13;13;13m [38;2;13;13;13m [38;2;7;7;7m [0m
[38;2;13;13;13m [38;2;13;13;13m [38;2;13;13;13m [38;2;13;13;13m [38;2;13;13;13m [38;2;13;13;13m [38;2;13;13;13m [38;2;13;13;13m [38;2;13;13;13m [38;2;13;13;13m [38;2;13;13;13m [38;2;13;13;13m [38;2;13;13;13m [38;2;13;13;13m [38;2;13;13;13m [38;2;13;13;13m [38;2;13;13;13m [38;2;13;13;13m [38;2;13;13;13m [38;2;13;13;13m [38;2;13;13;13m [38;2;13;13;13m [38;2;13;13;13m [38;2;13;13;13m [38;2;13;13;13m [0m
[38;2;13;13;13m [38;2;13;13;13m [38;2;13;13;13m [38;2;13;14;14m [38;2;11;15;12m [38;2;10;15;12m [38;2;10;15;12m [38;2;11;15;12m [38;2;10;15;12m [38;2;11;16;13m.[38;2;12;15;13m.[38;2;29;52;35m:[38;2;74;144;81m=[38;2;25;45;29m.[38;2;11;14;12m [38;2;12;15;12m [38;2;12;15;12m [38;2;11;14;11m [38;2;12;15;12m [38;2;12;15;12m [38;2;11;14;12m [38;2;13;13;13m [38;2;13;13;13m [38;2;13;13;13m [38;2;13;13;13m [0m
[38;2;13;13;13m [38;2;13;13;13m [38;2;13;13;13m [38;2;34;82;48m:[38;2;42;130;73m=[38;2;57;154;82m+[38;2;35;99;51m-[38;2;34;94;49m-[38;2;36;98;53m-[38;2;45;104;60m-[38;2;48;107;62m-[38;2;50;118;66m=[38;2;65;127;74m=[38;2;50;124;66m=[38;2;45;123;64m=[38;2;38;121;60m-[38;2;37;124;60m=[38;2;37;126;60m=[38;2;46;139;67m=[38;2;106;220;126m#[38;2;64;185;93m+[38;2;30;81;41m:[38;2;13;13;13m [38;2;13;13;13m [38;2;13;13;13m [0m
[38;2;13;13;13m [38;2;13;13;13m [38;2;13;13;13m [38;2;49;107;65m-[38;2;17;26;21m.[38;2;24;42;28m.[38;2;12;14;10m [38;2;13;13;12m [38;2;13;14;13m [38;2;13;14;13m [38;2;13;13;13m [38;2;25;28;25m.[38;2;109;115;109m=[38;2;22;24;22m.[38;2;13;13;13m [38;2;13;13;13m [38;2;11;13;12m [38;2;12;13;12m [38;2;12;14;11m [38;2;30;54;36m:[38;2;18;50;28m.[38;2;44;110;61m-[38;2;13;13;13m [38;2;13;13;13m [38;2;13;13;13m [0m
[38;2;13;13;13m [38;2;13;13;13m [38;2;13;13;12m [38;2;49;106;68m-[38;2;18;24;22m.[38;2;35;111;66m-[38;2;63;175;101m+[38;2;50;151;86m=[38;2;37;118;58m-[38;2;20;49;26m.[38;2;11;14;11m [38;2;117;132;127m+[38;2;247;253;248m@[38;2;44;75;54m:[38;2;13;13;12m [38;2;21;73;34m:[38;2;36;162;64m+[38;2;55;178;95m+[38;2;74;203;130m*[38;2;33;94;45m-[38;2;20;45;26m.[38;2;45;111;64m-[38;2;13;13;13m [38;2;13;13;13m [38;2;13;13;13m [0m
[38;2;13;13;13m [38;2;13;13;13m [38;2;13;12;12m [38;2;50;109;68m-[38;2;14;23;18m.[38;2;50;144;82m=[38;2;82;201;121m*[38;2;58;176;92m+[38;2;40;168;73m+[38;2;42;173;80m+[38;2;19;59;31m:[38;2;70;96;72m-[38;2;160;215;163m#[38;2;20;55;30m:[38;2;20;68;31m:[38;2;41;190;76m+[38;2;38;167;57m+[38;2;73;216;117m*[38;2;102;252;173m%[38;2;49;142;94m=[38;2;18;50;30m.[38;2;37;111;61m-[38;2;13;13;13m [38;2;13;13;13m [38;2;13;13;13m [0m
[38;2;13;13;13m [38;2;13;13;13m [38;2;12;13;11m [38;2;47;109;62m-[38;2;35;72;42m:[38;2;48;152;81m=[38;2;84;201;114m*[38;2;56;167;81m+[38;2;38;144;59m=[38;2;40;152;67m=[38;2;42;184;84m+[38;2;17;61;32m:[38;2;14;36;16m.[38;2;20;66;29m:[38;2;36;160;56m=[38;2;37;178;68m+[38;2;38;166;59m+[38;2;68;205;97m*[38;2;101;225;128m#[38;2;49;142;93m=[38;2;46;120;70m=[38;2;47;109;63m-[38;2;13;13;13m [38;2;13;13;13m [38;2;13;13;13m [0m
[38;2;13;13;13m [38;2;13;13;13m [38;2;12;13;12m [38;2;47;108;62m-[38;2;43;76;48m:[38;2;49;162;98m+[38;2;85;239;143m#[38;2;59;184;90m+[38;2;40;139;56m=[38;2;39;117;50m-[38;2;40;177;83m+[38;2;40;207;110m*[38;2;23;97;47m-[38;2;35;159;58m=[38;2;34;143;47m=[38;2;31;129;43m=[38;2;34;119;43m-[38;2;57;180;79m+[38;2;97;232;122m#[38;2;49;141;81m=[38;2;45;122;69m=[38;2;35;106;56m-[38;2;13;13;13m [38;2;13;13;13m [38;2;13;13;13m [0m
[38;2;13;13;13m [38;2;13;13;13m [38;2;12;13;12m [38;2;52;116;71m-[38;2;39;74;47m:[38;2;50;163;95m+[38;2;78;235;131m#[38;2;57;177;79m+[38;2;41;136;51m=[38;2;41;121;54m-[38;2;37;141;62m=[38;2;36;184;89m+[38;2;39;202;107m*[38;2;34;149;55m=[38;2;33;153;59m=[38;2;33;137;51m=[38;2;34;119;38m-[38;2;53;173;72m+[38;2;85;238;123m#[38;2;45;139;78m=[38;2;48;113;66m-[38;2;36;106;54m-[38;2;13;13;13m [38;2;13;13;13m [38;2;13;13;13m [0m
[38;2;13;13;13m [38;2;13;13;13m [38;2;12;13;12m [38;2;48;114;67m-[38;2;13;21;16m.[38;2;37;154;65m=[38;2;65;234;107m#[38;2;53;192;82m+[38;2;39;152;56m=[38;2;38;126;49m=[38;2;41;104;51m-[38;2;80;146;92m+[38;2;30;146;65m=[38;2;69;127;78m=[38;2;49;114;55m-[38;2;31;140;52m=[38;2;33;139;49m=[38;2;52;189;87m+[38;2;80;230;120m#[38;2;45;137;76m=[38;2;23;45;29m.[38;2;42;106;61m-[38;2;13;13;13m [38;2;13;13;13m [38;2;13;13;13m [0m
[38;2;13;13;13m [38;2;13;13;13m [38;2;12;12;14m [38;2;45;116;64m-[38;2;14;21;15m.[38;2;34;153;60m=[38;2;60;239;104m#[38;2;49;199;84m*[38;2;37;153;53m=[38;2;30;124;43m-[38;2;83;138;96m=[38;2;247;251;247m@[38;2;20;88;34m:[38;2;210;228;216m%[38;2;118;149;122m+[38;2;31;119;41m-[38;2;32;175;68m+[38;2;55;210;96m*[38;2;74;235;119m#[38;2;43;135;71m=[38;2;20;43;25m.[38;2;39;106;62m-[38;2;13;13;13m [38;2;13;13;13m [38;2;13;13;13m [0m
[38;2;13;13;13m [38;2;13;13;13m [38;2;12;12;14m [38;2;34;109;54m-[38;2;12;20;12m.[38;2;25;153;68m=[38;2;42;239;117m#[38;2;40;205;84m*[38;2;32;172;63m+[38;2;32;152;57m=[38;2;84;141;97m=[38;2;247;251;248m@[38;2;21;98;39m-[38;2;210;226;213m%[38;2;120;169;131m*[38;2;33;142;51m=[38;2;32;170;65m+[38;2;58;216;113m*[38;2;66;240;133m#[38;2;42;139;96m=[38;2;17;39;22m.[38;2;43;101;61m-[38;2;13;13;13m [38;2;13;13;13m [38;2;13;13;13m [0m
[38;2;13;13;13m [38;2;13;13;13m [38;2;12;12;14m [38;2;32;113;52m-[38;2;12;19;13m.[38;2;25;157;78m=[38;2;28;221;89m*[38;2;25;174;55m+[38;2;31;166;62m+[38;2;28;149;53m=[38;2;81;142;96m=[38;2;246;251;248m@[38;2;25;125;54m-[38;2;210;228;216m%[38;2;119;159;127m+[38;2;33;111;39m-[38;2;32;145;52m=[38;2;38;217;121m*[38;2;59;246;167m#[38;2;44;135;97m=[38;2;16;40;20m.[38;2;32;99;46m-[38;2;13;13;13m [38;2;13;13;13m [38;2;13;13;13m [0m
[38;2;13;13;13m [38;2;13;13;13m [38;2;13;12;14m [38;2;45;127;68m=[38;2;27;62;33m:[38;2;24;162;95m+[38;2;25;240;126m#[38;2;29;210;100m*[38;2;30;191;82m+[38;2;25;164;64m=[38;2;83;154;105m+[38;2;247;252;249m@[38;2;22;117;48m-[38;2;211;228;215m%[38;2;119;156;127m+[38;2;30;107;39m-[38;2;34;172;69m+[38;2;43;230;140m*[38;2;51;253;186m#[38;2;39;138;109m=[38;2;28;83;39m:[38;2;40;99;53m-[38;2;13;13;13m [38;2;13;13;13m [38;2;13;13;13m [0m
[38;2;13;13;13m [38;2;13;13;13m [38;2;12;12;14m [38;2;71;132;88m=[38;2;56;93;66m-[38;2;28;130;90m=[38;2;28;248;156m#[38;2;30;218;118m*[38;2;31;180;75m+[38;2;32;169;69m+[38;2;87;168;116m+[38;2;246;252;248m@[38;2;23;124;58m-[38;2;211;228;216m%[38;2;119;161;130m+[38;2;32;121;49m-[38;2;35;157;60m=[38;2;36;218;115m*[38;2;56;251;171m#[38;2;29;99;74m-[38;2;37;107;50m-[38;2;43;94;50m-[38;2;13;13;13m [38;2;13;13;13m [38;2;13;13;13m [0m
[38;2;13;13;13m [38;2;13;13;13m [38;2;13;12;14m [38;2;74;134;91m=[38;2;62;95;71m-[38;2;10;16;11m.[38;2;29;150;103m=[38;2;29;225;129m*[38;2;32;185;74m+[38;2;30;153;53m=[38;2;85;153;101m+[38;2;243;251;245m@[38;2;26;130;64m=[38;2;205;229;216m%[38;2;118;169;130m+[38;2;32;164;76m+[38;2;35;163;70m+[38;2;40;194;83m+[38;2;32;110;65m-[38;2;12;15;13m.[38;2;32;105;46m-[38;2;32;87;41m-[38;2;13;13;13m [38;2;13;13;13m [38;2;13;13;13m [0m
[38;2;13;13;13m [38;2;13;13;13m [38;2;12;12;13m [38;2;33;128;59m=[38;2;20;41;22m.[38;2;21;108;48m-[38;2;11;33;17m.[38;2;27;128;48m=[38;2;37;180;53m+[38;2;33;140;40m=[38;2;30;115;37m-[38;2;29;113;45m-[38;2;27;168;76m+[38;2;32;154;73m=[38;2;26;142;50m=[38;2;32;160;66m=[38;2;37;166;71m+[38;2;26;93;50m-[38;2;13;41;28m.[38;2;30;96;55m-[38;2;23;58;30m:[38;2;33;92;46m-[38;2;13;13;13m [38;2;13;13;13m [38;2;13;13;13m [0m
[38;2;13;13;13m [38;2;13;13;13m [38;2;13;12;13m [38;2;24;123;50m-[38;2;10;21;12m.[38;2;43;132;63m=[38;2;64;186;93m+[38;2;14;31;16m.[38;2;26;102;32m-[38;2;33;144;33m=[38;2;34;129;37m=[38;2;33;136;42m=[38;2;32;189;76m+[38;2;33;208;88m*[38;2;33;179;63m+[38;2;34;181;70m+[38;2;24;89;42m-[38;2;14;40;28m.[38;2;80;210;152m*[38;2;45;109;71m-[38;2;17;35;22m.[38;2;48;95;61m-[38;2;13;13;13m [38;2;13;13;13m [38;2;13;13;13m [0m
[38;2;13;13;13m [38;2;13;13;13m [38;2;12;13;13m [38;2;25;93;44m-[38;2;28;85;39m:[38;2;12;21;16m.[38;2;69;177;95m+[38;2;68;169;79m+[38;2;12;29;14m.[38;2;28;100;29m-[38;2;37;150;38m=[38;2;34;151;42m=[38;2;23;110;36m-[38;2;34;211;85m*[38;2;37;196;75m+[38;2;25;89;36m-[38;2;14;34;23m.[38;2;58;191;125m*[38;2;63;165;126m+[38;2;13;17;13m.[38;2;26;86;42m:[38;2;28;62;39m:[38;2;13;13;13m [38;2;13;13;13m [38;2;13;13;13m [0m
[38;2;13;13;13m [38;2;13;13;13m [38;2;12;13;13m [38;2;12;14;14m [38;2;30;109;49m-[38;2;25;89;41m-[38;2;12;22;14m.[38;2;42;132;50m=[38;2;37;165;65m+[38;2;12;29;16m.[38;2;29;114;40m-[38;2;23;75;31m:[38;2;10;11;10m [38;2;23;100;43m-[38;2;26;104;49m-[38;2;13;33;18m.[38;2;32;145;70m=[38;2;37;119;72m-[38;2;13;17;16m.[38;2;29;95;44m-[38;2;33;80;48m:[38;2;13;12;13m [38;2;13;13;12m [38;2;13;13;13m [38;2;13;13;13m [0m
[38;2;8;8;8m [38;2;13;13;13m [38;2;13;13;13m [38;2;13;14;13m [38;2;13;14;14m [38;2;28;105;48m-[38;2;22;92;38m-[38;2;12;13;13m [38;2;23;89;41m-[38;2;33;170;72m+[38;2;13;26;12m.[38;2;25;30;27m.[38;2;141;169;146m*[38;2;17;25;17m.[38;2;11;34;21m.[38;2;35;162;74m+[38;2;18;49;23m.[38;2;10;14;14m [38;2;27;93;46m-[38;2;29;74;45m:[38;2;11;14;13m [38;2;12;14;12m [38;2;13;13;13m [38;2;13;13;13m [38;2;8;8;8m [0m
[38;2;7;7;7m [38;2;13;13;13m [38;2;13;13;13m [38;2;13;13;13m [38;2;13;13;13m [38;2;12;13;13m [38;2;25;102;46m-[38;2;21;100;40m-[38;2;11;14;12m [38;2;32;153;58m=[38;2;34;140;55m=[38;2;14;26;13m.[38;2;43;97;58m-[38;2;13;28;18m.[38;2;41;176;107m+[38;2;32;130;62m=[38;2;10;15;12m [38;2;28;97;45m-[38;2;25;71;37m:[38;2;12;13;13m [38;2;13;13;13m [38;2;13;13;13m [38;2;13;13;13m [38;2;13;13;13m [38;2;7;7;7m [0m
[38;2;1;1;1m [38;2;8;8;8m [38;2;13;13;13m [38;2;13;13;13m [38;2;13;13;13m [38;2;13;13;13m [38;2;13;14;12m [38;2;24;99;44m-[38;2;23;99;38m-[38;2;12;22;11m.[38;2;28;96;39m-[38;2;30;99;43m-[38;2;15;35;20m.[38;2;34;132;55m=[38;2;27;103;45m-[38;2;12;18;11m.[38;2;24;95;42m-[38;2;19;63;31m:[38;2;11;14;13m [38;2;12;14;12m [38;2;12;13;13m [38;2;12;13;13m [38;2;13;13;13m [38;2;8;8;8m [38;2;1;1;1m [0m
[38;2;0;0;0m [38;2;1;1;1m [38;2;8;8;8m [38;2;13;13;13m [38;2;13;13;13m [38;2;13;13;13m [38;2;13;13;13m [38;2;12;14;12m [38;2;26;90;41m-[38;2;23;105;44m-[38;2;15;22;14m.[38;2;21;57;26m:[38;2;20;52;25m:[38;2;20;54;27m:[38;2;9;17;9m.[38;2;28;106;52m-[38;2;28;67;39m:[38;2;12;13;13m [38;2;13;13;13m [38;2;13;13;13m [38;2;13;13;13m [38;2;8;8;8m [38;2;3;3;3m [38;2;1;1;1m [38;2;0;0;0m [0m
[38;2;0;0;0m [38;2;0;0;0m [38;2;1;1;1m [38;2;8;8;8m [38;2;13;13;13m [38;2;13;13;13m [38;2;13;13;13m [38;2;13;13;13m [38;2;12;13;13m [38;2;26;86;44m:[38;2;34;110;54m-[38;2;17;38;21m.[38;2;17;36;21m.[38;2;17;35;23m.[38;2;35;110;59m-[38;2;32;66;41m:[38;2;12;14;13m [38;2;13;13;14m [38;2;13;13;13m [38;2;13;13;13m [38;2;8;8;8m [38;2;1;1;1m [38;2;0;0;0m [38;2;0;0;0m [38;2;0;0;0m [0m
[38;2;0;0;0m [38;2;0;0;0m [38;2;0;0;0m [38;2;1;1;1m [38;2;3;3;3m [38;2;8;8;8m [38;2;13;13;13m [38;2;13;13;13m [38;2;13;13;13m [38;2;13;13;13m [38;2;27;65;35m:[38;2;42;92;50m-[38;2;46;89;54m-[38;2;42;85;49m-[38;2;26;53;31m:[38;2;13;13;13m [38;2;13;13;13m [38;2;13;13;13m [38;2;13;13;13m [38;2;8;8;8m [38;2;1;1;1m [38;2;0;0;0m [38;2;0;0;0m [38;2;0;0;0m [38;2;0;0;0m [0m
[38;2;0;0;0m [38;2;0;0;0m [38;2;0;0;0m [38;2;0;0;0m [38;2;0;0;0m [38;2;1;1;1m [38;2;8;8;8m [38;2;13;13;13m [38;2;13;13;13m [38;2;13;13;13m [38;2;13;13;13m [38;2;13;13;14m [38;2;13;13;14m [38;2;13;13;13m [38;2;13;13;13m [38;2;13;13;13m [38;2;13;13;13m [38;2;13;13;13m [38;2;8;8;8m [38;2;1;1;1m [38;2;0;0;0m [38;2;0;0;0m [38;2;0;0;0m [38;2;0;0;0m [38;2;0;0;0m [0m
[38;2;0;0;0m [38;2;0;0;0m [38;2;0;0;0m [38;2;0;0;0m [38;2;0;0;0m [38;2;0;0;0m [38;2;2;2;2m [38;2;8;8;8m [38;2;13;13;13m [38;2;13;13;13m [38;2;13;13;13m [38;2;13;13;13m [38;2;13;13;13m [38;2;13;13;13m [38;2;13;13;13m [38;2;13;13;13m [38;2;13;13;13m [38;2;8;8;8m [38;2;2;2;2m [38;2;0;0;0m [38;2;0;0;0m [38;2;0;0;0m [38;2;0;0;0m [38;2;0;0;0m [38;2;0;0;0m [0m
[38;2;0;0;0m [38;2;0;0;0m [38;2;0;0;0m [38;2;0;0;0m [38;2;0;0;0m [38;2;0;0;0m [38;2;0;0;0m [38;2;2;2;2m [38;2;8;8;8m [38;2;13;13;13m [38;2;13;13;13m [38;2;13;13;13m [38;2;13;13;13m [38;2;13;13;13m [38;2;13;13;13m [38;2;13;13;13m [38;2;8;8;8m [38;2;2;2;2m [38;2;0;0;0m [38;2;0;0;0m [38;2;0;0;0m [38;2;0;0;0m [38;2;0;0;0m [38;2;0;0;0m [38;2;0;0;0m [0m
