[38;2;5;5;5m [38;2;13;13;13m [38;2;13;13;13m [38;2;13;13;13m [38;2;13;13;13m [38;2;13;13;13m [38;2;13;13;13m [38;2;13;13;13m [38;2;13;13;13m [38;2;13;13;13m [38;2;13;13;13m [38;2;13;13;13m [38;2;13;13;13m [38;2;13;13;13m [38;2;13;13;13m [38;2;13;13;13m [38;2;13;13;13m [38;2;13;13;13m [38;2;13;13;13m [38;2;13;13;13m [38;2;13;13;13m [38;2;13;13;13m [38;2;13;13;13m [38;2;13;13;13m [38;2;5;5;5m [0m
[38;2;13;13;13m [38;2;13;13;13m [38;2;13;13;13m [38;2;13;13;13m [38;2;13;13;13m [38;2;13;13;13m [38;2;13;13;13m [38;2;13;13;13m [38;2;13;13;13m [38;2;13;13;13m [38;2;13;13;13m [38;2;13;13;13m [38;2;13;13;13m [38;2;13;13;13m [38;2;13;13;13m [38;2;13;13;13m [38;2;13;13;13m [38;2;13;13;13m [38;2;13;13;13m [38;2;13;13;13m [38;2;13;13;13m [38;2;13;13;13m [38;2;13;13;13m [38;2;13;13;13m [38;2;13;13;13m [0m
[38;2;13;13;13m [38;2;13;13;13m [38;2;13;13;13m [38;2;14;12;11m [38;2;24;21;14m.[38;2;25;21;14m.[38;2;25;21;14m.[38;2;25;21;14m.[38;2;25;21;15m.[38;2;25;21;14m.[38;2;24;21;13m.[38;2;25;21;13m.[38;2;25;21;14m.[38;2;25;21;14m.[38;2;25;21;14m.[38;2;25;21;14m.[38;2;24;20;13m.[38;2;24;20;13m.[38;2;25;21;13m.[38;2;24;22;14m.[38;2;23;21;14m.[38;2;14;12;14m [38;2;13;13;13m [38;2;13;13;13m [38;2;13;13;13m [0m
[38;2;13;13;13m [38;2;13;13;13m [38;2;13;13;13m [38;2;97;90;57m-[38;2;136;123;68m=[38;2;128;115;64m=[38;2;129;116;62m=[38;2;128;117;61m=[38;2;126;115;64m=[38;2;129;117;58m=[38;2;125;112;56m=[38;2;149;139;69m+[38;2;227;221;121m%[38;2;138;128;69m=[38;2;123;112;60m=[38;2;125;115;61m=[38;2;124;115;59m=[38;2;122;113;64m=[38;2;124;112;56m=[38;2;123;106;52m=[38;2;144;127;62m=[38;2;72;66;34m:[38;2;13;13;13m [38;2;13;13;13m [38;2;13;13;13m [0m
[38;2;13;13;13m [38;2;13;13;13m [38;2;13;13;14m [38;2;125;116;79m=[38;2;28;24;15m.[38;2;13;13;11m [38;2;13;13;10m [38;2;13;13;11m [38;2;14;13;11m [38;2;13;13;12m [38;2;13;13;13m [38;2;13;13;12m [38;2;24;24;17m.[38;2;13;13;12m [38;2;14;13;14m [38;2;12;12;12m [38;2;13;13;11m [38;2;13;12;12m [38;2;13;13;11m [38;2;13;13;11m [38;2;53;50;31m:[38;2;97;89;50m-[38;2;13;13;13m [38;2;13;13;13m [38;2;13;13;13m [0m
[38;2;13;13;13m [38;2;13;13;13m [38;2;13;13;14m [38;2;124;116;75m=[38;2;28;24;15m.[38;2;120;115;60m=[38;2;220;212;97m#[38;2;185;166;59m*[38;2;151;123;31m=[38;2;102;83;23m-[38;2;95;79;25m-[38;2;93;75;22m-[38;2;91;72;22m-[38;2;93;73;25m-[38;2;87;68;19m:[38;2;102;78;23m-[38;2;148;116;33m=[38;2;192;171;67m*[38;2;220;205;87m#[38;2;94;82;37m-[38;2;52;50;31m:[38;2;98;90;51m-[38;2;13;13;13m [38;2;13;13;13m [38;2;13;13;13m [0m
[38;2;13;13;13m [38;2;13;13;13m [38;2;12;12;14m [38;2;124;113;68m=[38;2;28;23;15m.[38;2;158;153;77m+[38;2;254;246;108m%[38;2;203;178;55m*[38;2;152;115;21m=[38;2;162;123;30m=[38;2;159;120;27m=[38;2;155;114;25m=[38;2;162;115;30m=[38;2;163;114;29m=[38;2;148;103;23m=[38;2;149;105;26m=[38;2;150;109;27m=[38;2;209;180;62m*[38;2;241;208;69m#[38;2;121;109;44m=[38;2;52;49;30m:[38;2;99;94;54m-[38;2;13;13;13m [38;2;13;13;13m [38;2;13;13;13m [0m
[38;2;13;13;13m [38;2;13;13;13m [38;2;12;12;14m [38;2;123;115;67m=[38;2;29;24;15m.[38;2;156;147;56m+[38;2;250;237;95m%[38;2;200;169;51m*[38;2;155;106;23m=[38;2;155;104;26m=[38;2;154;103;27m=[38;2;153;99;25m=[38;2;154;95;24m=[38;2;158;102;29m=[38;2;146;98;22m=[38;2;143;97;22m=[38;2;140;96;20m=[38;2;196;156;47m*[38;2;242;216;87m#[38;2;124;118;54m=[38;2;50;46;28m:[38;2;98;90;49m-[38;2;13;13;13m [38;2;13;13;13m [38;2;13;13;13m [0m
[38;2;13;13;13m [38;2;13;13;13m [38;2;12;12;14m [38;2;122;112;62m=[38;2;28;23;14m.[38;2;156;149;61m+[38;2;244;210;77m#[38;2;208;161;55m*[38;2;166;106;32m=[38;2;161;94;27m=[38;2;148;85;23m-[38;2;152;89;26m-[38;2;157;93;29m=[38;2;153;96;26m=[38;2;154;97;28m=[38;2;144;95;24m=[38;2;147;100;27m=[38;2;201;168;57m*[38;2;243;222;90m%[38;2;122;110;48m=[38;2;50;46;27m:[38;2;98;91;48m-[38;2;13;13;13m [38;2;13;13;13m [38;2;13;13;13m [0m
[38;2;13;13;13m [38;2;13;13;13m [38;2;12;12;14m [38;2;123;112;61m=[38;2;28;23;13m.[38;2;156;149;71m+[38;2;251;228;104m%[38;2;209;157;56m*[38;2;171;100;35m=[38;2;163;91;31m=[38;2;148;83;23m-[38;2;147;82;22m-[38;2;145;82;24m-[38;2;140;82;21m-[38;2;139;85;23m-[38;2;139;89;25m-[38;2;132;87;20m-[38;2;193;162;51m*[38;2;241;220;82m%[38;2;124;112;49m=[38;2;48;44;24m:[38;2;98;91;48m-[38;2;13;13;13m [38;2;13;13;13m [38;2;13;13;13m [0m
[38;2;13;13;13m [38;2;13;13;13m [38;2;12;12;14m [38;2;124;113;62m=[38;2;28;22;13m.[38;2;160;151;67m+[38;2;253;237;105m%[38;2;209;164;60m*[38;2;166;99;34m=[38;2;144;101;61m=[38;2;148;108;73m=[38;2;127;76;31m-[38;2;157;123;93m+[38;2;115;72;27m-[38;2;136;103;67m=[38;2;130;96;57m=[38;2;123;79;19m-[38;2;195;162;53m*[38;2;246;220;85m%[38;2;122;112;48m=[38;2;50;46;25m:[38;2;94;86;43m-[38;2;13;13;13m [38;2;13;13;13m [38;2;13;13;13m [0m
[38;2;13;13;13m [38;2;13;13;13m [38;2;12;12;13m [38;2;121;110;57m=[38;2;26;22;14m.[38;2;156;143;53m+[38;2;242;215;80m#[38;2;204;164;57m*[38;2;150;95;28m=[38;2;178;160;139m*[38;2;202;191;180m#[38;2;113;75;46m-[38;2;255;253;251m@[38;2;107;76;47m-[38;2;195;185;174m#[38;2;176;160;144m*[38;2;117;74;19m-[38;2;193;157;53m*[38;2;245;220;89m%[38;2;122;111;49m=[38;2;50;44;22m:[38;2;92;80;36m-[38;2;13;13;13m [38;2;13;13;13m [38;2;13;13;13m [0m
[38;2;13;13;13m [38;2;13;13;13m [38;2;12;13;12m [38;2;117;101;48m=[38;2;27;21;13m.[38;2;156;145;56m+[38;2;252;238;95m%[38;2;196;166;50m*[38;2;141;92;24m-[38;2;176;158;138m*[38;2;202;190;181m#[38;2;111;74;45m-[38;2;255;254;250m@[38;2;100;69;41m-[38;2;193;183;172m#[38;2;174;159;142m*[38;2;108;65;14m:[38;2;185;144;44m+[38;2;235;194;69m#[38;2;121;106;44m=[38;2;49;42;22m.[38;2;91;80;37m-[38;2;13;13;13m [38;2;13;13;13m [38;2;13;13;13m [0m
[38;2;13;13;13m [38;2;13;13;13m [38;2;12;13;12m [38;2;117;102;49m=[38;2;27;21;14m.[38;2;158;148;58m+[38;2;254;235;90m%[38;2;197;166;51m*[38;2;145;98;26m=[38;2;178;161;139m*[38;2;201;189;180m#[38;2;109;74;45m-[38;2;255;254;251m@[38;2;102;72;43m-[38;2;192;183;172m*[38;2;175;160;144m*[38;2;110;69;18m-[38;2;183;137;40m+[38;2;232;193;71m#[38;2;122;106;45m=[38;2;49;41;21m.[38;2;92;79;37m-[38;2;13;13;13m [38;2;13;13;13m [38;2;13;13;13m [0m
[38;2;13;13;13m [38;2;13;13;13m [38;2;13;12;13m [38;2;119;103;49m=[38;2;27;22;15m.[38;2;155;144;54m+[38;2;250;221;80m%[38;2;198;161;49m*[38;2;143;96;26m=[38;2;177;162;139m*[38;2;201;189;181m#[38;2;107;74;45m-[38;2;255;254;251m@[38;2;96;65;39m:[38;2;192;183;173m#[38;2;175;161;144m*[38;2;107;67;16m-[38;2;177;133;38m+[38;2;220;173;53m*[38;2;121;102;40m=[38;2;50;43;23m:[38;2;92;79;38m-[38;2;13;13;13m [38;2;13;13;13m [38;2;13;13;13m [0m
[38;2;13;13;13m [38;2;13;13;13m [38;2;12;12;14m [38;2;119;104;50m=[38;2;27;22;13m.[38;2;151;133;47m+[38;2;242;203;68m#[38;2;193;157;50m*[38;2;137;90;28m-[38;2;177;161;139m*[38;2;199;190;179m#[38;2;103;72;43m-[38;2;255;254;250m@[38;2;97;68;40m-[38;2;193;184;173m#[38;2;178;162;146m*[38;2;111;72;19m-[38;2;176;138;37m+[38;2;209;163;42m*[38;2;112;94;32m-[38;2;47;41;20m.[38;2;90;75;33m-[38;2;13;13;13m [38;2;13;13;13m [38;2;13;13;13m [0m
[38;2;13;13;13m [38;2;13;13;13m [38;2;12;12;14m [38;2;117;101;47m=[38;2;27;21;13m.[38;2;141;121;39m=[38;2;230;196;61m#[38;2;185;148;45m+[38;2;138;91;28m-[38;2;171;151;125m+[38;2;183;171;155m*[38;2;103;73;39m-[38;2;232;227;218m%[38;2;100;67;37m-[38;2;178;166;151m*[38;2;167;151;129m+[38;2;102;65;16m:[38;2;174;137;36m+[38;2;209;168;44m*[38;2;109;94;30m-[38;2;45;39;19m.[38;2;88;73;32m-[38;2;13;13;13m [38;2;13;13;13m [38;2;13;13;13m [0m
[38;2;13;13;13m [38;2;13;13;13m [38;2;12;13;12m [38;2;114;99;46m-[38;2;26;21;12m.[38;2;138;117;37m=[38;2;215;179;50m*[38;2;181;145;44m+[38;2;138;92;24m-[38;2;111;72;18m-[38;2;106;67;17m-[38;2;111;69;17m-[38;2;111;71;19m-[38;2;114;74;19m-[38;2;112;73;21m-[38;2;110;72;20m-[38;2;105;73;15m-[38;2;172;138;35m+[38;2;209;170;45m*[38;2;110;94;31m-[38;2;48;40;21m.[38;2;88;72;32m-[38;2;13;13;13m [38;2;13;13;13m [38;2;13;13;13m [0m
[38;2;13;13;13m [38;2;13;13;13m [38;2;12;13;12m [38;2;114;101;47m=[38;2;25;21;12m.[38;2;121;108;43m=[38;2;206;170;45m*[38;2;174;139;37m+[38;2;150;114;31m=[38;2;132;94;25m-[38;2;126;84;20m-[38;2;121;78;17m-[38;2;122;80;19m-[38;2;128;84;22m-[38;2;127;82;22m-[38;2;110;77;17m-[38;2;114;83;19m-[38;2;173;140;37m+[38;2;211;175;49m*[38;2;96;79;32m-[38;2;47;40;22m.[38;2;86;71;30m-[38;2;13;13;13m [38;2;13;13;13m [38;2;13;13;13m [0m
[38;2;13;13;13m [38;2;13;13;13m [38;2;12;13;12m [38;2;78;73;40m-[38;2;92;78;37m-[38;2;19;17;12m.[38;2;150;136;61m+[38;2;173;143;38m+[38;2;111;86;22m-[38;2;111;85;22m-[38;2;127;95;21m-[38;2;118;84;17m-[38;2;109;75;16m-[38;2;117;82;20m-[38;2;121;88;22m-[38;2;95;72;17m-[38;2;98;74;19m-[38;2;178;143;40m+[38;2;137;117;47m=[38;2;14;14;11m [38;2;107;93;41m-[38;2;57;48;25m:[38;2;13;13;13m [38;2;13;13;13m [38;2;13;13;13m [0m
[38;2;13;13;13m [38;2;13;13;13m [38;2;13;13;13m [38;2;13;13;11m [38;2;96;88;50m-[38;2;95;84;42m-[38;2;15;18;11m.[38;2;102;87;39m-[38;2;25;23;12m.[38;2;27;24;14m.[38;2;122;100;28m=[38;2;125;100;22m=[38;2;116;87;19m-[38;2;108;80;15m-[38;2;95;73;23m-[38;2;22;19;12m.[38;2;29;26;14m.[38;2;89;77;33m-[38;2;17;14;10m.[38;2;108;96;41m-[38;2;78;66;34m:[38;2;13;13;12m [38;2;13;13;13m [38;2;13;13;13m [38;2;13;13;13m [0m
[38;2;13;13;13m [38;2;13;13;13m [38;2;13;13;13m [38;2;13;13;13m [38;2;13;13;13m [38;2;86;82;45m-[38;2;91;81;40m-[38;2;13;13;11m [38;2;82;70;35m:[38;2;119;104;47m=[38;2;28;24;10m.[38;2;114;96;26m-[38;2;136;111;28m=[38;2;102;79;21m-[38;2;22;20;12m.[38;2;136;126;53m=[38;2;62;46;25m:[38;2;15;12;11m [38;2;108;93;40m-[38;2;73;63;33m:[38;2;14;14;12m [38;2;13;13;13m [38;2;13;13;13m [38;2;13;13;13m [38;2;5;5;5m [0m
[38;2;5;5;5m [38;2;13;13;13m [38;2;13;13;13m [38;2;13;13;13m [38;2;13;13;13m [38;2;13;13;13m [38;2;82;78;42m-[38;2;103;88;42m-[38;2;18;14;11m.[38;2;91;59;35m:[38;2;101;78;39m-[38;2;29;24;13m.[38;2;90;74;23m-[38;2;24;20;13m.[38;2;107;86;43m-[38;2;85;56;33m:[38;2;20;12;10m [38;2;109;94;40m-[38;2;66;59;30m:[38;2;13;13;12m [38;2;12;13;13m [38;2;13;13;13m [38;2;13;13;13m [38;2;13;13;13m [38;2;5;5;5m [0m
[38;2;0;0;0m [38;2;5;5;5m [38;2;13;13;13m [38;2;13;13;13m [38;2;13;13;13m [38;2;13;13;13m [38;2;13;13;13m [38;2;79;73;42m-[38;2;103;91;42m-[38;2;14;12;9m [38;2;138;113;53m=[38;2;116;100;44m=[38;2;17;14;11m.[38;2;130;124;50m=[38;2;118;87;43m-[38;2;16;14;12m.[38;2;113;98;43m-[38;2;64;57;26m:[38;2;14;12;14m [38;2;13;13;13m [38;2;13;13;12m [38;2;13;13;13m [38;2;13;13;13m [38;2;5;5;5m [38;2;0;0;0m [0m
[38;2;0;0;0m [38;2;0;0;0m [38;2;5;5;5m [38;2;13;13;13m [38;2;13;13;13m [38;2;13;13;13m [38;2;13;13;13m [38;2;13;13;12m [38;2;73;69;43m:[38;2;100;86;43m-[38;2;23;16;10m.[38;2;57;30;22m.[38;2;26;19;17m.[38;2;54;31;23m.[38;2;22;15;12m.[38;2;111;94;39m-[38;2;61;52;27m:[38;2;13;13;12m [38;2;13;13;13m [38;2;13;13;13m [38;2;13;13;13m [38;2;13;13;13m [38;2;5;5;5m [38;2;0;0;0m [38;2;0;0;0m [0m
[38;2;0;0;0m [38;2;0;0;0m [38;2;0;0;0m [38;2;5;5;5m [38;2;13;13;13m [38;2;13;13;13m [38;2;13;13;13m [38;2;13;13;13m [38;2;13;13;13m [38;2;71;66;37m:[38;2;114;95;48m-[38;2;49;39;20m.[38;2;48;37;19m.[38;2;46;36;17m.[38;2;112;97;45m-[38;2;56;50;26m:[38;2;14;12;11m [38;2;14;13;12m [38;2;13;13;12m [38;2;13;13;12m [38;2;13;13;13m [38;2;5;5;5m [38;2;0;0;0m [38;2;0;0;0m [38;2;0;0;0m [0m
[38;2;0;0;0m [38;2;0;0;0m [38;2;0;0;0m [38;2;0;0;0m [38;2;5;5;5m [38;2;13;13;13m [38;2;13;13;13m [38;2;13;13;13m [38;2;13;13;13m [38;2;13;13;13m [38;2;55;51;36m:[38;2;86;77;46m-[38;2;85;72;47m-[38;2;84;73;42m-[38;2;46;43;29m:[38;2;13;13;12m [38;2;13;13;13m [38;2;13;13;13m [38;2;13;13;13m [38;2;13;13;13m [38;2;5;5;5m [38;2;0;0;0m [38;2;0;0;0m [38;2;0;0;0m [38;2;0;0;0m [0m
[38;2;0;0;0m [38;2;0;0;0m [38;2;0;0;0m [38;2;0;0;0m [38;2;0;0;0m [38;2;6;6;6m [38;2;13;13;13m [38;2;13;13;13m [38;2;13;13;13m [38;2;13;13;13m [38;2;14;14;14m [38;2;14;14;14m [38;2;13;13;14m [38;2;14;14;14m [38;2;14;14;14m [38;2;13;13;13m [38;2;13;13;13m [38;2;13;13;13m [38;2;6;6;6m [38;2;0;0;0m [38;2;0;0;0m [38;2;0;0;0m [38;2;0;0;0m [38;2;0;0;0m [38;2;0;0;0m [0m
[38;2;0;0;0m [38;2;0;0;0m [38;2;0;0;0m [38;2;0;0;0m [38;2;0;0;0m [38;2;0;0;0m [38;2;6;6;6m [38;2;13;13;13m [38;2;13;13;13m [38;2;13;13;13m [38;2;13;13;13m [38;2;13;13;13m [38;2;13;13;13m [38;2;13;13;13m [38;2;13;13;13m [38;2;13;13;13m [38;2;13;13;13m [38;2;6;6;6m [38;2;0;0;0m [38;2;0;0;0m [38;2;0;0;0m [38;2;0;0;0m [38;2;0;0;0m [38;2;0;0;0m [38;2;0;0;0m [0m
[38;2;0;0;0m [38;2;0;0;0m [38;2;0;0;0m [38;2;0;0;0m [38;2;0;0;0m [38;2;0;0;0m [38;2;0;0;0m [38;2;6;6;6m [38;2;13;13;13m [38;2;13;13;13m [38;2;13;13;13m [38;2;13;13;13m [38;2;13;13;13m [38;2;13;13;13m [38;2;13;13;13m [38;2;13;13;13m [38;2;6;6;6m [38;2;0;0;0m [38;2;0;0;0m [38;2;0;0;0m [38;2;0;0;0m [38;2;0;0;0m [38;2;0;0;0m [38;2;0;0;0m [38;2;0;0;0m [0m
