[38;2;5;5;5m [38;2;13;13;13m [38;2;13;13;13m [38;2;13;13;13m [38;2;13;13;13m [38;2;13;13;13m [38;2;13;13;13m [38;2;13;13;13m [38;2;13;13;13m [38;2;13;13;13m [38;2;13;13;13m [38;2;13;13;13m [38;2;13;13;13m [38;2;13;13;13m [38;2;13;13;13m [38;2;13;13;13m [38;2;13;13;13m [38;2;13;13;13m [38;2;13;13;13m [38;2;13;13;13m [38;2;13;13;13m [38;2;13;13;13m [38;2;13;13;13m [38;2;13;13;13m [38;2;5;5;5m [0m
[38;2;13;13;13m [38;2;13;13;13m [38;2;13;13;13m [38;2;13;13;13m [38;2;13;13;13m [38;2;13;13;13m [38;2;13;13;13m [38;2;13;13;13m [38;2;13;13;13m [38;2;13;13;13m [38;2;13;13;13m [38;2;13;13;13m [38;2;13;13;13m [38;2;13;13;13m [38;2;13;13;13m [38;2;13;13;13m [38;2;13;13;13m [38;2;13;13;13m [38;2;13;13;13m [38;2;13;13;13m [38;2;13;13;13m [38;2;13;13;12m [38;2;13;13;13m [38;2;13;13;13m [38;2;13;13;13m [0m
[38;2;13;13;13m [38;2;13;13;13m [38;2;13;13;13m [38;2;14;12;11m [38;2;24;20;13m.[38;2;24;20;14m.[38;2;25;21;15m.[38;2;25;21;15m.[38;2;25;20;15m.[38;2;25;20;14m.[38;2;24;20;14m.[38;2;25;21;14m.[38;2;26;22;15m.[38;2;26;22;14m.[38;2;24;21;13m.[38;2;25;21;14m.[38;2;26;21;15m.[38;2;24;20;14m.[38;2;23;20;14m.[38;2;24;21;15m.[38;2;23;21;14m.[38;2;13;13;11m [38;2;13;13;13m [38;2;13;13;13m [38;2;13;13;13m [0m
[38;2;13;13;13m [38;2;13;13;13m [38;2;13;13;13m [38;2;97;89;51m-[38;2;133;117;65m=[38;2;122;110;62m=[38;2;124;114;64m=[38;2;128;116;67m=[38;2;126;116;66m=[38;2;125;114;60m=[38;2;126;116;59m=[38;2;151;143;75m+[38;2;231;224;119m%[38;2;142;130;67m+[38;2;125;113;58m=[38;2;125;114;57m=[38;2;127;115;58m=[38;2;124;112;55m=[38;2;125;113;58m=[38;2;124;111;59m=[38;2;144;133;68m+[38;2;72;67;35m:[38;2;13;13;13m [38;2;13;13;13m [38;2;13;13;13m [0m
[38;2;13;13;13m [38;2;13;13;13m [38;2;13;13;14m [38;2;126;117;69m=[38;2;29;24;14m.[38;2;13;13;12m [38;2;14;13;12m [38;2;14;13;12m [38;2;14;13;12m [38;2;13;13;13m [38;2;13;13;13m [38;2;14;13;13m [38;2;25;26;17m.[38;2;14;14;12m [38;2;14;14;14m [38;2;14;13;14m [38;2;14;13;11m [38;2;14;13;11m [38;2;14;13;11m [38;2;12;13;13m [38;2;54;51;32m:[38;2;97;90;50m-[38;2;13;13;13m [38;2;13;13;13m [38;2;13;13;13m [0m
[38;2;13;13;13m [38;2;13;13;13m [38;2;13;13;14m [38;2;125;115;67m=[38;2;28;23;14m.[38;2;121;112;57m=[38;2;217;209;98m#[38;2;188;163;72m*[38;2;156;113;30m=[38;2;107;81;27m-[38;2;100;77;27m-[38;2;97;71;23m-[38;2;91;68;21m:[38;2;91;69;24m:[38;2;88;67;21m:[38;2;105;80;23m-[38;2;144;110;28m=[38;2;192;168;65m*[38;2;221;205;78m#[38;2;96;88;39m-[38;2;51;50;30m:[38;2;98;92;52m-[38;2;13;13;13m [38;2;13;13;13m [38;2;13;13;13m [0m
[38;2;13;13;13m [38;2;13;13;13m [38;2;13;13;14m [38;2;121;111;59m=[38;2;28;23;13m.[38;2;162;155;74m+[38;2;253;248;113m%[38;2;212;181;73m*[38;2;165;110;25m=[38;2;170;115;32m=[38;2;172;116;34m=[38;2;167;110;31m=[38;2;166;108;30m=[38;2;163;110;29m=[38;2;152;103;24m=[38;2;152;104;26m=[38;2;150;105;24m=[38;2;206;184;67m*[38;2;251;230;87m%[38;2;125;117;49m=[38;2;51;50;30m:[38;2;99;93;53m-[38;2;13;13;13m [38;2;13;13;13m [38;2;13;13;13m [0m
[38;2;13;13;13m [38;2;13;13;13m [38;2;13;13;14m [38;2;122;113;60m=[38;2;27;23;13m.[38;2;165;154;70m+[38;2;252;237;103m%[38;2;205;173;65m*[38;2;168;107;30m=[38;2;172;107;33m=[38;2;167;104;30m=[38;2;158;97;24m=[38;2;161;98;31m=[38;2;155;95;27m=[38;2;151;95;24m=[38;2;152;99;27m=[38;2;144;95;22m=[38;2;202;174;57m*[38;2;250;227;81m%[38;2;125;116;50m=[38;2;52;48;28m:[38;2;96;89;47m-[38;2;13;13;13m [38;2;13;13;13m [38;2;13;13;13m [0m
[38;2;13;13;13m [38;2;13;13;13m [38;2;13;13;14m [38;2;121;112;59m=[38;2;27;23;14m.[38;2;161;141;57m+[38;2;251;218;83m%[38;2;208;167;60m*[38;2;169;104;33m=[38;2;162;95;28m=[38;2;162;96;29m=[38;2;155;88;25m-[38;2;155;90;27m=[38;2;152;89;25m-[38;2;149;87;25m-[38;2;143;86;22m-[38;2;137;87;18m-[38;2;193;155;44m+[38;2;243;211;71m#[38;2;122;110;43m=[38;2;52;47;26m:[38;2;92;84;40m-[38;2;13;13;13m [38;2;13;13;13m [38;2;13;13;13m [0m
[38;2;13;13;13m [38;2;13;13;13m [38;2;13;13;14m [38;2;123;113;60m=[38;2;27;23;13m.[38;2;160;143;55m+[38;2;246;203;71m#[38;2;198;147;46m+[38;2;158;93;30m=[38;2;156;87;26m-[38;2;158;89;29m=[38;2;152;86;28m-[38;2;135;77;28m-[38;2;154;87;30m-[38;2;153;88;29m-[38;2;141;83;22m-[38;2;141;89;24m-[38;2;188;148;41m+[38;2;239;199;65m#[38;2;123;107;43m=[38;2;52;46;26m:[38;2;91;82;40m-[38;2;13;13;13m [38;2;13;13;13m [38;2;13;13;13m [0m
[38;2;13;13;13m [38;2;13;13;13m [38;2;13;13;14m [38;2;117;106;53m=[38;2;26;22;14m.[38;2;158;139;53m+[38;2;239;194;63m#[38;2;188;140;38m+[38;2;143;84;21m-[38;2;149;83;23m-[38;2;150;83;25m-[38;2;126;67;19m-[38;2;158;134;111m+[38;2;131;72;22m-[38;2;141;80;23m-[38;2;137;80;21m-[38;2;145;92;28m-[38;2;197;155;49m*[38;2;235;193;63m#[38;2;119;102;40m=[38;2;51;46;26m:[38;2;93;82;40m-[38;2;13;13;13m [38;2;13;13;13m [38;2;13;13;13m [0m
[38;2;13;13;13m [38;2;13;13;13m [38;2;13;13;14m [38;2;119;106;50m=[38;2;26;22;13m.[38;2;152;132;46m+[38;2;237;190;60m#[38;2;188;144;43m+[38;2;149;91;24m-[38;2;142;79;20m-[38;2;138;74;20m-[38;2;116;74;39m-[38;2;246;242;237m@[38;2;114;68;28m-[38;2;134;75;20m-[38;2;132;77;21m-[38;2;133;82;21m-[38;2;191;149;44m+[38;2;240;198;67m#[38;2;120;102;40m=[38;2;50;44;23m:[38;2;96;85;41m-[38;2;13;13;13m [38;2;13;13;13m [38;2;13;13;13m [0m
[38;2;13;13;13m [38;2;13;13;13m [38;2;12;13;12m [38;2;117;104;50m=[38;2;27;21;14m.[38;2;149;132;44m+[38;2;241;208;76m#[38;2;197;159;58m*[38;2;146;99;44m=[38;2;136;91;50m-[38;2;124;81;44m-[38;2;160;140;121m+[38;2;253;254;253m@[38;2;148;123;103m=[38;2;121;82;47m-[38;2;119;84;46m-[38;2;116;79;32m-[38;2;185;146;43m+[38;2;229;181;62m*[38;2;118;97;38m-[38;2;51;45;25m:[38;2;95;84;40m-[38;2;13;13;13m [38;2;13;13;13m [38;2;13;13;13m [0m
[38;2;13;13;13m [38;2;13;13;13m [38;2;12;12;13m [38;2;117;103;48m=[38;2;27;21;14m.[38;2;146;126;42m=[38;2;235;192;61m#[38;2;187;147;46m+[38;2;138;98;49m=[38;2;214;206;192m#[38;2;255;254;252m@[38;2;255;254;254m@[38;2;254;255;255m@[38;2;254;254;254m@[38;2;255;253;253m@[38;2;198;189;177m#[38;2;106;73;32m-[38;2;178;131;39m+[38;2;221;169;53m*[38;2;114;93;36m-[38;2;49;45;25m:[38;2;92;82;37m-[38;2;13;13;13m [38;2;13;13;13m [38;2;13;13;13m [0m
[38;2;13;13;13m [38;2;13;13;13m [38;2;12;13;12m [38;2;117;103;49m=[38;2;27;21;14m.[38;2;147;131;47m+[38;2;231;188;57m#[38;2;194;156;50m*[38;2;139;87;21m-[38;2;115;72;25m-[38;2;171;157;141m*[38;2;254;255;254m@[38;2;255;255;255m@[38;2;254;255;254m@[38;2;158;139;123m+[38;2;103;60;18m:[38;2;117;74;17m-[38;2;184;136;41m+[38;2;211;158;48m*[38;2;111;89;33m-[38;2;50;45;25m:[38;2;93;82;37m-[38;2;13;13;13m [38;2;13;13;13m [38;2;13;13;13m [0m
[38;2;13;13;13m [38;2;13;13;13m [38;2;12;13;12m [38;2;113;96;44m-[38;2;26;22;14m.[38;2;153;136;55m+[38;2;237;202;69m#[38;2;193;155;51m+[38;2;146;95;25m=[38;2;131;79;24m-[38;2;156;131;106m+[38;2;254;255;254m@[38;2;254;253;253m@[38;2;255;254;254m@[38;2;140;113;83m=[38;2;119;71;20m-[38;2;120;77;18m-[38;2;178;132;39m+[38;2;210;163;48m*[38;2;113;90;36m-[38;2;49;43;23m:[38;2;94;82;37m-[38;2;13;13;13m [38;2;13;13;13m [38;2;13;13;13m [0m
[38;2;13;13;13m [38;2;13;13;13m [38;2;12;13;12m [38;2;114;98;46m-[38;2;25;21;13m.[38;2;153;138;53m+[38;2;235;195;63m#[38;2;189;148;45m+[38;2;146;98;27m=[38;2;113;71;19m-[38;2;199;189;177m#[38;2;190;178;165m*[38;2;99;72;44m-[38;2;199;192;182m#[38;2;184;171;153m*[38;2;113;66;18m-[38;2;121;78;18m-[38;2;176;131;39m+[38;2;204;157;42m*[38;2;112;88;35m-[38;2;47;41;21m.[38;2;93;80;36m-[38;2;13;13;13m [38;2;13;13;13m [38;2;13;13;13m [0m
[38;2;13;13;13m [38;2;13;13;13m [38;2;12;13;12m [38;2;105;89;39m-[38;2;25;21;12m.[38;2;145;125;43m=[38;2;235;197;62m#[38;2;176;140;37m+[38;2;134;91;22m-[38;2;108;72;22m-[38;2;137;119;91m=[38;2;95;57;13m:[38;2;126;76;24m-[38;2;108;66;22m-[38;2;152;128;100m+[38;2;116;72;25m-[38;2;113;70;16m-[38;2;170;127;34m+[38;2;210;155;46m*[38;2;111;87;32m-[38;2;48;40;21m.[38;2;89;76;32m-[38;2;13;13;13m [38;2;13;13;13m [38;2;13;13;13m [0m
[38;2;13;13;13m [38;2;13;13;13m [38;2;12;13;12m [38;2;103;86;37m-[38;2;27;21;13m.[38;2;125;108;44m=[38;2;226;190;59m#[38;2;177;142;38m+[38;2;138;100;26m=[38;2;136;96;27m=[38;2;123;80;21m-[38;2;133;85;24m-[38;2;144;88;28m-[38;2;149;92;32m=[38;2;138;87;28m-[38;2;123;81;21m-[38;2;128;88;21m-[38;2;176;136;41m+[38;2;197;154;40m+[38;2;92;74;32m-[38;2;47;41;19m.[38;2;88;75;34m-[38;2;13;13;13m [38;2;13;13;13m [38;2;13;13;13m [0m
[38;2;13;13;13m [38;2;13;13;13m [38;2;12;12;14m [38;2;76;68;35m:[38;2;92;80;37m-[38;2;16;17;12m.[38;2;146;130;49m+[38;2;176;143;40m+[38;2;116;88;21m-[38;2;126;96;28m-[38;2;145;105;26m=[38;2;141;98;28m=[38;2;132;88;23m-[38;2;165;110;40m=[38;2;137;97;26m=[38;2;99;76;19m-[38;2;133;98;33m=[38;2;183;143;44m+[38;2;124;101;39m=[38;2;16;15;10m.[38;2;109;91;39m-[38;2;57;50;25m:[38;2;13;13;13m [38;2;13;13;13m [38;2;13;13;13m [0m
[38;2;13;13;13m [38;2;13;13;13m [38;2;13;13;13m [38;2;13;14;12m [38;2;96;88;46m-[38;2;93;82;38m-[38;2;18;18;11m.[38;2;104;87;41m-[38;2;26;23;13m.[38;2;28;24;13m.[38;2;123;94;28m-[38;2;130;95;20m-[38;2;120;85;17m-[38;2;134;100;25m=[38;2;115;88;27m-[38;2;22;18;10m.[38;2;35;27;16m.[38;2;103;83;36m-[38;2;16;14;9m [38;2;107;94;41m-[38;2;76;66;34m:[38;2;12;13;12m [38;2;13;13;13m [38;2;13;13;13m [38;2;13;13;13m [0m
[38;2;13;13;13m [38;2;13;13;13m [38;2;13;13;13m [38;2;13;13;13m [38;2;15;13;13m [38;2;88;84;46m-[38;2;95;83;38m-[38;2;15;13;12m [38;2;80;70;34m:[38;2;119;103;47m=[38;2;29;24;11m.[38;2;126;99;31m=[38;2;130;99;21m=[38;2;104;80;20m-[38;2;23;19;12m.[38;2;138;128;54m=[38;2;62;47;26m:[38;2;15;12;13m [38;2;106;91;37m-[38;2;70;62;32m:[38;2;13;14;12m [38;2;14;13;12m [38;2;13;13;13m [38;2;13;13;13m [38;2;5;5;5m [0m
[38;2;5;5;5m [38;2;13;13;13m [38;2;13;13;13m [38;2;13;13;13m [38;2;13;13;13m [38;2;13;13;13m [38;2;83;79;47m-[38;2;100;85;39m-[38;2;20;15;12m.[38;2;92;61;34m:[38;2;99;79;38m-[38;2;29;24;11m.[38;2;93;72;25m-[38;2;22;20;11m.[38;2;108;86;42m-[38;2;85;55;31m:[38;2;17;14;10m.[38;2;111;95;40m-[38;2;65;58;29m:[38;2;13;13;13m [38;2;13;13;12m [38;2;13;13;13m [38;2;13;13;13m [38;2;13;13;13m [38;2;5;5;5m [0m
[38;2;0;0;0m [38;2;5;5;5m [38;2;13;13;13m [38;2;13;13;13m [38;2;13;13;13m [38;2;13;13;13m [38;2;13;13;13m [38;2;78;74;46m-[38;2;100;87;41m-[38;2;15;14;13m [38;2;139;111;51m=[38;2;117;99;44m-[38;2;16;13;11m [38;2;133;121;51m=[38;2;119;88;45m-[38;2;15;14;12m [38;2;114;97;41m-[38;2;64;56;29m:[38;2;14;13;14m [38;2;14;13;13m [38;2;13;13;13m [38;2;13;13;13m [38;2;13;13;13m [38;2;5;5;5m [38;2;0;0;0m [0m
[38;2;0;0;0m [38;2;0;0;0m [38;2;5;5;5m [38;2;13;13;13m [38;2;13;13;13m [38;2;13;13;13m [38;2;13;13;13m [38;2;13;13;13m [38;2;73;70;42m:[38;2;109;96;47m-[38;2;23;15;12m.[38;2;56;32;23m.[38;2;26;21;18m.[38;2;54;29;23m.[38;2;21;13;11m.[38;2;114;97;39m-[38;2;62;52;26m:[38;2;14;13;12m [38;2;13;13;13m [38;2;13;13;13m [38;2;13;13;13m [38;2;13;13;13m [38;2;5;5;5m [38;2;0;0;0m [38;2;0;0;0m [0m
[38;2;0;0;0m [38;2;0;0;0m [38;2;0;0;0m [38;2;5;5;5m [38;2;13;13;13m [38;2;13;13;13m [38;2;13;13;13m [38;2;13;13;13m [38;2;13;13;13m [38;2;68;63;38m:[38;2;114;95;47m-[38;2;47;35;18m.[38;2;47;35;17m.[38;2;48;35;14m.[38;2;114;93;39m-[38;2;57;49;26m:[38;2;13;13;11m [38;2;13;13;13m [38;2;13;13;13m [38;2;13;13;13m [38;2;13;13;13m [38;2;5;5;5m [38;2;0;0;0m [38;2;0;0;0m [38;2;0;0;0m [0m
[38;2;0;0;0m [38;2;0;0;0m [38;2;0;0;0m [38;2;0;0;0m [38;2;5;5;5m [38;2;13;13;13m [38;2;13;13;13m [38;2;13;13;13m [38;2;13;13;13m [38;2;13;13;13m [38;2;54;51;32m:[38;2;86;71;42m-[38;2;84;69;39m:[38;2;84;71;43m-[38;2;45;42;26m.[38;2;13;12;12m [38;2;13;13;13m [38;2;13;13;13m [38;2;13;13;13m [38;2;13;13;13m [38;2;5;5;5m [38;2;0;0;0m [38;2;0;0;0m [38;2;0;0;0m [38;2;0;0;0m [0m
[38;2;0;0;0m [38;2;0;0;0m [38;2;0;0;0m [38;2;0;0;0m [38;2;0;0;0m [38;2;6;6;6m [38;2;13;13;13m [38;2;13;13;13m [38;2;13;13;13m [38;2;13;13;13m [38;2;14;14;14m [38;2;14;14;14m [38;2;14;14;14m [38;2;14;14;14m [38;2;14;14;14m [38;2;13;13;13m [38;2;13;13;13m [38;2;13;13;13m [38;2;6;6;6m [38;2;0;0;0m [38;2;0;0;0m [38;2;0;0;0m [38;2;0;0;0m [38;2;0;0;0m [38;2;0;0;0m [0m
[38;2;0;0;0m [38;2;0;0;0m [38;2;0;0;0m [38;2;0;0;0m [38;2;0;0;0m [38;2;0;0;0m [38;2;6;6;6m [38;2;13;13;13m [38;2;13;13;13m [38;2;13;13;13m [38;2;13;13;13m [38;2;13;13;13m [38;2;13;13;13m [38;2;13;13;13m [38;2;13;13;13m [38;2;13;13;13m [38;2;13;13;13m [38;2;6;6;6m [38;2;0;0;0m [38;2;0;0;0m [38;2;0;0;0m [38;2;0;0;0m [38;2;0;0;0m [38;2;0;0;0m [38;2;0;0;0m [0m
[38;2;0;0;0m [38;2;0;0;0m [38;2;0;0;0m [38;2;0;0;0m [38;2;0;0;0m [38;2;0;0;0m [38;2;0;0;0m [38;2;6;6;6m [38;2;13;13;13m [38;2;13;13;13m [38;2;13;13;13m [38;2;13;13;13m [38;2;13;13;13m [38;2;13;13;13m [38;2;13;13;13m [38;2;13;13;13m [38;2;6;6;6m [38;2;0;0;0m [38;2;0;0;0m [38;2;0;0;0m [38;2;0;0;0m [38;2;0;0;0m [38;2;0;0;0m [38;2;0;0;0m [38;2;0;0;0m [0m
