[38;2;5;5;5m [38;2;13;13;13m [38;2;13;13;13m [38;2;13;13;13m [38;2;13;13;13m [38;2;13;13;13m [38;2;13;13;13m [38;2;13;13;13m [38;2;13;13;13m [38;2;13;13;13m [38;2;13;13;13m [38;2;13;13;13m [38;2;13;13;13m [38;2;13;13;13m [38;2;13;13;13m [38;2;13;13;13m [38;2;13;13;13m [38;2;13;13;13m [38;2;13;13;13m [38;2;13;13;13m [38;2;13;13;13m [38;2;13;13;13m [38;2;13;13;13m [38;2;13;13;13m [38;2;5;5;5m [0m
[38;2;13;13;13m [38;2;13;13;13m [38;2;13;13;13m [38;2;13;13;13m [38;2;13;13;13m [38;2;13;13;13m [38;2;13;13;13m [38;2;13;13;13m [38;2;13;13;13m [38;2;13;13;13m [38;2;13;13;13m [38;2;13;13;13m [38;2;13;13;13m [38;2;13;13;13m [38;2;13;13;13m [38;2;13;13;13m [38;2;13;13;13m [38;2;13;13;13m [38;2;13;13;13m [38;2;13;13;13m [38;2;13;13;13m [38;2;13;13;12m [38;2;13;13;13m [38;2;13;13;13m [38;2;13;13;13m [0m
[38;2;13;13;13m [38;2;13;13;13m [38;2;13;13;13m [38;2;14;12;11m [38;2;25;22;15m.[38;2;26;22;15m.[38;2;26;22;15m.[38;2;24;20;14m.[38;2;25;21;14m.[38;2;25;21;14m.[38;2;25;21;14m.[38;2;25;21;14m.[38;2;25;21;14m.[38;2;25;21;14m.[38;2;25;21;14m.[38;2;25;21;14m.[38;2;25;21;14m.[38;2;25;20;14m.[38;2;25;21;14m.[38;2;25;21;14m.[38;2;23;21;14m.[38;2;13;13;11m [38;2;13;13;13m [38;2;13;13;13m [38;2;13;13;13m [0m
[38;2;13;13;13m [38;2;13;13;13m [38;2;13;13;13m [38;2;95;86;47m-[38;2;133;120;68m=[38;2;128;117;66m=[38;2;128;116;66m=[38;2;126;115;64m=[38;2;125;115;62m=[38;2;124;115;61m=[38;2;127;116;63m=[38;2;150;138;74m+[38;2;229;221;123m%[38;2;141;129;66m=[38;2;122;111;58m=[38;2;124;113;60m=[38;2;123;113;60m=[38;2;125;114;61m=[38;2;126;116;63m=[38;2;123;111;56m=[38;2;146;129;67m+[38;2;73;66;37m:[38;2;13;13;13m [38;2;13;13;13m [38;2;13;13;13m [0m
[38;2;13;13;13m [38;2;13;13;13m [38;2;13;13;14m [38;2;123;113;63m=[38;2;28;24;16m.[38;2;14;13;14m [38;2;14;13;11m [38;2;14;13;11m [38;2;14;13;11m [38;2;13;13;13m [38;2;13;13;13m [38;2;14;14;13m [38;2;26;24;17m.[38;2;13;13;11m [38;2;13;12;13m [38;2;13;12;13m [38;2;13;13;11m [38;2;13;13;9m [38;2;13;13;11m [38;2;12;12;13m [38;2;54;52;33m:[38;2;97;90;51m-[38;2;13;13;13m [38;2;13;13;13m [38;2;13;13;13m [0m
[38;2;13;13;13m [38;2;13;13;13m [38;2;13;13;14m [38;2;124;113;66m=[38;2;28;24;16m.[38;2;120;113;49m=[38;2;219;216;95m#[38;2;187;169;61m*[38;2;155;126;33m=[38;2;106;82;26m-[38;2;92;71;21m-[38;2;91;69;20m:[38;2;87;68;18m:[38;2;89;72;21m-[38;2;89;73;22m-[38;2;102;84;26m-[38;2;144;117;33m=[38;2;186;166;58m*[38;2;222;210;85m#[38;2;95;91;42m-[38;2;52;50;33m:[38;2;97;90;50m-[38;2;13;13;13m [38;2;13;13;13m [38;2;13;13;13m [0m
[38;2;13;13;13m [38;2;13;13;13m [38;2;12;12;14m [38;2;125;114;66m=[38;2;29;24;15m.[38;2;160;154;69m+[38;2;254;251;111m@[38;2;207;183;64m*[38;2;157;115;25m=[38;2;161;115;28m=[38;2;161;112;27m=[38;2;157;109;27m=[38;2;149;103;21m=[38;2;157;113;27m=[38;2;160;119;31m=[38;2;152;114;26m=[38;2;151;113;27m=[38;2;208;186;62m*[38;2;251;238;91m%[38;2;124;121;50m=[38;2;52;46;28m:[38;2;93;84;42m-[38;2;13;13;13m [38;2;13;13;13m [38;2;13;13;13m [0m
[38;2;13;13;13m [38;2;13;13;13m [38;2;12;12;14m [38;2;124;114;65m=[38;2;29;24;14m.[38;2;156;149;66m+[38;2;254;245;100m%[38;2;203;172;55m*[38;2;164;113;31m=[38;2;155;103;25m=[38;2;162;106;31m=[38;2;159;100;29m=[38;2;148;93;23m=[38;2;152;98;25m=[38;2;160;107;31m=[38;2;149;101;24m=[38;2;149;104;26m=[38;2;200;172;54m*[38;2;246;227;83m%[38;2;124;116;48m=[38;2;52;47;27m:[38;2;93;85;42m-[38;2;13;13;13m [38;2;13;13;13m [38;2;13;13;13m [0m
[38;2;13;13;13m [38;2;13;13;13m [38;2;12;12;14m [38;2;123;112;64m=[38;2;27;22;12m.[38;2;154;148;62m+[38;2;254;240;100m%[38;2;202;164;53m*[38;2;166;106;30m=[38;2;162;101;30m=[38;2;156;95;26m=[38;2;147;87;20m-[38;2;140;81;18m-[38;2;142;86;21m-[38;2;140;84;18m-[38;2;145;90;25m-[38;2;148;99;27m=[38;2;202;165;52m*[38;2;238;208;70m#[38;2;123;113;47m=[38;2;53;47;26m:[38;2;93;84;41m-[38;2;13;13;13m [38;2;13;13;13m [38;2;13;13;13m [0m
[38;2;13;13;13m [38;2;13;13;13m [38;2;12;12;14m [38;2;121;110;56m=[38;2;26;23;13m.[38;2;155;143;59m+[38;2;252;241;104m%[38;2;204;167;56m*[38;2;156;96;26m=[38;2;155;94;26m=[38;2;154;92;29m=[38;2;138;80;20m-[38;2;144;83;24m-[38;2;138;79;20m-[38;2;138;81;21m-[38;2;141;87;24m-[38;2;146;97;28m=[38;2;193;154;45m+[38;2;235;200;63m#[38;2;121;108;40m=[38;2;51;45;26m:[38;2;93;83;42m-[38;2;13;13;13m [38;2;13;13;13m [38;2;13;13;13m [0m
[38;2;13;13;13m [38;2;13;13;13m [38;2;13;13;14m [38;2;120;108;54m=[38;2;26;23;14m.[38;2;154;142;56m+[38;2;251;231;88m%[38;2;200;158;51m*[38;2;155;94;25m=[38;2;148;88;23m-[38;2;128;83;38m-[38;2;154;124;91m+[38;2;114;65;21m-[38;2;149;115;85m=[38;2;134;95;52m=[38;2;138;84;26m-[38;2;133;86;20m-[38;2;185;149;41m+[38;2;243;206;71m#[38;2;122;107;45m=[38;2;51;45;24m:[38;2;95;86;44m-[38;2;13;13;13m [38;2;13;13;13m [38;2;13;13;13m [0m
[38;2;13;13;13m [38;2;13;13;13m [38;2;13;13;13m [38;2;119;106;53m=[38;2;27;21;12m.[38;2;151;141;54m+[38;2;245;210;71m#[38;2;185;142;38m+[38;2;141;84;21m-[38;2;137;78;19m-[38;2;139;106;74m=[38;2;252;250;247m@[38;2;82;48;18m:[38;2;222;218;209m%[38;2;154;131;109m+[38;2;122;72;19m-[38;2;136;87;23m-[38;2;195;156;47m*[38;2;244;209;71m#[38;2;118;104;39m=[38;2;51;47;25m:[38;2;94;83;40m-[38;2;13;13;13m [38;2;13;13;13m [38;2;13;13;13m [0m
[38;2;13;13;13m [38;2;13;13;13m [38;2;12;13;12m [38;2;118;106;53m=[38;2;26;21;12m.[38;2;151;131;46m+[38;2;243;204;65m#[38;2;187;144;41m+[38;2;129;76;16m-[38;2;128;72;17m-[38;2;137;105;74m=[38;2;251;250;245m@[38;2;85;52;19m:[38;2;222;217;209m%[38;2;153;131;110m+[38;2;125;76;20m-[38;2;135;87;23m-[38;2;199;164;51m*[38;2;239;205;68m#[38;2;114;98;33m-[38;2;48;43;24m:[38;2;94;82;38m-[38;2;13;13;13m [38;2;13;13;13m [38;2;13;13;13m [0m
[38;2;13;13;13m [38;2;13;13;13m [38;2;12;13;12m [38;2;117;103;51m=[38;2;26;22;14m.[38;2;152;133;46m+[38;2;241;200;66m#[38;2;196;153;48m+[38;2;151;96;26m=[38;2;138;82;21m-[38;2;137;106;73m=[38;2;251;250;246m@[38;2;77;46;17m:[38;2;222;217;210m%[38;2;152;131;107m+[38;2;122;74;18m-[38;2;131;87;22m-[38;2;190;153;45m+[38;2;238;199;66m#[38;2;115;98;34m-[38;2;50;44;26m:[38;2;94;82;39m-[38;2;13;13;13m [38;2;13;13;13m [38;2;13;13;13m [0m
[38;2;13;13;13m [38;2;13;13;13m [38;2;12;13;12m [38;2;115;101;49m=[38;2;27;21;13m.[38;2;150;133;45m+[38;2;240;199;65m#[38;2;188;146;42m+[38;2;150;96;27m=[38;2;135;82;20m-[38;2;138;107;76m=[38;2;251;249;246m@[38;2;75;45;15m:[38;2;222;217;210m%[38;2;153;132;108m+[38;2;133;83;25m-[38;2;122;77;19m-[38;2;178;138;37m+[38;2;220;176;49m*[38;2;113;95;33m-[38;2;50;42;25m.[38;2;90;77;34m-[38;2;13;13;13m [38;2;13;13;13m [38;2;13;13;13m [0m
[38;2;13;13;13m [38;2;13;13;13m [38;2;12;13;12m [38;2;116;102;50m=[38;2;27;21;12m.[38;2;151;134;50m+[38;2;234;196;58m#[38;2;189;151;44m+[38;2;142;94;24m-[38;2;133;83;22m-[38;2;136;108;76m=[38;2;251;250;246m@[38;2;77;47;17m:[38;2;223;217;211m%[38;2;157;134;113m+[38;2;126;78;22m-[38;2;126;82;20m-[38;2;181;141;37m+[38;2;218;177;49m*[38;2;114;97;35m-[38;2;50;42;25m.[38;2;91;77;33m-[38;2;13;13;13m [38;2;13;13;13m [38;2;13;13;13m [0m
[38;2;13;13;13m [38;2;13;13;13m [38;2;13;13;12m [38;2;108;93;41m-[38;2;26;21;12m.[38;2;150;135;50m+[38;2;233;200;60m#[38;2;182;148;41m+[38;2;133;88;18m-[38;2;132;83;22m-[38;2;133;102;67m=[38;2;228;223;214m%[38;2;81;48;16m:[38;2;203;194;184m#[38;2;143;119;94m=[38;2;117;74;17m-[38;2;131;89;23m-[38;2;184;143;38m+[38;2;220;180;51m*[38;2;116;99;37m-[38;2;49;40;24m.[38;2;92;78;35m-[38;2;13;13;13m [38;2;13;13;13m [38;2;13;13;13m [0m
[38;2;13;13;13m [38;2;13;13;13m [38;2;13;13;12m [38;2;109;93;41m-[38;2;25;21;12m.[38;2;147;130;47m+[38;2;226;197;60m#[38;2;174;144;39m+[38;2;135;95;19m-[38;2;145;98;27m=[38;2;116;76;21m-[38;2;103;63;13m:[38;2;108;68;16m-[38;2;97;61;14m:[38;2;94;56;13m:[38;2;129;85;21m-[38;2;120;83;19m-[38;2;174;139;37m+[38;2;220;182;50m*[38;2;117;100;36m-[38;2;48;39;23m.[38;2;90;76;33m-[38;2;13;13;13m [38;2;13;13;13m [38;2;13;13;13m [0m
[38;2;13;13;13m [38;2;13;13;13m [38;2;12;12;13m [38;2;109;94;42m-[38;2;26;21;13m.[38;2;129;118;48m=[38;2;233;206;69m#[38;2;179;152;45m+[38;2;150;114;29m=[38;2;157;114;33m=[38;2;127;86;21m-[38;2;136;92;24m-[38;2;131;87;23m-[38;2;113;73;15m-[38;2;114;77;15m-[38;2;139;101;26m=[38;2;119;90;19m-[38;2;174;142;37m+[38;2;207;174;42m*[38;2;97;84;33m-[38;2;47;39;22m.[38;2;88;74;32m-[38;2;13;13;13m [38;2;13;13;13m [38;2;13;13;13m [0m
[38;2;13;13;13m [38;2;13;13;13m [38;2;12;13;13m [38;2;79;74;36m-[38;2;91;77;37m-[38;2;18;17;13m.[38;2;156;144;60m+[38;2;175;147;40m+[38;2;135;106;33m=[38;2;132;103;34m=[38;2;144;109;30m=[38;2;145;100;29m=[38;2;118;80;18m-[38;2;120;82;19m-[38;2;134;100;24m=[38;2;97;74;20m-[38;2;103;81;21m-[38;2;185;154;45m+[38;2;133;116;44m=[38;2;15;15;11m.[38;2;109;92;42m-[38;2;58;50;25m:[38;2;13;13;13m [38;2;13;13;13m [38;2;13;13;13m [0m
[38;2;13;13;13m [38;2;13;13;13m [38;2;13;13;13m [38;2;14;12;13m [38;2;94;88;51m-[38;2;92;82;39m-[38;2;18;18;12m.[38;2;98;87;35m-[38;2;26;23;12m.[38;2;28;25;12m.[38;2;117;93;25m-[38;2;133;98;23m=[38;2;104;72;11m-[38;2;120;87;20m-[38;2;110;82;24m-[38;2;23;18;12m.[38;2;33;27;14m.[38;2;100;84;36m-[38;2;15;15;11m.[38;2;107;93;39m-[38;2;75;61;31m:[38;2;12;14;11m [38;2;12;13;13m [38;2;13;13;13m [38;2;13;13;13m [0m
[38;2;13;13;13m [38;2;13;13;13m [38;2;13;13;13m [38;2;13;13;13m [38;2;13;14;13m [38;2;85;79;51m-[38;2;93;82;40m-[38;2;13;13;15m [38;2;81;71;34m:[38;2;121;106;48m=[38;2;27;23;13m.[38;2;101;77;18m-[38;2;110;85;18m-[38;2;93;72;21m-[38;2;23;20;12m.[38;2;136;125;52m=[38;2;62;46;25m:[38;2;15;12;13m [38;2;111;99;41m-[38;2;72;60;31m:[38;2;13;14;14m [38;2;13;13;13m [38;2;13;13;13m [38;2;13;13;13m [38;2;5;5;5m [0m
[38;2;5;5;5m [38;2;13;13;13m [38;2;13;13;13m [38;2;13;13;13m [38;2;13;13;13m [38;2;13;13;13m [38;2;79;76;48m-[38;2;94;80;39m-[38;2;20;13;11m.[38;2;93;61;34m:[38;2;101;79;38m-[38;2;27;21;12m.[38;2;78;66;20m:[38;2;23;19;10m.[38;2;111;89;42m-[38;2;85;54;34m:[38;2;18;13;9m [38;2;112;96;41m-[38;2;68;59;31m:[38;2;12;14;13m [38;2;12;13;13m [38;2;13;13;13m [38;2;13;13;13m [38;2;13;13;13m [38;2;5;5;5m [0m
[38;2;0;0;0m [38;2;5;5;5m [38;2;13;13;13m [38;2;13;13;13m [38;2;13;13;13m [38;2;13;13;13m [38;2;13;13;13m [38;2;77;72;46m-[38;2;104;89;44m-[38;2;13;12;9m [38;2;138;112;54m=[38;2;117;100;43m=[38;2;15;13;10m [38;2;133;124;52m=[38;2;121;90;46m-[38;2;17;13;11m [38;2;114;97;42m-[38;2;62;54;24m:[38;2;13;13;15m [38;2;13;13;15m [38;2;12;14;13m [38;2;12;13;13m [38;2;13;13;13m [38;2;5;5;5m [38;2;0;0;0m [0m
[38;2;0;0;0m [38;2;0;0;0m [38;2;5;5;5m [38;2;13;13;13m [38;2;13;13;13m [38;2;13;13;13m [38;2;13;13;13m [38;2;13;13;13m [38;2;75;71;42m:[38;2;108;96;47m-[38;2;23;16;12m.[38;2;55;32;22m.[38;2;27;22;18m.[38;2;54;29;23m.[38;2;22;14;12m.[38;2;111;96;40m-[38;2;63;53;28m:[38;2;14;12;12m [38;2;13;13;13m [38;2;13;13;13m [38;2;13;13;13m [38;2;13;13;13m [38;2;5;5;5m [38;2;0;0;0m [38;2;0;0;0m [0m
[38;2;0;0;0m [38;2;0;0;0m [38;2;0;0;0m [38;2;5;5;5m [38;2;13;13;13m [38;2;13;13;13m [38;2;13;13;13m [38;2;13;13;13m [38;2;13;13;13m [38;2;70;67;40m:[38;2;117;101;51m=[38;2;48;36;18m.[38;2;48;35;18m.[38;2;46;36;18m.[38;2;115;97;42m-[38;2;60;50;26m:[38;2;14;12;11m [38;2;13;13;12m [38;2;13;13;13m [38;2;13;13;13m [38;2;13;13;13m [38;2;5;5;5m [38;2;0;0;0m [38;2;0;0;0m [38;2;0;0;0m [0m
[38;2;0;0;0m [38;2;0;0;0m [38;2;0;0;0m [38;2;0;0;0m [38;2;5;5;5m [38;2;13;13;13m [38;2;13;13;13m [38;2;13;13;13m [38;2;13;13;13m [38;2;13;14;12m [38;2;54;53;35m:[38;2;85;72;44m-[38;2;87;75;45m-[38;2;85;73;41m-[38;2;47;42;27m.[38;2;14;13;12m [38;2;13;13;13m [38;2;13;13;13m [38;2;13;13;13m [38;2;13;13;13m [38;2;5;5;5m [38;2;0;0;0m [38;2;0;0;0m [38;2;0;0;0m [38;2;0;0;0m [0m
[38;2;0;0;0m [38;2;0;0;0m [38;2;0;0;0m [38;2;0;0;0m [38;2;0;0;0m [38;2;6;6;6m [38;2;13;13;13m [38;2;13;13;13m [38;2;13;13;13m [38;2;13;13;13m [38;2;14;14;14m [38;2;14;14;14m [38;2;14;14;14m [38;2;14;14;14m [38;2;14;14;13m [38;2;13;13;13m [38;2;13;13;12m [38;2;13;13;12m [38;2;6;6;6m [38;2;0;0;0m [38;2;0;0;0m [38;2;0;0;0m [38;2;0;0;0m [38;2;0;0;0m [38;2;0;0;0m [0m
[38;2;0;0;0m [38;2;0;0;0m [38;2;0;0;0m [38;2;0;0;0m [38;2;0;0;0m [38;2;0;0;0m [38;2;6;6;6m [38;2;13;13;13m [38;2;13;13;13m [38;2;13;13;13m [38;2;13;13;13m [38;2;13;13;13m [38;2;13;13;13m [38;2;13;13;13m [38;2;13;13;13m [38;2;13;13;13m [38;2;13;13;13m [38;2;6;6;6m [38;2;0;0;0m [38;2;0;0;0m [38;2;0;0;0m [38;2;0;0;0m [38;2;0;0;0m [38;2;0;0;0m [38;2;0;0;0m [0m
[38;2;0;0;0m [38;2;0;0;0m [38;2;0;0;0m [38;2;0;0;0m [38;2;0;0;0m [38;2;0;0;0m [38;2;0;0;0m [38;2;6;6;6m [38;2;13;13;13m [38;2;13;13;13m [38;2;13;13;13m [38;2;13;13;13m [38;2;13;13;13m [38;2;13;13;13m [38;2;13;13;13m [38;2;13;13;13m [38;2;6;6;6m [38;2;0;0;0m [38;2;0;0;0m [38;2;0;0;0m [38;2;0;0;0m [38;2;0;0;0m [38;2;0;0;0m [38;2;0;0;0m [38;2;0;0;0m [0m
