[38;2;5;5;5m [38;2;13;13;13m [38;2;13;13;13m [38;2;13;13;13m [38;2;13;13;13m [38;2;13;13;13m [38;2;13;13;13m [38;2;13;13;13m [38;2;13;13;13m [38;2;13;13;13m [38;2;13;13;13m [38;2;13;13;13m [38;2;13;13;13m [38;2;13;13;13m [38;2;13;13;13m [38;2;13;13;13m [38;2;13;13;13m [38;2;13;13;13m [38;2;13;13;13m [38;2;13;13;13m [38;2;13;13;13m [38;2;13;13;13m [38;2;13;13;13m [38;2;13;13;13m [38;2;5;5;5m [0m
[38;2;13;13;13m [38;2;13;13;13m [38;2;13;13;13m [38;2;13;13;13m [38;2;13;13;13m [38;2;13;13;13m [38;2;13;13;13m [38;2;13;13;13m [38;2;13;13;13m [38;2;13;13;13m [38;2;13;13;13m [38;2;13;13;13m [38;2;13;13;13m [38;2;13;13;13m [38;2;13;13;13m [38;2;13;13;13m [38;2;13;13;13m [38;2;13;13;13m [38;2;13;13;13m [38;2;13;13;13m [38;2;13;13;13m [38;2;13;13;13m [38;2;13;13;13m [38;2;13;13;13m [38;2;13;13;13m [0m
[38;2;13;13;13m [38;2;13;13;13m [38;2;13;13;13m [38;2;13;13;11m [38;2;23;21;16m.[38;2;24;20;14m.[38;2;24;20;13m.[38;2;24;20;13m.[38;2;24;20;13m.[38;2;24;20;13m.[38;2;24;20;13m.[38;2;24;20;15m.[38;2;24;20;14m.[38;2;23;21;14m.[38;2;23;21;13m.[38;2;25;21;14m.[38;2;26;23;15m.[38;2;25;23;15m.[38;2;24;22;14m.[38;2;25;21;14m.[38;2;23;21;14m.[38;2;13;13;13m [38;2;13;13;13m [38;2;13;13;13m [38;2;13;13;13m [0m
[38;2;13;13;13m [38;2;13;13;13m [38;2;13;13;13m [38;2;97;88;53m-[38;2;134;122;72m=[38;2;125;113;67m=[38;2;125;114;66m=[38;2;127;115;66m=[38;2;125;114;65m=[38;2;123;114;64m=[38;2;125;114;63m=[38;2;148;138;71m+[38;2;228;220;116m%[38;2;140;129;68m=[38;2;126;114;58m=[38;2;126;115;59m=[38;2;131;119;62m=[38;2;132;120;65m=[38;2;129;116;63m=[38;2;125;111;59m=[38;2;143;131;69m+[38;2;72;67;38m:[38;2;13;13;13m [38;2;13;13;13m [38;2;13;13;13m [0m
[38;2;13;13;13m [38;2;13;13;13m [38;2;13;13;14m [38;2;124;115;69m=[38;2;29;24;14m.[38;2;13;13;12m [38;2;13;13;11m [38;2;14;13;11m [38;2;14;13;11m [38;2;13;13;13m [38;2;13;13;13m [38;2;14;12;13m [38;2;25;23;18m.[38;2;14;13;13m [38;2;13;13;13m [38;2;13;13;13m [38;2;14;13;11m [38;2;14;13;12m [38;2;13;13;11m [38;2;13;14;12m [38;2;52;52;34m:[38;2;99;94;55m-[38;2;13;13;13m [38;2;13;13;13m [38;2;13;13;13m [0m
[38;2;13;13;13m [38;2;13;13;13m [38;2;13;13;14m [38;2;124;116;66m=[38;2;28;23;13m.[38;2;124;120;60m=[38;2;223;216;110m#[38;2;193;171;74m*[38;2;166;127;44m+[38;2;112;90;33m-[38;2;97;77;26m-[38;2;97;77;26m-[38;2;96;76;27m-[38;2;96;76;29m-[38;2;101;81;34m-[38;2;117;94;36m-[38;2;163;134;48m+[38;2;195;175;76m*[38;2;223;213;102m#[38;2;96;92;46m-[38;2;52;49;33m:[38;2;97;94;55m-[38;2;13;13;13m [38;2;13;13;13m [38;2;13;13;13m [0m
[38;2;13;13;13m [38;2;13;13;13m [38;2;12;12;14m [38;2;123;112;64m=[38;2;28;23;13m.[38;2;163;157;74m+[38;2;253;250;117m@[38;2;218;193;81m#[38;2;178;130;43m+[38;2;174;142;47m+[38;2;167;128;39m+[38;2;159;117;31m=[38;2;167;122;37m=[38;2;168;122;37m=[38;2;176;130;44m+[38;2;170;115;37m=[38;2;164;113;36m=[38;2;212;189;76m#[38;2;249;240;116m%[38;2;125;119;53m=[38;2;47;44;26m:[38;2;99;93;53m-[38;2;13;13;13m [38;2;13;13;13m [38;2;13;13;13m [0m
[38;2;13;13;13m [38;2;13;13;13m [38;2;12;12;14m [38;2;122;113;64m=[38;2;28;23;14m.[38;2;163;156;73m+[38;2;253;245;115m%[38;2;213;188;77m#[38;2;172;124;41m+[38;2;172;124;45m+[38;2;156;108;30m=[38;2;161;119;32m=[38;2;168;125;38m+[38;2;159;117;33m=[38;2;150;111;29m=[38;2;150;103;26m=[38;2;151;105;28m=[38;2;207;178;62m*[38;2;247;235;95m%[38;2;121;114;48m=[38;2;49;46;26m:[38;2;97;91;49m-[38;2;13;13;13m [38;2;13;13;13m [38;2;13;13;13m [0m
[38;2;13;13;13m [38;2;13;13;13m [38;2;12;12;14m [38;2;123;114;65m=[38;2;29;23;14m.[38;2;161;151;65m+[38;2;254;247;116m%[38;2;201;177;62m*[38;2;148;99;23m=[38;2;148;93;24m=[38;2;148;96;26m=[38;2;149;105;29m=[38;2;160;116;38m=[38;2;148;106;27m=[38;2;140;96;21m=[38;2;138;94;19m-[38;2;138;96;19m=[38;2;199;169;52m*[38;2;245;226;84m%[38;2;124;116;49m=[38;2;49;46;26m:[38;2;95;89;46m-[38;2;13;13;13m [38;2;13;13;13m [38;2;13;13;13m [0m
[38;2;13;13;13m [38;2;13;13;13m [38;2;12;12;14m [38;2;121;110;57m=[38;2;27;22;13m.[38;2;157;150;62m+[38;2;250;245;101m%[38;2;199;173;56m*[38;2;162;114;35m=[38;2;142;91;22m-[38;2;141;89;22m-[38;2;148;102;32m=[38;2;159;114;40m=[38;2;149;102;28m=[38;2;142;95;22m=[38;2;139;92;22m-[38;2;160;116;36m=[38;2;198;167;53m*[38;2;235;209;69m#[38;2;123;114;45m=[38;2;51;46;26m:[38;2;97;85;44m-[38;2;13;13;13m [38;2;13;13;13m [38;2;13;13;13m [0m
[38;2;13;13;13m [38;2;13;13;13m [38;2;12;12;14m [38;2;121;110;56m=[38;2;27;22;14m.[38;2;156;149;62m+[38;2;253;245;100m%[38;2;198;171;53m*[38;2;154;107;32m=[38;2;130;81;24m-[38;2;167;130;96m+[38;2;138;91;41m-[38;2;148;99;32m=[38;2;118;80;23m-[38;2;157;129;92m+[38;2;130;88;34m-[38;2;156;114;33m=[38;2;204;175;57m*[38;2;234;210;68m#[38;2;119;112;43m=[38;2;49;43;25m:[38;2;95;82;41m-[38;2;13;13;13m [38;2;13;13;13m [38;2;13;13;13m [0m
[38;2;13;13;13m [38;2;13;13;13m [38;2;12;12;13m [38;2;119;108;56m=[38;2;27;22;12m.[38;2;159;152;65m+[38;2;254;249;108m%[38;2;205;176;63m*[38;2;150;96;26m=[38;2;133;80;27m-[38;2;220;213;203m%[38;2;165;141;114m+[38;2;131;82;22m-[38;2;141;116;74m=[38;2;242;240;233m%[38;2;116;80;28m-[38;2;136;96;22m-[38;2;193;166;47m*[38;2;234;208;66m#[38;2;122;113;45m=[38;2;50;47;25m:[38;2;96;85;42m-[38;2;13;13;13m [38;2;13;13;13m [38;2;13;13;13m [0m
[38;2;13;13;13m [38;2;13;13;13m [38;2;12;13;12m [38;2;118;108;56m=[38;2;26;22;12m.[38;2;159;152;66m+[38;2;252;244;98m%[38;2;199;166;51m*[38;2;137;83;18m-[38;2;142;84;29m-[38;2;167;146;126m+[38;2;208;198;187m#[38;2;106;69;20m-[38;2;177;164;142m*[38;2;191;180;163m*[38;2;133;94;28m-[38;2;137;98;23m=[38;2;195;168;51m*[38;2;239;213;75m#[38;2;120;112;43m=[38;2;51;48;28m:[38;2;96;85;42m-[38;2;13;13;13m [38;2;13;13;13m [38;2;13;13;13m [0m
[38;2;13;13;13m [38;2;13;13;13m [38;2;12;13;12m [38;2;117;102;49m=[38;2;25;22;12m.[38;2;154;149;60m+[38;2;246;225;84m%[38;2;200;160;54m*[38;2;141;88;22m-[38;2;139;79;22m-[38;2;127;86;52m-[38;2;251;250;245m@[38;2;94;68;36m-[38;2;231;226;219m%[38;2;144;124;88m=[38;2;149;109;32m=[38;2;164;124;38m=[38;2;205;177;60m*[38;2;233;203;66m#[38;2;116;102;37m=[38;2;49;45;24m:[38;2;94;83;41m-[38;2;13;13;13m [38;2;13;13;13m [38;2;13;13;13m [0m
[38;2;13;13;13m [38;2;13;13;13m [38;2;12;13;12m [38;2;113;97;43m-[38;2;26;22;13m.[38;2;151;141;50m+[38;2;238;208;73m#[38;2;193;145;50m+[38;2;160;100;36m=[38;2;150;83;26m-[38;2;114;63;21m:[38;2;221;215;205m%[38;2;165;154;142m+[38;2;243;242;236m@[38;2;102;76;26m-[38;2;148;108;31m=[38;2;159;120;39m=[38;2;202;176;55m*[38;2;222;192;53m#[38;2;113;100;34m-[38;2;50;44;23m:[38;2;94;82;39m-[38;2;13;13;13m [38;2;13;13;13m [38;2;13;13;13m [0m
[38;2;13;13;13m [38;2;13;13;13m [38;2;12;12;14m [38;2;120;105;50m=[38;2;27;23;13m.[38;2;151;133;53m+[38;2;241;210;78m#[38;2;188;142;46m+[38;2;159;99;33m=[38;2;158;97;31m=[38;2;123;71;20m-[38;2;164;146;131m+[38;2;251;251;251m@[38;2;190;182;166m*[38;2;124;89;27m-[38;2;141;101;27m=[38;2;136;104;25m=[38;2;193;173;50m*[38;2;222;197;57m#[38;2;111;98;30m-[38;2;50;43;23m:[38;2;92;79;36m-[38;2;13;13;13m [38;2;13;13;13m [38;2;13;13;13m [0m
[38;2;13;13;13m [38;2;13;13;13m [38;2;12;12;14m [38;2;119;103;49m=[38;2;26;22;13m.[38;2;150;131;49m+[38;2;231;189;68m#[38;2;190;143;48m+[38;2;137;88;23m-[38;2;131;79;21m-[38;2;122;73;20m-[38;2;112;82;48m-[38;2;231;227;220m%[38;2;138;122;84m=[38;2;114;83;18m-[38;2;134;101;27m=[38;2;142;113;28m=[38;2;192;170;50m*[38;2;217;192;53m#[38;2;114;99;33m-[38;2;48;39;22m.[38;2;89;75;34m-[38;2;13;13;13m [38;2;13;13;13m [38;2;13;13;13m [0m
[38;2;13;13;13m [38;2;13;13;13m [38;2;12;12;14m [38;2;119;104;49m=[38;2;27;22;13m.[38;2;151;133;53m+[38;2;240;206;76m#[38;2;180;135;43m+[38;2;127;85;19m-[38;2;115;76;14m-[38;2;110;67;12m-[38;2;109;69;18m-[38;2;101;66;17m:[38;2;126;91;28m-[38;2;109;82;15m-[38;2;113;86;19m-[38;2;116;91;21m-[38;2;181;160;46m*[38;2;212;189;53m*[38;2;108;95;29m-[38;2;47;40;22m.[38;2;88;75;33m-[38;2;13;13;13m [38;2;13;13;13m [38;2;13;13;13m [0m
[38;2;13;13;13m [38;2;13;13;13m [38;2;12;12;14m [38;2;116;101;47m=[38;2;26;22;12m.[38;2;127;115;52m=[38;2;238;212;74m#[38;2;173;141;40m+[38;2;138;98;27m=[38;2;124;86;21m-[38;2;112;72;13m-[38;2;133;89;27m-[38;2;140;95;26m=[38;2;123;89;22m-[38;2;114;86;19m-[38;2;111;86;20m-[38;2;116;93;23m-[38;2;185;164;47m*[38;2;204;184;49m*[38;2;93;80;30m-[38;2;47;42;22m.[38;2;90;77;35m-[38;2;13;13;13m [38;2;13;13;13m [38;2;13;13;13m [0m
[38;2;13;13;13m [38;2;13;13;13m [38;2;12;13;14m [38;2;77;70;38m:[38;2;92;79;35m-[38;2;16;16;10m.[38;2;152;139;55m+[38;2;166;138;33m+[38;2;116;88;25m-[38;2;109;84;24m-[38;2;117;85;18m-[38;2;138;93;27m-[38;2;117;77;19m-[38;2;100;67;14m:[38;2;105;82;17m-[38;2;92;72;20m-[38;2;107;90;23m-[38;2;182;159;46m+[38;2;131;122;48m=[38;2;14;15;11m.[38;2;108;93;41m-[38;2;58;48;25m:[38;2;13;13;13m [38;2;13;13;13m [38;2;13;13;13m [0m
[38;2;13;13;13m [38;2;13;13;13m [38;2;13;13;13m [38;2;13;13;11m [38;2;91;83;45m-[38;2;95;84;42m-[38;2;17;17;12m.[38;2;99;83;33m-[38;2;25;21;13m.[38;2;26;22;14m.[38;2;104;79;21m-[38;2;137;103;28m=[38;2;126;94;25m-[38;2;112;85;22m-[38;2;110;90;27m-[38;2;21;19;12m.[38;2;34;31;15m.[38;2;96;83;34m-[38;2;17;15;11m.[38;2;108;94;41m-[38;2;77;64;35m:[38;2;12;14;12m [38;2;12;13;13m [38;2;13;13;13m [38;2;13;13;13m [0m
[38;2;13;13;13m [38;2;13;13;13m [38;2;13;13;13m [38;2;13;13;13m [38;2;13;13;13m [38;2;88;84;47m-[38;2;93;83;39m-[38;2;14;13;15m [38;2;80;70;32m:[38;2;122;105;50m=[38;2;29;24;12m.[38;2;110;85;24m-[38;2;111;84;18m-[38;2;95;73;23m-[38;2;23;21;12m.[38;2;136;127;57m=[38;2;62;48;28m:[38;2;14;12;11m [38;2;115;102;47m=[38;2;74;62;31m:[38;2;12;13;11m [38;2;13;13;12m [38;2;13;13;13m [38;2;13;13;13m [38;2;5;5;5m [0m
[38;2;5;5;5m [38;2;13;13;13m [38;2;13;13;13m [38;2;13;13;13m [38;2;13;13;13m [38;2;13;13;13m [38;2;80;77;44m-[38;2;100;86;39m-[38;2;21;14;12m.[38;2;91;61;36m:[38;2;100;80;41m-[38;2;28;23;11m.[38;2;76;63;20m:[38;2;24;19;13m.[38;2;109;85;45m-[38;2;84;57;33m:[38;2;18;13;8m [38;2;120;106;49m=[38;2;69;62;34m:[38;2;13;13;13m [38;2;12;13;12m [38;2;13;13;13m [38;2;13;13;13m [38;2;13;13;13m [38;2;5;5;5m [0m
[38;2;0;0;0m [38;2;5;5;5m [38;2;13;13;13m [38;2;13;13;13m [38;2;13;13;13m [38;2;13;13;13m [38;2;13;13;13m [38;2;80;78;45m-[38;2;102;90;43m-[38;2;13;12;9m [38;2;137;112;51m=[38;2;115;99;46m-[38;2;15;12;11m [38;2;132;125;55m=[38;2;120;91;48m-[38;2;16;16;11m.[38;2;126;111;53m=[38;2;67;59;30m:[38;2;14;13;11m [38;2;13;13;12m [38;2;13;13;13m [38;2;13;13;13m [38;2;13;13;13m [38;2;5;5;5m [38;2;0;0;0m [0m
[38;2;0;0;0m [38;2;0;0;0m [38;2;5;5;5m [38;2;13;13;13m [38;2;13;13;13m [38;2;13;13;13m [38;2;13;13;13m [38;2;13;13;13m [38;2;73;70;44m:[38;2;103;90;47m-[38;2;22;14;11m.[38;2;58;31;25m.[38;2;28;21;18m.[38;2;54;32;23m.[38;2;20;16;10m.[38;2;125;110;52m=[38;2;64;56;30m:[38;2;14;12;12m [38;2;13;13;13m [38;2;13;13;13m [38;2;13;13;13m [38;2;13;13;13m [38;2;5;5;5m [38;2;0;0;0m [38;2;0;0;0m [0m
[38;2;0;0;0m [38;2;0;0;0m [38;2;0;0;0m [38;2;5;5;5m [38;2;13;13;13m [38;2;13;13;13m [38;2;13;13;13m [38;2;13;13;13m [38;2;13;12;15m [38;2;70;64;39m:[38;2;119;102;50m=[38;2;49;39;19m.[38;2;50;38;21m.[38;2;51;40;21m.[38;2;130;111;53m=[38;2;60;53;27m:[38;2;14;14;12m [38;2;14;13;12m [38;2;13;13;12m [38;2;13;13;12m [38;2;13;13;13m [38;2;5;5;5m [38;2;0;0;0m [38;2;0;0;0m [38;2;0;0;0m [0m
[38;2;0;0;0m [38;2;0;0;0m [38;2;0;0;0m [38;2;0;0;0m [38;2;5;5;5m [38;2;13;13;13m [38;2;13;13;13m [38;2;13;13;13m [38;2;13;13;13m [38;2;13;13;13m [38;2;55;52;33m:[38;2;88;78;47m-[38;2;86;74;42m-[38;2;85;77;46m-[38;2;47;43;28m:[38;2;14;13;14m [38;2;13;13;13m [38;2;13;13;13m [38;2;13;13;13m [38;2;13;13;13m [38;2;5;5;5m [38;2;0;0;0m [38;2;0;0;0m [38;2;0;0;0m [38;2;0;0;0m [0m
[38;2;0;0;0m [38;2;0;0;0m [38;2;0;0;0m [38;2;0;0;0m [38;2;0;0;0m [38;2;6;6;6m [38;2;13;13;13m [38;2;13;13;13m [38;2;13;13;13m [38;2;13;13;13m [38;2;13;13;13m [38;2;13;13;13m [38;2;13;13;13m [38;2;13;13;13m [38;2;14;14;14m [38;2;13;13;13m [38;2;13;13;13m [38;2;13;13;13m [38;2;6;6;6m [38;2;0;0;0m [38;2;0;0;0m [38;2;0;0;0m [38;2;0;0;0m [38;2;0;0;0m [38;2;0;0;0m [0m
[38;2;0;0;0m [38;2;0;0;0m [38;2;0;0;0m [38;2;0;0;0m [38;2;0;0;0m [38;2;0;0;0m [38;2;6;6;6m [38;2;13;13;13m [38;2;13;13;13m [38;2;13;13;13m [38;2;13;13;13m [38;2;13;13;13m [38;2;13;13;13m [38;2;13;13;13m [38;2;13;13;13m [38;2;13;13;13m [38;2;13;13;13m [38;2;6;6;6m [38;2;0;0;0m [38;2;0;0;0m [38;2;0;0;0m [38;2;0;0;0m [38;2;0;0;0m [38;2;0;0;0m [38;2;0;0;0m [0m
[38;2;0;0;0m [38;2;0;0;0m [38;2;0;0;0m [38;2;0;0;0m [38;2;0;0;0m [38;2;0;0;0m [38;2;0;0;0m [38;2;6;6;6m [38;2;13;13;13m [38;2;13;13;13m [38;2;13;13;13m [38;2;13;13;13m [38;2;13;13;13m [38;2;13;13;13m [38;2;13;13;13m [38;2;13;13;13m [38;2;6;6;6m [38;2;0;0;0m [38;2;0;0;0m [38;2;0;0;0m [38;2;0;0;0m [38;2;0;0;0m [38;2;0;0;0m [38;2;0;0;0m [38;2;0;0;0m [0m
