[38;2;5;5;5m [38;2;13;13;13m [38;2;13;13;13m [38;2;13;13;13m [38;2;13;13;13m [38;2;13;13;13m [38;2;13;13;13m [38;2;13;13;13m [38;2;13;13;13m [38;2;13;13;13m [38;2;13;13;13m [38;2;13;13;13m [38;2;13;13;13m [38;2;13;13;13m [38;2;13;13;13m [38;2;13;13;13m [38;2;13;13;13m [38;2;13;13;13m [38;2;13;13;13m [38;2;13;13;13m [38;2;13;13;13m [38;2;13;13;13m [38;2;13;13;13m [38;2;13;13;13m [38;2;5;5;5m [0m
[38;2;13;13;13m [38;2;13;13;13m [38;2;13;13;13m [38;2;13;13;13m [38;2;13;13;13m [38;2;13;13;13m [38;2;13;13;13m [38;2;13;13;13m [38;2;13;13;13m [38;2;13;13;13m [38;2;13;13;13m [38;2;13;13;13m [38;2;13;13;13m [38;2;13;13;13m [38;2;13;13;13m [38;2;13;13;13m [38;2;13;13;13m [38;2;13;13;13m [38;2;13;13;13m [38;2;13;13;13m [38;2;13;13;13m [38;2;13;13;13m [38;2;13;13;13m [38;2;13;13;13m [38;2;13;13;13m [0m
[38;2;13;13;13m [38;2;13;13;13m [38;2;13;13;13m [38;2;14;12;11m [38;2;24;21;14m.[38;2;25;21;14m.[38;2;24;20;13m.[38;2;23;21;13m.[38;2;23;22;14m.[38;2;25;21;14m.[38;2;24;20;13m.[38;2;25;21;13m.[38;2;25;21;14m.[38;2;25;21;14m.[38;2;25;21;14m.[38;2;24;21;14m.[38;2;23;21;14m.[38;2;23;22;14m.[38;2;25;21;14m.[38;2;25;21;14m.[38;2;24;22;15m.[38;2;13;12;14m [38;2;13;13;13m [38;2;13;13;13m [38;2;13;13;13m [0m
[38;2;13;13;13m [38;2;13;13;13m [38;2;13;13;13m [38;2;95;88;57m-[38;2;132;120;69m=[38;2;125;111;62m=[38;2;123;112;60m=[38;2;125;114;61m=[38;2;125;114;61m=[38;2;125;114;61m=[38;2;124;114;59m=[38;2;150;140;74m+[38;2;229;223;122m%[38;2;138;127;69m=[38;2;125;115;62m=[38;2;126;116;64m=[38;2;126;116;64m=[38;2;124;114;62m=[38;2;123;112;66m=[38;2;123;113;60m=[38;2;142;128;66m=[38;2;72;65;36m:[38;2;13;13;13m [38;2;13;13;13m [38;2;13;13;13m [0m
[38;2;13;13;13m [38;2;13;13;13m [38;2;12;12;13m [38;2;124;116;73m=[38;2;29;25;16m.[38;2;13;13;12m [38;2;14;13;11m [38;2;14;13;11m [38;2;14;13;11m [38;2;13;13;13m [38;2;13;13;13m [38;2;13;13;13m [38;2;24;25;17m.[38;2;13;13;12m [38;2;13;13;14m [38;2;13;13;12m [38;2;14;13;11m [38;2;14;14;12m [38;2;14;13;11m [38;2;12;12;13m [38;2;53;49;32m:[38;2;99;91;53m-[38;2;13;13;13m [38;2;13;13;13m [38;2;13;13;13m [0m
[38;2;13;13;13m [38;2;13;13;13m [38;2;12;12;14m [38;2;124;116;73m=[38;2;29;26;16m.[38;2;120;112;61m=[38;2;219;213;114m#[38;2;185;160;70m*[38;2;145;116;30m=[38;2;101;81;23m-[38;2;94;77;25m-[38;2;91;74;22m-[38;2;94;77;26m-[38;2;91;73;24m-[38;2;89;71;22m-[38;2;103;82;26m-[38;2;149;124;39m=[38;2;192;182;90m*[38;2;224;218;119m#[38;2;96;93;51m-[38;2;52;50;33m:[38;2;97;94;55m-[38;2;13;13;13m [38;2;13;13;13m [38;2;13;13;13m [0m
[38;2;13;13;13m [38;2;13;13;13m [38;2;12;12;14m [38;2;124;116;67m=[38;2;29;24;15m.[38;2;159;153;81m+[38;2;254;254;134m@[38;2;204;180;70m*[38;2;158;117;27m=[38;2;155;120;28m=[38;2;155;115;26m=[38;2;160;112;29m=[38;2;165;112;32m=[38;2;165;116;32m=[38;2;158;116;28m=[38;2;158;116;31m=[38;2;159;131;41m+[38;2;213;207;95m#[38;2;254;252;135m@[38;2;127;122;71m=[38;2;50;48;32m:[38;2;98;95;57m-[38;2;13;13;13m [38;2;13;13;13m [38;2;13;13;13m [0m
[38;2;13;13;13m [38;2;13;13;13m [38;2;12;12;14m [38;2;124;115;63m=[38;2;28;23;14m.[38;2;160;151;76m+[38;2;251;244;113m%[38;2;205;183;64m*[38;2;157;120;30m=[38;2;150;106;24m=[38;2;151;107;25m=[38;2;154;100;26m=[38;2;161;101;30m=[38;2;150;95;23m=[38;2;151;104;28m=[38;2;155;107;30m=[38;2;152;115;32m=[38;2;210;201;82m#[38;2;253;252;129m@[38;2;124;121;62m=[38;2;51;47;32m:[38;2;99;95;57m-[38;2;13;13;13m [38;2;13;13;13m [38;2;13;13;13m [0m
[38;2;13;13;13m [38;2;13;13;13m [38;2;12;12;14m [38;2;124;115;63m=[38;2;29;22;13m.[38;2;158;150;63m+[38;2;249;236;92m%[38;2;201;178;59m*[38;2;158;117;29m=[38;2;158;110;28m=[38;2;161;106;32m=[38;2;151;93;25m=[38;2;155;94;28m=[38;2;153;100;31m=[38;2;149;97;27m=[38;2;150;100;27m=[38;2;159;112;32m=[38;2;212;194;78m#[38;2;254;251;127m@[38;2;123;120;60m=[38;2;48;44;26m:[38;2;98;91;50m-[38;2;13;13;13m [38;2;13;13;13m [38;2;13;13;13m [0m
[38;2;13;13;13m [38;2;13;13;13m [38;2;12;12;14m [38;2;121;111;58m=[38;2;27;22;14m.[38;2;161;152;65m+[38;2;253;235;95m%[38;2;199;173;57m*[38;2;153;112;31m=[38;2;152;103;28m=[38;2;156;101;33m=[38;2;141;84;20m-[38;2;144;89;23m-[38;2;144;90;22m-[38;2;144;92;25m-[38;2;141;92;23m-[38;2;143;97;26m=[38;2;205;179;68m*[38;2;253;247;114m%[38;2;124;117;52m=[38;2;48;44;24m:[38;2;98;92;48m-[38;2;13;13;13m [38;2;13;13;12m [38;2;13;13;12m [0m
[38;2;13;13;13m [38;2;13;13;13m [38;2;12;12;14m [38;2;119;108;52m=[38;2;26;21;14m.[38;2;157;148;57m+[38;2;251;229;87m%[38;2;195;167;54m*[38;2;131;99;38m=[38;2;155;132;91m+[38;2;122;87;33m-[38;2;155;128;91m+[38;2;125;85;34m-[38;2;138;84;21m-[38;2;127;78;27m-[38;2;154;127;95m+[38;2;128;90;32m-[38;2;205;173;66m*[38;2;252;233;95m%[38;2;124;117;47m=[38;2;51;46;26m:[38;2;96;86;44m-[38;2;13;13;13m [38;2;13;13;13m [38;2;13;13;13m [0m
[38;2;13;13;13m [38;2;13;13;13m [38;2;12;12;13m [38;2;120;109;54m=[38;2;26;22;12m.[38;2;155;145;56m+[38;2;254;232;92m%[38;2;205;178;69m*[38;2;148;125;78m=[38;2;247;245;242m@[38;2;100;69;30m-[38;2;215;208;200m#[38;2;162;139;116m+[38;2;130;76;23m-[38;2;134;105;71m=[38;2;241;238;233m%[38;2;102;66;22m:[38;2;203;167;63m*[38;2;253;238;93m%[38;2;124;114;47m=[38;2;50;45;25m:[38;2;94;84;42m-[38;2;13;13;13m [38;2;13;13;13m [38;2;13;13;13m [0m
[38;2;13;13;13m [38;2;13;13;13m [38;2;12;13;12m [38;2;119;108;52m=[38;2;27;22;13m.[38;2;155;143;56m+[38;2;251;225;92m%[38;2;200;172;62m*[38;2;151;129;83m+[38;2;247;245;243m@[38;2;105;70;25m-[38;2;165;145;124m+[38;2;208;199;189m#[38;2;102;59;20m:[38;2;178;162;145m*[38;2;186;175;160m*[38;2;120;77;21m-[38;2;204;161;59m*[38;2;249;228;89m%[38;2;124;114;47m=[38;2;49;43;23m:[38;2;91;79;37m-[38;2;13;13;13m [38;2;13;13;13m [38;2;13;13;13m [0m
[38;2;13;13;13m [38;2;13;13;13m [38;2;12;12;14m [38;2;121;110;56m=[38;2;27;22;14m.[38;2;157;143;57m+[38;2;246;218;85m%[38;2;194;161;53m*[38;2;149;125;79m=[38;2;247;245;242m@[38;2;116;80;28m-[38;2;130;93;54m-[38;2;251;249;246m@[38;2;83;55;28m:[38;2;229;224;218m%[38;2;136;115;86m=[38;2;125;82;22m-[38;2;198;163;49m*[38;2;238;209;65m#[38;2;122;111;43m=[38;2;50;44;23m:[38;2;91;79;37m-[38;2;13;13;13m [38;2;13;13;13m [38;2;13;13;13m [0m
[38;2;13;13;13m [38;2;13;13;13m [38;2;12;12;14m [38;2;119;108;55m=[38;2;27;22;13m.[38;2;151;137;46m+[38;2;244;213;80m#[38;2;196;164;56m*[38;2;149;124;81m=[38;2;247;245;241m@[38;2;114;78;26m-[38;2;113;71;20m-[38;2;219;214;205m%[38;2;164;152;142m+[38;2;243;240;234m%[38;2;94;63;20m:[38;2;120;82;18m-[38;2;186;154;42m+[38;2;238;211;67m#[38;2;122;111;43m=[38;2;50;43;23m:[38;2;92;80;38m-[38;2;13;13;13m [38;2;13;13;13m [38;2;13;13;13m [0m
[38;2;13;13;13m [38;2;13;13;13m [38;2;12;13;12m [38;2;115;98;47m-[38;2;26;22;13m.[38;2;146;133;42m+[38;2;235;205;69m#[38;2;192;159;53m*[38;2;143;119;75m=[38;2;247;246;241m@[38;2;115;81;26m-[38;2;140;96;32m=[38;2;165;152;124m+[38;2;251;251;249m@[38;2;191;178;167m*[38;2;116;72;24m-[38;2;133;90;24m-[38;2;186;158;41m+[38;2;229;201;56m#[38;2;119;106;39m=[38;2;50;43;24m:[38;2;90;78;36m-[38;2;13;13;13m [38;2;13;13;13m [38;2;13;13;13m [0m
[38;2;13;13;13m [38;2;13;13;13m [38;2;12;13;12m [38;2;114;98;47m-[38;2;26;23;13m.[38;2;138;123;36m=[38;2;213;182;48m*[38;2;178;148;40m+[38;2;128;107;62m=[38;2;225;220;210m%[38;2;103;72;20m-[38;2;129;86;23m-[38;2;116;89;49m-[38;2;228;226;220m%[38;2;132;108;81m=[38;2;122;75;18m-[38;2;135;91;23m-[38;2;190;161;44m*[38;2;225;198;55m#[38;2;115;101;35m=[38;2;48;41;22m.[38;2;90;78;36m-[38;2;13;13;13m [38;2;13;13;13m [38;2;13;13;13m [0m
[38;2;13;13;13m [38;2;13;13;13m [38;2;12;13;12m [38;2;107;90;39m-[38;2;25;22;13m.[38;2;131;117;34m=[38;2;200;171;42m*[38;2;169;140;37m+[38;2;120;90;22m-[38;2;115;84;21m-[38;2;132;97;26m=[38;2;129;92;23m-[38;2;115;74;17m-[38;2;104;61;16m:[38;2;107;65;16m:[38;2;131;80;25m-[38;2;124;83;19m-[38;2;192;162;50m*[38;2;210;180;50m*[38;2;111;96;33m-[38;2;47;41;21m.[38;2;89;74;32m-[38;2;13;13;13m [38;2;13;13;13m [38;2;13;13;13m [0m
[38;2;13;13;13m [38;2;13;13;13m [38;2;12;13;12m [38;2;112;96;45m-[38;2;25;21;13m.[38;2;116;108;44m=[38;2;206;179;45m*[38;2;169;141;38m+[38;2;125;97;19m-[38;2;127;95;22m-[38;2;124;92;20m-[38;2;126;88;19m-[38;2;117;75;15m-[38;2;135;83;25m-[38;2;116;74;18m-[38;2;108;75;17m-[38;2;111;79;18m-[38;2;173;143;37m+[38;2;202;174;43m*[38;2;96;82;31m-[38;2;46;42;19m.[38;2;88;73;32m-[38;2;13;13;13m [38;2;13;13;13m [38;2;13;13;13m [0m
[38;2;13;13;13m [38;2;13;13;13m [38;2;12;12;14m [38;2;75;69;33m:[38;2;91;78;36m-[38;2;18;17;13m.[38;2;146;133;55m+[38;2;171;142;39m+[38;2;114;93;26m-[38;2;102;84;20m-[38;2;120;96;21m-[38;2;136;100;27m=[38;2;126;87;22m-[38;2;147;97;33m=[38;2;112;81;17m-[38;2;89;66;20m:[38;2;91;71;15m-[38;2;182;152;47m+[38;2;130;117;44m=[38;2;16;15;12m.[38;2;110;97;45m-[38;2;57;51;27m:[38;2;13;13;13m [38;2;13;13;13m [38;2;13;13;13m [0m
[38;2;13;13;13m [38;2;13;13;13m [38;2;13;13;13m [38;2;13;13;13m [38;2;95;87;48m-[38;2;92;81;37m-[38;2;18;17;12m.[38;2;104;93;39m-[38;2;27;25;14m.[38;2;27;22;14m.[38;2;102;85;19m-[38;2;126;97;22m-[38;2;131;100;26m=[38;2;126;97;23m-[38;2;90;74;19m-[38;2;22;18;13m.[38;2;30;26;15m.[38;2;96;82;33m-[38;2;17;15;11m.[38;2;112;102;45m=[38;2;78;66;36m:[38;2;13;13;13m [38;2;13;13;13m [38;2;13;13;13m [38;2;13;13;13m [0m
[38;2;13;13;13m [38;2;13;13;13m [38;2;13;13;13m [38;2;13;13;13m [38;2;13;14;13m [38;2;85;81;44m-[38;2;92;81;40m-[38;2;13;14;9m [38;2;80;70;34m:[38;2;120;102;48m=[38;2;28;22;11m.[38;2;108;89;22m-[38;2;123;99;21m-[38;2;94;78;20m-[38;2;26;19;13m.[38;2;137;131;56m=[38;2;64;49;25m:[38;2;16;14;12m.[38;2;110;94;42m-[38;2;71;64;35m:[38;2;14;14;14m [38;2;13;13;12m [38;2;13;13;12m [38;2;13;13;13m [38;2;5;5;5m [0m
[38;2;5;5;5m [38;2;13;13;13m [38;2;13;13;13m [38;2;13;13;13m [38;2;13;13;13m [38;2;13;13;13m [38;2;81;77;39m-[38;2;102;87;38m-[38;2;20;15;12m.[38;2;93;62;35m:[38;2;102;79;38m-[38;2;29;23;15m.[38;2;85;68;22m:[38;2;23;20;10m.[38;2;110;87;44m-[38;2;88;55;36m:[38;2;17;14;10m.[38;2;110;96;41m-[38;2;64;57;29m:[38;2;13;12;13m [38;2;13;13;13m [38;2;13;13;13m [38;2;13;13;13m [38;2;13;13;13m [38;2;5;5;5m [0m
[38;2;0;0;0m [38;2;5;5;5m [38;2;13;13;13m [38;2;13;13;13m [38;2;13;13;13m [38;2;13;13;13m [38;2;13;13;13m [38;2;79;75;43m-[38;2;105;89;43m-[38;2;16;13;13m [38;2;137;111;52m=[38;2;115;100;42m-[38;2;16;13;11m [38;2;135;127;56m=[38;2;120;89;46m-[38;2;16;14;10m [38;2;111;93;40m-[38;2;64;56;28m:[38;2;14;12;13m [38;2;13;13;13m [38;2;13;13;13m [38;2;13;13;13m [38;2;13;13;13m [38;2;5;5;5m [38;2;0;0;0m [0m
[38;2;0;0;0m [38;2;0;0;0m [38;2;5;5;5m [38;2;13;13;13m [38;2;13;13;13m [38;2;13;13;13m [38;2;13;13;13m [38;2;13;13;13m [38;2;71;67;35m:[38;2;104;91;45m-[38;2;23;16;12m.[38;2;57;30;24m.[38;2;28;20;18m.[38;2;53;31;20m.[38;2;20;15;10m.[38;2;111;96;40m-[38;2;62;53;30m:[38;2;15;13;12m [38;2;13;13;12m [38;2;13;13;13m [38;2;13;13;13m [38;2;13;13;13m [38;2;5;5;5m [38;2;0;0;0m [38;2;0;0;0m [0m
[38;2;0;0;0m [38;2;0;0;0m [38;2;0;0;0m [38;2;5;5;5m [38;2;13;13;13m [38;2;13;13;13m [38;2;13;13;13m [38;2;13;13;13m [38;2;13;14;11m [38;2;70;64;38m:[38;2;116;97;50m-[38;2;50;39;19m.[38;2;50;38;19m.[38;2;48;38;19m.[38;2;114;97;41m-[38;2;58;48;25m:[38;2;15;13;12m [38;2;14;14;12m [38;2;13;13;13m [38;2;13;13;13m [38;2;13;13;13m [38;2;5;5;5m [38;2;0;0;0m [38;2;0;0;0m [38;2;0;0;0m [0m
[38;2;0;0;0m [38;2;0;0;0m [38;2;0;0;0m [38;2;0;0;0m [38;2;5;5;5m [38;2;13;13;13m [38;2;13;13;13m [38;2;13;13;13m [38;2;13;13;13m [38;2;13;13;13m [38;2;54;51;32m:[38;2;88;78;49m-[38;2;88;75;47m-[38;2;83;71;43m-[38;2;46;40;23m.[38;2;13;12;12m [38;2;13;13;13m [38;2;13;13;12m [38;2;13;13;13m [38;2;13;13;13m [38;2;5;5;5m [38;2;0;0;0m [38;2;0;0;0m [38;2;0;0;0m [38;2;0;0;0m [0m
[38;2;0;0;0m [38;2;0;0;0m [38;2;0;0;0m [38;2;0;0;0m [38;2;0;0;0m [38;2;6;6;6m [38;2;13;13;13m [38;2;13;13;13m [38;2;13;13;13m [38;2;13;13;13m [38;2;13;13;13m [38;2;14;14;14m [38;2;13;13;13m [38;2;13;14;14m [38;2;13;13;13m [38;2;13;13;13m [38;2;13;13;13m [38;2;13;13;13m [38;2;6;6;6m [38;2;0;0;0m [38;2;0;0;0m [38;2;0;0;0m [38;2;0;0;0m [38;2;0;0;0m [38;2;0;0;0m [0m
[38;2;0;0;0m [38;2;0;0;0m [38;2;0;0;0m [38;2;0;0;0m [38;2;0;0;0m [38;2;0;0;0m [38;2;6;6;6m [38;2;13;13;13m [38;2;13;13;13m [38;2;13;13;13m [38;2;13;13;13m [38;2;13;13;13m [38;2;13;13;13m [38;2;13;13;13m [38;2;13;13;13m [38;2;13;13;13m [38;2;13;13;13m [38;2;6;6;6m [38;2;0;0;0m [38;2;0;0;0m [38;2;0;0;0m [38;2;0;0;0m [38;2;0;0;0m [38;2;0;0;0m [38;2;0;0;0m [0m
[38;2;0;0;0m [38;2;0;0;0m [38;2;0;0;0m [38;2;0;0;0m [38;2;0;0;0m [38;2;0;0;0m [38;2;0;0;0m [38;2;6;6;6m [38;2;13;13;13m [38;2;13;13;13m [38;2;13;13;13m [38;2;13;13;13m [38;2;13;13;13m [38;2;13;13;12m [38;2;13;13;12m [38;2;13;13;13m [38;2;6;6;6m [38;2;0;0;0m [38;2;0;0;0m [38;2;0;0;0m [38;2;0;0;0m [38;2;0;0;0m [38;2;0;0;0m [38;2;0;0;0m [38;2;0;0;0m [0m
