[38;2;7;7;7m [38;2;13;13;13m [38;2;13;13;13m [38;2;13;13;13m [38;2;13;13;13m [38;2;13;13;13m [38;2;13;13;13m [38;2;13;13;13m [38;2;13;13;13m [38;2;13;13;13m [38;2;13;13;13m [38;2;13;13;13m [38;2;13;13;13m [38;2;13;13;13m [38;2;13;13;13m [38;2;13;13;13m [38;2;13;13;13m [38;2;13;13;13m [38;2;13;13;13m [38;2;13;13;13m [38;2;13;13;13m [38;2;13;13;13m [38;2;13;13;13m [38;2;13;13;13m [38;2;5;5;5m [0m
[38;2;13;13;13m [38;2;13;13;13m [38;2;13;13;13m [38;2;13;13;13m [38;2;13;13;13m [38;2;13;13;13m [38;2;13;13;13m [38;2;13;13;13m [38;2;13;13;13m [38;2;13;13;13m [38;2;13;13;13m [38;2;13;13;13m [38;2;13;13;13m [38;2;13;13;13m [38;2;13;13;13m [38;2;13;13;13m [38;2;13;13;13m [38;2;13;13;13m [38;2;13;13;13m [38;2;13;13;13m [38;2;13;13;13m [38;2;13;13;13m [38;2;13;13;13m [38;2;13;13;13m [38;2;13;13;13m [0m
[38;2;13;13;13m [38;2;13;13;13m [38;2;13;13;13m [38;2;13;13;13m [38;2;14;19;18m.[38;2;13;19;18m.[38;2;11;20;18m.[38;2;11;19;18m.[38;2;13;19;18m.[38;2;13;19;17m.[38;2;13;19;18m.[38;2;13;19;18m.[38;2;13;19;18m.[38;2;13;20;18m.[38;2;13;20;18m.[38;2;13;22;20m.[38;2;13;21;19m.[38;2;12;21;19m.[38;2;13;21;19m.[38;2;13;22;20m.[38;2;13;21;19m.[38;2;11;13;13m [38;2;13;13;13m [38;2;13;13;13m [38;2;13;13;13m [0m
[38;2;13;13;13m [38;2;13;13;13m [38;2;13;13;13m [38;2;43;80;76m-[38;2;51;108;103m-[38;2;47;101;95m-[38;2;49;107;100m-[38;2;55;110;104m-[38;2;46;109;102m-[38;2;48;108;102m-[38;2;55;110;106m-[38;2;60;120;117m=[38;2;108;210;199m#[38;2;67;130;127m=[38;2;54;113;109m=[38;2;57;113;110m=[38;2;58;114;111m=[38;2;49;112;109m-[38;2;45;111;108m-[38;2;48;112;108m-[38;2;56;121;119m=[38;2;45;79;76m-[38;2;12;13;13m [38;2;13;13;13m [38;2;13;13;13m [0m
[38;2;13;13;13m [38;2;13;13;13m [38;2;13;13;13m [38;2;55;104;101m-[38;2;14;21;22m.[38;2;12;13;13m [38;2;11;13;13m [38;2;11;14;13m [38;2;13;13;13m [38;2;13;13;14m [38;2;13;13;13m [38;2;14;13;13m [38;2;20;29;26m.[38;2;13;14;15m [38;2;12;13;14m [38;2;12;14;11m [38;2;12;13;13m [38;2;12;14;14m [38;2;12;14;14m [38;2;12;13;13m [38;2;14;30;30m.[38;2;51;101;100m-[38;2;13;13;13m [38;2;13;13;13m [38;2;13;13;13m [0m
[38;2;13;13;13m [38;2;13;13;13m [38;2;13;13;13m [38;2;54;102;100m-[38;2;13;20;21m.[38;2;44;101;94m-[38;2;98;190;179m*[38;2;78;150;142m+[38;2;31;92;82m-[38;2;35;76;65m:[38;2;34;71;60m:[38;2;17;27;24m.[38;2;12;14;14m [38;2;21;35;32m.[38;2;36;90;76m-[38;2;37;92;80m-[38;2;35;96;84m-[38;2;56;153;148m+[38;2;86;211;206m*[38;2;42;102;99m-[38;2;17;31;31m.[38;2;48;103;102m-[38;2;12;13;13m [38;2;13;13;13m [38;2;13;13;13m [0m
[38;2;13;13;13m [38;2;13;13;13m [38;2;13;13;13m [38;2;57;104;103m-[38;2;17;23;26m.[38;2;67;133;124m=[38;2;179;229;223m%[38;2;95;169;161m+[38;2;32;89;78m-[38;2;32;75;65m:[38;2;36;82;71m-[38;2;40;88;76m-[38;2;32;68;59m:[38;2;42;98;85m-[38;2;39;92;81m-[38;2;39;96;85m-[38;2;35;106;94m-[38;2;71;188;182m*[38;2;95;248;243m%[38;2;48;140;137m=[38;2;19;40;38m.[38;2;44;107;105m-[38;2;12;12;14m [38;2;13;13;13m [38;2;13;13;13m [0m
[38;2;13;13;13m [38;2;13;13;13m [38;2;13;13;13m [38;2;62;113;111m=[38;2;42;80;78m-[38;2;70;135;127m=[38;2;131;217;205m#[38;2;80;157;145m+[38;2;34;78;67m:[38;2;34;70;62m:[38;2;37;78;69m:[38;2;38;88;75m-[38;2;38;94;82m-[38;2;37;89;79m-[38;2;40;93;82m-[38;2;47;111;98m-[38;2;40;99;88m-[38;2;71;179;173m+[38;2;97;246;242m%[38;2;54;139;140m=[38;2;48;96;97m-[38;2;45;110;107m-[38;2;12;13;13m [38;2;13;13;13m [38;2;13;13;13m [0m
[38;2;13;13;13m [38;2;13;13;13m [38;2;13;13;13m [38;2;62;120;119m=[38;2;47;86;85m-[38;2;58;135;125m=[38;2;126;223;210m#[38;2;85;158;146m+[38;2;38;80;71m:[38;2;40;72;65m:[38;2;40;73;64m:[38;2;41;79;69m:[38;2;40;82;72m-[38;2;39;91;79m-[38;2;43;99;87m-[38;2;42;100;88m-[38;2;42;100;89m-[38;2;67;180;172m+[38;2;90;247;238m%[38;2;55;139;138m=[38;2;48;99;98m-[38;2;48;110;108m-[38;2;12;13;13m [38;2;13;13;13m [38;2;13;13;13m [0m
[38;2;13;13;13m [38;2;13;13;13m [38;2;13;13;13m [38;2;60;114;112m=[38;2;40;73;73m:[38;2;71;139;129m=[38;2;133;243;237m%[38;2;84;173;164m+[38;2;31;89;77m-[38;2;40;74;65m:[38;2;37;70;62m:[38;2;33;80;69m:[38;2;31;85;74m-[38;2;36;81;72m:[38;2;42;90;80m-[38;2;39;90;79m-[38;2;40;95;84m-[38;2;65;183;174m*[38;2;88;250;241m%[38;2;54;141;141m=[38;2;44;91;90m-[38;2;49;108;105m-[38;2;12;13;14m [38;2;13;13;13m [38;2;13;13;13m [0m
[38;2;13;13;13m [38;2;13;13;13m [38;2;13;13;13m [38;2;50;110;105m-[38;2;13;21;21m.[38;2;49;137;124m=[38;2;112;243;237m%[38;2;62;158;148m+[38;2;35;86;74m-[38;2;40;74;66m:[38;2;52;78;71m-[38;2;84;114;109m=[38;2;25;70;62m:[38;2;82;114;108m=[38;2;53;87;79m-[38;2;39;84;75m-[38;2;41;96;86m-[38;2;67;185;176m*[38;2;87;245;236m#[38;2;49;140;137m=[38;2;19;33;35m.[38;2;61;109;107m-[38;2;12;13;13m [38;2;13;13;13m [38;2;13;13;13m [0m
[38;2;13;13;13m [38;2;13;13;13m [38;2;13;13;13m [38;2;56;114;110m=[38;2;12;22;21m.[38;2;42;138;125m=[38;2;81;234;220m#[38;2;53;158;144m+[38;2;38;86;75m-[38;2;38;76;67m:[38;2;102;119;115m=[38;2;234;237;237m%[38;2;21;50;42m:[38;2;226;229;228m%[38;2;106;127;121m=[38;2;37;83;73m-[38;2;38;96;85m-[38;2;76;178;168m+[38;2;104;243;234m%[38;2;55;142;140m=[38;2;18;33;31m.[38;2;49;104;100m-[38;2;13;13;13m [38;2;13;13;13m [38;2;13;13;13m [0m
[38;2;13;13;13m [38;2;13;13;13m [38;2;13;13;13m [38;2;63;112;109m=[38;2;12;21;22m.[38;2;43;141;131m=[38;2;65;213;198m*[38;2;50;158;143m+[38;2;35;90;78m-[38;2;39;78;69m:[38;2;101;120;115m=[38;2;235;237;237m%[38;2;23;48;42m.[38;2;227;230;229m%[38;2;106;125;121m=[38;2;38;83;74m-[38;2;39;94;83m-[38;2;53;173;157m+[38;2;70;226;210m#[38;2;48;133;129m=[38;2;19;31;30m.[38;2;54;103;99m-[38;2;13;13;13m [38;2;13;13;13m [38;2;13;13;13m [0m
[38;2;13;13;13m [38;2;13;13;13m [38;2;13;13;13m [38;2;55;110;109m-[38;2;14;20;23m.[38;2;40;136;124m=[38;2;63;221;205m#[38;2;50;164;148m+[38;2;39;87;77m-[38;2;36;79;70m:[38;2;101;120;115m=[38;2;235;238;237m%[38;2;24;49;41m:[38;2;227;229;230m%[38;2;106;127;122m=[38;2;36;82;72m-[38;2;40;92;81m-[38;2;52;166;152m+[38;2;66;226;208m#[38;2;42;129;120m=[38;2;18;32;30m.[38;2;58;105;101m-[38;2;13;13;13m [38;2;13;13;13m [38;2;13;13;13m [0m
[38;2;13;13;13m [38;2;13;13;13m [38;2;13;13;13m [38;2;41;110;106m-[38;2;12;20;22m.[38;2;50;145;135m=[38;2;93;238;230m#[38;2;57;172;161m+[38;2;35;93;82m-[38;2;33;86;76m-[38;2;101;119;116m=[38;2;235;238;237m%[38;2;22;52;44m:[38;2;227;229;229m%[38;2;105;126;119m=[38;2;37;79;71m:[38;2;40;92;81m-[38;2;51;169;155m+[38;2;63;209;192m*[38;2;39;126;117m=[38;2;18;31;30m.[38;2;42;97;90m-[38;2;13;13;13m [38;2;13;13;13m [38;2;13;13;13m [0m
[38;2;13;13;13m [38;2;13;13;13m [38;2;13;13;13m [38;2;38;103;97m-[38;2;12;22;20m.[38;2;49;148;144m=[38;2;84;240;226m#[38;2;61;183;173m*[38;2;32;101;92m-[38;2;32;88;76m-[38;2;97;125;118m=[38;2;235;237;237m%[38;2;24;52;44m:[38;2;225;230;229m%[38;2;107;125;121m=[38;2;33;76;67m:[38;2;35;85;75m-[38;2;50;152;136m+[38;2;64;189;169m*[38;2;45;121;111m=[38;2;15;30;29m.[38;2;35;96;87m-[38;2;13;13;13m [38;2;13;13;13m [38;2;13;13;13m [0m
[38;2;13;13;13m [38;2;13;13;13m [38;2;13;13;13m [38;2;43;103;98m-[38;2;13;22;20m.[38;2;44;147;141m=[38;2;64;229;213m#[38;2;53;176;165m+[38;2;34;102;89m-[38;2;35;91;82m-[38;2;97;121;115m=[38;2;221;226;226m%[38;2;26;54;47m:[38;2;213;219;219m%[38;2;100;123;117m=[38;2;34;82;71m-[38;2;33;84;74m-[38;2;49;152;134m+[38;2;75;215;192m*[38;2;42;119;108m=[38;2;14;31;29m.[38;2;45;99;93m-[38;2;13;13;13m [38;2;13;13;13m [38;2;13;13;13m [0m
[38;2;13;13;13m [38;2;13;13;13m [38;2;13;13;13m [38;2;41;102;93m-[38;2;12;23;21m.[38;2;44;141;136m=[38;2;65;238;223m#[38;2;52;175;165m+[38;2;37;105;95m-[38;2;34;92;79m-[38;2;30;79;70m:[38;2;29;70;63m:[38;2;32;75;66m:[38;2;28;70;61m:[38;2;31;74;65m:[38;2;37;87;77m-[38;2;36;97;85m-[38;2;54;168;151m+[38;2;73;215;196m*[38;2;43;118;107m=[38;2;17;29;28m.[38;2;56;103;99m-[38;2;12;12;13m [38;2;13;13;13m [38;2;13;13;13m [0m
[38;2;13;13;13m [38;2;13;13;13m [38;2;13;13;13m [38;2;52;112;109m-[38;2;14;25;25m.[38;2;43;118;114m=[38;2;66;211;194m*[38;2;51;177;167m+[38;2;33;96;83m-[38;2;34;106;90m-[38;2;37;96;86m-[38;2;36;94;84m-[38;2;36;95;84m-[38;2;37;98;85m-[38;2;39;95;84m-[38;2;39;98;86m-[38;2;33;87;79m-[38;2;49;161;145m+[38;2;77;231;212m#[38;2;42;107;105m-[38;2;15;30;28m.[38;2;53;102;97m-[38;2;12;12;13m [38;2;13;13;13m [38;2;13;13;13m [0m
[38;2;13;13;13m [38;2;13;13;13m [38;2;13;13;13m [38;2;31;79;76m:[38;2;30;88;84m-[38;2;14;19;19m.[38;2;51;158;151m+[38;2;44;149;141m=[38;2;13;18;15m.[38;2;25;62;55m:[38;2;40;111;97m-[38;2;36;107;94m-[38;2;29;76;66m:[38;2;38;105;93m-[38;2;38;103;89m-[38;2;23;51;47m:[38;2;12;22;21m.[38;2;50;149;139m=[38;2;53;145;139m=[38;2;10;16;17m.[38;2;38;94;90m-[38;2;32;64;63m:[38;2;13;13;13m [38;2;13;13;13m [38;2;13;13;13m [0m
[38;2;13;13;13m [38;2;13;13;13m [38;2;13;13;13m [38;2;13;14;13m [38;2;34;95;92m-[38;2;36;88;85m-[38;2;13;20;18m.[38;2;16;24;25m.[38;2;25;66;58m:[38;2;13;23;22m.[38;2;26;63;55m:[38;2;24;52;46m:[38;2;12;14;14m [38;2;24;55;51m:[38;2;23;56;51m:[38;2;15;22;22m.[38;2;22;50;45m:[38;2;17;27;27m.[38;2;12;15;17m.[38;2;40;95;87m-[38;2;35;78;76m:[38;2;12;12;14m [38;2;12;14;13m [38;2;12;13;13m [38;2;13;13;13m [0m
[38;2;7;7;7m [38;2;13;13;13m [38;2;13;13;13m [38;2;13;13;13m [38;2;12;13;13m [38;2;39;91;86m-[38;2;41;98;96m-[38;2;13;15;15m.[38;2;32;83;71m-[38;2;33;94;84m-[38;2;12;21;19m.[38;2;29;31;30m.[38;2;168;179;177m*[38;2;26;26;27m.[38;2;16;21;21m.[38;2;34;85;71m-[38;2;31;65;58m:[38;2;12;15;17m.[38;2;42;98;93m-[38;2;37;74;72m:[38;2;12;14;15m [38;2;12;13;13m [38;2;13;13;13m [38;2;13;13;13m [38;2;13;13;13m [0m
[38;2;7;7;7m [38;2;13;13;13m [38;2;13;13;13m [38;2;13;13;13m [38;2;13;13;13m [38;2;13;14;13m [38;2;42;89;88m-[38;2;47;95;93m-[38;2;10;17;16m.[38;2;32;82;71m:[38;2;35;88;76m-[38;2;14;21;22m.[38;2;73;78;78m-[38;2;15;23;23m.[38;2;35;87;74m-[38;2;30;67;60m:[38;2;13;13;18m [38;2;46;99;93m-[38;2;37;74;71m:[38;2;13;13;13m [38;2;13;13;13m [38;2;13;13;13m [38;2;13;13;13m [38;2;13;13;13m [38;2;6;6;6m [0m
[38;2;1;1;1m [38;2;7;7;7m [38;2;13;13;13m [38;2;13;13;13m [38;2;13;13;13m [38;2;14;13;14m [38;2;14;14;14m [38;2;41;82;80m-[38;2;38;101;96m-[38;2;13;16;17m.[38;2;30;76;66m:[38;2;29;76;65m:[38;2;16;26;25m.[38;2;33;77;66m:[38;2;30;72;62m:[38;2;14;16;17m.[38;2;42;97;89m-[38;2;29;66;61m:[38;2;12;13;13m [38;2;14;13;13m [38;2;13;12;14m [38;2;13;13;14m [38;2;13;13;13m [38;2;6;6;6m [38;2;0;0;0m [0m
[38;2;0;0;0m [38;2;1;1;1m [38;2;7;7;7m [38;2;13;13;13m [38;2;13;13;13m [38;2;13;13;13m [38;2;13;13;13m [38;2;13;13;13m [38;2;30;78;75m:[38;2;35;102;98m-[38;2;15;15;18m.[38;2;18;33;29m.[38;2;19;31;28m.[38;2;20;31;29m.[38;2;12;15;15m.[38;2;44;105;96m-[38;2;31;65;63m:[38;2;13;13;14m [38;2;13;13;14m [38;2;13;13;14m [38;2;13;13;13m [38;2;13;13;13m [38;2;6;6;6m [38;2;1;1;1m [38;2;0;0;0m [0m
[38;2;0;0;0m [38;2;0;0;0m [38;2;1;1;1m [38;2;1;1;1m [38;2;7;7;7m [38;2;13;13;13m [38;2;13;13;13m [38;2;13;13;13m [38;2;14;14;14m [38;2;27;71;66m:[38;2;43;104;100m-[38;2;19;37;35m.[38;2;19;34;34m.[38;2;19;36;35m.[38;2;47;104;97m-[38;2;32;62;59m:[38;2;13;13;15m [38;2;13;13;14m [38;2;13;13;13m [38;2;13;13;13m [38;2;13;13;13m [38;2;6;6;6m [38;2;1;1;1m [38;2;0;0;0m [38;2;0;0;0m [0m
[38;2;0;0;0m [38;2;0;0;0m [38;2;0;0;0m [38;2;0;0;0m [38;2;1;1;1m [38;2;8;8;8m [38;2;13;13;13m [38;2;13;13;13m [38;2;13;13;13m [38;2;13;14;14m [38;2;32;61;58m:[38;2;45;95;88m-[38;2;45;84;81m-[38;2;43;91;86m-[38;2;25;52;48m:[38;2;12;14;13m [38;2;13;13;13m [38;2;13;13;13m [38;2;13;13;13m [38;2;13;13;13m [38;2;6;6;6m [38;2;1;1;1m [38;2;0;0;0m [38;2;0;0;0m [38;2;0;0;0m [0m
[38;2;0;0;0m [38;2;0;0;0m [38;2;0;0;0m [38;2;0;0;0m [38;2;0;0;0m [38;2;1;1;1m [38;2;8;8;8m [38;2;13;13;13m [38;2;13;13;13m [38;2;14;14;14m [38;2;14;14;14m [38;2;13;13;13m [38;2;14;14;14m [38;2;14;13;14m [38;2;13;13;13m [38;2;13;13;13m [38;2;13;13;13m [38;2;13;13;13m [38;2;13;13;13m [38;2;6;6;6m [38;2;1;1;1m [38;2;0;0;0m [38;2;0;0;0m [38;2;0;0;0m [38;2;0;0;0m [0m
[38;2;0;0;0m [38;2;0;0;0m [38;2;0;0;0m [38;2;0;0;0m [38;2;0;0;0m [38;2;0;0;0m [38;2;1;1;1m [38;2;8;8;8m [38;2;13;13;13m [38;2;13;13;13m [38;2;13;13;13m [38;2;13;13;13m [38;2;13;13;13m [38;2;13;13;13m [38;2;13;13;13m [38;2;13;13;13m [38;2;13;13;13m [38;2;6;6;6m [38;2;2;2;2m [38;2;1;1;1m [38;2;0;0;0m [38;2;0;0;0m [38;2;0;0;0m [38;2;0;0;0m [38;2;0;0;0m [0m
[38;2;0;0;0m [38;2;0;0;0m [38;2;0;0;0m [38;2;0;0;0m [38;2;0;0;0m [38;2;0;0;0m [38;2;0;0;0m [38;2;1;1;1m [38;2;8;8;8m [38;2;13;13;13m [38;2;13;13;13m [38;2;13;13;13m [38;2;13;13;13m [38;2;13;13;13m [38;2;13;13;13m [38;2;13;13;13m [38;2;6;6;6m [38;2;1;1;1m [38;2;0;0;0m [38;2;0;0;0m [38;2;0;0;0m [38;2;0;0;0m [38;2;0;0;0m [38;2;0;0;0m [38;2;0;0;0m [0m
