[38;2;7;7;7m [38;2;13;13;13m [38;2;13;13;13m [38;2;13;13;13m [38;2;13;13;13m [38;2;13;13;13m [38;2;13;13;13m [38;2;13;13;13m [38;2;13;13;13m [38;2;13;13;13m [38;2;13;13;13m [38;2;13;13;13m [38;2;13;13;13m [38;2;13;13;13m [38;2;13;13;13m [38;2;13;13;13m [38;2;13;13;13m [38;2;13;13;13m [38;2;13;13;13m [38;2;13;13;13m [38;2;13;13;13m [38;2;13;13;13m [38;2;13;13;13m [38;2;13;13;13m [38;2;5;5;5m [0m
[38;2;13;13;13m [38;2;13;13;13m [38;2;13;13;13m [38;2;13;13;13m [38;2;13;13;13m [38;2;13;13;13m [38;2;13;13;13m [38;2;13;13;13m [38;2;13;13;13m [38;2;13;13;13m [38;2;13;13;13m [38;2;13;13;13m [38;2;13;13;13m [38;2;13;13;13m [38;2;13;13;13m [38;2;13;13;13m [38;2;13;13;13m [38;2;13;13;13m [38;2;13;13;13m [38;2;13;13;13m [38;2;13;13;13m [38;2;13;13;13m [38;2;13;13;13m [38;2;13;13;13m [38;2;13;13;13m [0m
[38;2;13;13;13m [38;2;13;13;13m [38;2;13;13;13m [38;2;13;13;13m [38;2;17;20;19m.[38;2;14;22;20m.[38;2;14;22;20m.[38;2;15;21;20m.[38;2;13;19;18m.[38;2;14;20;19m.[38;2;14;19;18m.[38;2;12;19;19m.[38;2;11;18;18m.[38;2;12;20;20m.[38;2;12;20;21m.[38;2;12;21;21m.[38;2;14;20;19m.[38;2;14;20;19m.[38;2;16;21;22m.[38;2;16;22;23m.[38;2;14;20;19m.[38;2;12;13;12m [38;2;13;13;13m [38;2;13;13;13m [38;2;13;13;13m [0m
[38;2;13;13;13m [38;2;13;13;13m [38;2;13;13;13m [38;2;57;81;79m-[38;2;71;114;112m=[38;2;68;112;109m=[38;2;66;113;110m=[38;2;55;110;106m-[38;2;55;109;105m-[38;2;56;107;102m-[38;2;64;106;104m-[38;2;61;113;109m=[38;2;98;166;159m+[38;2;61;118;115m=[38;2;58;108;105m-[38;2;63;111;107m=[38;2;60;111;106m=[38;2;59;103;101m-[38;2;63;104;100m-[38;2;68;103;102m-[38;2;65;118;117m=[38;2;45;76;73m:[38;2;13;13;13m [38;2;13;13;13m [38;2;13;13;13m [0m
[38;2;13;13;13m [38;2;13;13;13m [38;2;13;13;13m [38;2;64;99;97m-[38;2;16;23;23m.[38;2;13;13;13m [38;2;11;13;13m [38;2;12;13;14m [38;2;13;13;14m [38;2;12;13;14m [38;2;13;14;14m [38;2;13;13;14m [38;2;16;27;24m.[38;2;12;13;13m [38;2;13;14;14m [38;2;12;13;13m [38;2;11;13;13m [38;2;12;13;12m [38;2;12;14;13m [38;2;13;13;13m [38;2;18;25;24m.[38;2;65;90;87m-[38;2;13;12;13m [38;2;13;13;13m [38;2;13;13;13m [0m
[38;2;13;13;13m [38;2;13;13;13m [38;2;13;13;13m [38;2;61;107;106m-[38;2;17;24;25m.[38;2;51;107;103m-[38;2;90;191;186m*[38;2;94;157;149m+[38;2;69;116;104m=[38;2;57;107;94m-[38;2;46;90;79m-[38;2;19;30;28m.[38;2;14;13;15m [38;2;20;40;38m.[38;2;45;99;87m-[38;2;48;108;96m-[38;2;59;120;108m=[38;2;84;151;147m+[38;2;119;200;195m*[38;2;63;100;100m-[38;2;19;25;26m.[38;2;68;87;88m-[38;2;12;13;11m [38;2;13;13;13m [38;2;13;13;13m [0m
[38;2;13;13;13m [38;2;13;13;13m [38;2;13;13;13m [38;2;70;106;105m-[38;2;18;28;28m.[38;2;73;136;133m=[38;2;130;222;220m#[38;2;89;164;153m+[38;2;55;106;96m-[38;2;51;103;92m-[38;2;46;101;89m-[38;2;45;101;89m-[38;2;36;77;69m:[38;2;51;112;100m-[38;2;52;113;101m-[38;2;54;119;105m=[38;2;59;126;112m=[38;2;102;189;184m*[38;2;128;238;233m%[38;2;71;141;143m=[38;2;20;34;34m.[38;2;66;103;103m-[38;2;12;13;11m [38;2;13;13;13m [38;2;13;13;13m [0m
[38;2;13;13;13m [38;2;13;13;13m [38;2;13;13;13m [38;2;70;114;111m=[38;2;49;85;85m-[38;2;64;139;130m=[38;2;107;214;208m#[38;2;81;163;154m+[38;2;58;109;99m-[38;2;55;102;92m-[38;2;52;99;90m-[38;2;44;94;84m-[38;2;44;96;85m-[38;2;46;101;89m-[38;2;50;107;95m-[38;2;50;106;95m-[38;2;58;123;110m=[38;2;95;185;179m*[38;2;99;223;216m#[38;2;62;130;129m=[38;2;54;82;83m-[38;2;67;103;104m-[38;2;12;13;11m [38;2;13;13;13m [38;2;13;13;13m [0m
[38;2;13;13;13m [38;2;13;13;13m [38;2;13;13;13m [38;2;47;100;94m-[38;2;45;87;84m-[38;2;63;138;130m=[38;2;107;219;213m#[38;2;82;175;165m+[38;2;49;98;88m-[38;2;45;91;81m-[38;2;47;93;84m-[38;2;47;95;86m-[38;2;43;92;82m-[38;2;42;89;80m-[38;2;48;103;93m-[38;2;50;107;97m-[38;2;48;111;98m-[38;2;64;180;170m+[38;2;76;229;221m#[38;2;53;122;119m=[38;2;55;89;89m-[38;2;68;97;96m-[38;2;12;13;11m [38;2;13;13;13m [38;2;13;13;13m [0m
[38;2;13;13;13m [38;2;13;13;13m [38;2;13;13;13m [38;2;57;118;115m=[38;2;41;80;78m-[38;2;59;123;118m=[38;2;113;212;209m#[38;2;85;173;161m+[38;2;44;90;80m-[38;2;44;89;79m-[38;2;44;90;80m-[38;2;45;91;82m-[38;2;44;92;83m-[38;2;42;92;82m-[38;2;45;98;87m-[38;2;45;97;88m-[38;2;55;118;106m=[38;2;81;198;187m*[38;2;108;246;244m%[38;2;59;141;139m=[38;2;46;87;85m-[38;2;74;110;112m=[38;2;12;13;12m [38;2;13;13;13m [38;2;13;13;13m [0m
[38;2;13;13;13m [38;2;13;13;13m [38;2;13;13;13m [38;2;53;117;114m=[38;2;14;22;23m.[38;2;67;138;132m=[38;2;131;238;234m%[38;2;86;165;157m+[38;2;48;98;88m-[38;2;42;80;72m-[38;2;94;117;113m=[38;2;40;75;69m:[38;2;39;85;77m-[38;2;40;81;72m-[38;2;93;122;116m=[38;2;48;93;86m-[38;2;56;120;107m=[38;2;88;191;182m*[38;2;99;228;229m#[38;2;55;128;128m=[38;2;19;32;33m.[38;2;67;105;105m-[38;2;12;13;12m [38;2;13;13;13m [38;2;13;13;13m [0m
[38;2;13;13;13m [38;2;13;13;13m [38;2;13;13;13m [38;2;61;114;113m=[38;2;13;23;22m.[38;2;69;148;142m+[38;2;125;238;232m%[38;2;83;173;162m+[38;2;43;99;87m-[38;2;36;76;68m:[38;2;225;228;229m%[38;2;104;124;120m=[38;2;34;85;72m-[38;2;89;117;112m=[38;2;230;234;234m%[38;2;35;81;72m:[38;2;43;107;95m-[38;2;75;164;157m+[38;2;93;201;201m*[38;2;56;140;138m=[38;2;19;28;29m.[38;2;67;97;95m-[38;2;12;13;13m [38;2;13;13;13m [38;2;13;13;13m [0m
[38;2;13;13;13m [38;2;13;13;13m [38;2;13;13;13m [38;2;60;113;112m=[38;2;14;24;22m.[38;2;68;149;143m+[38;2;126;242;235m%[38;2;86;176;166m*[38;2;45;104;93m-[38;2;41;86;78m-[38;2;151;166;164m*[38;2;171;182;179m*[38;2;29;67;59m:[38;2;157;169;167m*[38;2;157;172;169m*[38;2;36;87;77m-[38;2;41;104;92m-[38;2;67;171;164m+[38;2;97;215;215m#[38;2;59;138;137m=[38;2;19;28;28m.[38;2;62;94;92m-[38;2;12;13;13m [38;2;13;13;13m [38;2;13;13;13m [0m
[38;2;13;13;13m [38;2;13;13;13m [38;2;13;13;13m [38;2;63;105;104m-[38;2;16;22;21m.[38;2;53;147;141m=[38;2;92;237;226m#[38;2;70;176;163m+[38;2;43;99;89m-[38;2;39;89;80m-[38;2;79;106;101m=[38;2;239;241;242m%[38;2;37;62;56m:[38;2;228;233;233m%[38;2;83;112;106m=[38;2;36;89;80m-[38;2;39;98;87m-[38;2;67;170;162m+[38;2;104;234;235m#[38;2;58;143;140m=[38;2;20;31;31m.[38;2;65;106;101m-[38;2;12;13;13m [38;2;13;13;13m [38;2;13;13;13m [0m
[38;2;13;13;13m [38;2;13;13;13m [38;2;13;13;13m [38;2;62;108;108m-[38;2;14;24;21m.[38;2;44;141;135m=[38;2;63;228;210m#[38;2;52;174;160m+[38;2;42;100;90m-[38;2;39;92;82m-[38;2;32;67;60m:[38;2;225;230;230m%[38;2;136;145;142m+[38;2;233;237;237m%[38;2;35;76;69m:[38;2;36;85;78m-[38;2;39;102;89m-[38;2;71;175;170m+[38;2;82;198;192m*[38;2;44;116;110m=[38;2;18;31;33m.[38;2;65;105;102m-[38;2;12;13;13m [38;2;13;13;13m [38;2;13;13;13m [0m
[38;2;13;13;13m [38;2;13;13;13m [38;2;13;13;13m [38;2;56;116;112m=[38;2;15;24;23m.[38;2;44;138;133m=[38;2;63;215;199m*[38;2;51;173;160m+[38;2;39;101;91m-[38;2;38;94;84m-[38;2;30;75;67m:[38;2;153;167;164m*[38;2;248;249;248m@[38;2;160;175;172m*[38;2;31;82;72m:[38;2;33;87;78m-[38;2;31;100;88m-[38;2;54;147;137m=[38;2;79;193;186m*[38;2;41;109;104m-[38;2;25;35;35m.[38;2;55;100;98m-[38;2;12;13;13m [38;2;13;13;13m [38;2;13;13;13m [0m
[38;2;13;13;13m [38;2;13;13;13m [38;2;13;13;13m [38;2;53;112;109m=[38;2;14;25;24m.[38;2;44;136;136m=[38;2;62;189;183m*[38;2;57;171;161m+[38;2;43;113;100m-[38;2;38;103;91m-[38;2;33;85;76m-[38;2;82;111;105m=[38;2;238;242;242m@[38;2;84;114;110m=[38;2;34;89;80m-[38;2;39;99;90m-[38;2;33;93;84m-[38;2;57;155;149m+[38;2;72;182;171m*[38;2;46;118;112m=[38;2;17;27;26m.[38;2;52;94;91m-[38;2;13;13;13m [38;2;13;13;13m [38;2;13;13;13m [0m
[38;2;13;13;13m [38;2;13;13;13m [38;2;13;13;13m [38;2;62;101;101m-[38;2;15;24;22m.[38;2;44;137;133m=[38;2;65;219;212m#[38;2;49;169;156m+[38;2;44;121;107m=[38;2;40;111;99m-[38;2;38;102;92m-[38;2;32;86;77m-[38;2;26;71;62m:[38;2;28;82;72m:[38;2;32;94;84m-[38;2;37;105;92m-[38;2;36;96;85m-[38;2;80;180;174m*[38;2;113;237;234m#[38;2;53;125;126m=[38;2;18;28;27m.[38;2;56;90;86m-[38;2;13;13;13m [38;2;13;13;13m [38;2;13;13;13m [0m
[38;2;13;13;13m [38;2;13;13;13m [38;2;13;13;13m [38;2;50;106;104m-[38;2;14;23;22m.[38;2;43;110;104m-[38;2;69;209;198m*[38;2;52;168;156m+[38;2;41;107;96m-[38;2;40;121;108m=[38;2;38;104;93m-[38;2;39;100;91m-[38;2;34;94;84m-[38;2;37;97;88m-[38;2;33;91;84m-[38;2;35;107;95m-[38;2;36;104;92m-[38;2;89;185;178m*[38;2;112;251;250m%[38;2;52;110;108m-[38;2;16;31;27m.[38;2;56;99;93m-[38;2;13;13;13m [38;2;13;13;13m [38;2;13;13;13m [0m
[38;2;13;13;13m [38;2;13;13;13m [38;2;13;13;13m [38;2;42;83;82m-[38;2;49;93;88m-[38;2;13;17;19m.[38;2;51;142;141m=[38;2;47;141;134m=[38;2;13;17;19m.[38;2;27;65;59m:[38;2;42;118;104m=[38;2;39;114;99m-[38;2;29;74;65m:[38;2;44;118;106m=[38;2;43;115;100m-[38;2;25;56;51m:[38;2;14;22;23m.[38;2;78;168;161m+[38;2;67;150;148m+[38;2;13;15;18m.[38;2;55;97;93m-[38;2;37;65;62m:[38;2;13;13;13m [38;2;13;13;13m [38;2;13;13;13m [0m
[38;2;13;13;13m [38;2;13;13;13m [38;2;13;13;13m [38;2;13;14;14m [38;2;44;98;94m-[38;2;42;92;90m-[38;2;14;18;18m.[38;2;15;25;24m.[38;2;25;60;53m:[38;2;12;21;22m.[38;2;26;64;55m:[38;2;23;53;47m:[38;2;13;12;13m [38;2;26;60;54m:[38;2;27;58;53m:[38;2;15;23;23m.[38;2;29;56;49m:[38;2;18;27;28m.[38;2;14;16;18m.[38;2;53;96;90m-[38;2;49;81;80m-[38;2;13;12;14m [38;2;13;13;13m [38;2;13;13;13m [38;2;13;13;13m [0m
[38;2;7;7;7m [38;2;13;13;13m [38;2;13;13;13m [38;2;13;14;13m [38;2;13;12;14m [38;2;39;86;85m-[38;2;41;87;85m-[38;2;11;16;14m.[38;2;31;80;69m:[38;2;33;101;93m-[38;2;13;20;22m.[38;2;27;29;29m.[38;2;173;179;177m*[38;2;25;25;26m.[38;2;16;23;24m.[38;2;46;99;86m-[38;2;43;82;72m-[38;2;12;14;16m [38;2;59;102;96m-[38;2;49;82;82m-[38;2;13;13;15m [38;2;13;13;13m [38;2;12;14;13m [38;2;12;13;13m [38;2;13;13;13m [0m
[38;2;7;7;7m [38;2;13;13;13m [38;2;13;13;13m [38;2;13;13;13m [38;2;13;13;13m [38;2;13;13;13m [38;2;33;82;77m-[38;2;45;91;90m-[38;2;12;17;18m.[38;2;34;86;77m-[38;2;40;97;85m-[38;2;14;23;20m.[38;2;73;78;76m-[38;2;15;25;23m.[38;2;43;95;83m-[38;2;38;78;70m:[38;2;13;14;15m [38;2;51;104;101m-[38;2;43;78;77m:[38;2;13;13;15m [38;2;13;13;13m [38;2;13;13;13m [38;2;13;13;13m [38;2;13;13;13m [38;2;6;6;6m [0m
[38;2;1;1;1m [38;2;7;7;7m [38;2;13;13;13m [38;2;13;13;13m [38;2;13;13;13m [38;2;13;13;13m [38;2;13;14;14m [38;2;32;78;73m:[38;2;33;91;88m-[38;2;11;18;17m.[38;2;34;92;80m-[38;2;36;93;83m-[38;2;17;30;28m.[38;2;41;93;80m-[38;2;37;75;66m:[38;2;15;16;16m.[38;2;52;103;98m-[38;2;38;72;70m:[38;2;14;14;16m [38;2;13;13;14m [38;2;12;14;13m [38;2;12;13;13m [38;2;13;13;13m [38;2;6;6;6m [38;2;0;0;0m [0m
[38;2;0;0;0m [38;2;1;1;1m [38;2;7;7;7m [38;2;13;13;13m [38;2;13;13;13m [38;2;13;13;13m [38;2;13;13;13m [38;2;13;13;13m [38;2;32;69;69m:[38;2;39;93;90m-[38;2;13;17;19m.[38;2;21;38;37m.[38;2;22;36;34m.[38;2;22;35;34m.[38;2;13;16;16m.[38;2;45;107;99m-[38;2;34;68;68m:[38;2;12;13;14m [38;2;13;13;13m [38;2;13;13;13m [38;2;13;13;13m [38;2;13;13;13m [38;2;6;6;6m [38;2;1;1;1m [38;2;0;0;0m [0m
[38;2;0;0;0m [38;2;0;0;0m [38;2;1;1;1m [38;2;1;1;1m [38;2;7;7;7m [38;2;13;13;13m [38;2;13;13;13m [38;2;13;13;13m [38;2;13;13;13m [38;2;33;71;68m:[38;2;52;107;104m-[38;2;18;41;36m.[38;2;18;38;33m.[38;2;20;38;34m.[38;2;47;105;100m-[38;2;32;62;63m:[38;2;12;13;13m [38;2;12;13;12m [38;2;13;13;13m [38;2;13;13;13m [38;2;13;13;13m [38;2;6;6;6m [38;2;1;1;1m [38;2;0;0;0m [38;2;0;0;0m [0m
[38;2;0;0;0m [38;2;0;0;0m [38;2;0;0;0m [38;2;0;0;0m [38;2;1;1;1m [38;2;8;8;8m [38;2;13;13;13m [38;2;13;13;13m [38;2;13;13;13m [38;2;13;13;13m [38;2;30;59;57m:[38;2;41;90;87m-[38;2;41;83;82m-[38;2;39;86;82m-[38;2;26;55;52m:[38;2;13;13;13m [38;2;13;13;13m [38;2;13;13;13m [38;2;13;13;13m [38;2;13;13;13m [38;2;6;6;6m [38;2;1;1;1m [38;2;0;0;0m [38;2;0;0;0m [38;2;0;0;0m [0m
[38;2;0;0;0m [38;2;0;0;0m [38;2;0;0;0m [38;2;0;0;0m [38;2;0;0;0m [38;2;1;1;1m [38;2;8;8;8m [38;2;13;13;13m [38;2;13;13;13m [38;2;13;13;13m [38;2;13;13;13m [38;2;13;13;13m [38;2;13;13;13m [38;2;13;13;13m [38;2;13;13;13m [38;2;13;13;13m [38;2;13;13;13m [38;2;13;13;13m [38;2;13;13;13m [38;2;6;6;6m [38;2;1;1;1m [38;2;0;0;0m [38;2;0;0;0m [38;2;0;0;0m [38;2;0;0;0m [0m
[38;2;0;0;0m [38;2;0;0;0m [38;2;0;0;0m [38;2;0;0;0m [38;2;0;0;0m [38;2;0;0;0m [38;2;1;1;1m [38;2;8;8;8m [38;2;13;13;13m [38;2;13;13;13m [38;2;13;13;13m [38;2;13;13;13m [38;2;13;13;13m [38;2;13;13;13m [38;2;13;13;13m [38;2;13;13;13m [38;2;13;13;13m [38;2;6;6;6m [38;2;2;2;2m [38;2;1;1;1m [38;2;0;0;0m [38;2;0;0;0m [38;2;0;0;0m [38;2;0;0;0m [38;2;0;0;0m [0m
[38;2;0;0;0m [38;2;0;0;0m [38;2;0;0;0m [38;2;0;0;0m [38;2;0;0;0m [38;2;0;0;0m [38;2;0;0;0m [38;2;1;1;1m [38;2;8;8;8m [38;2;13;13;13m [38;2;13;13;13m [38;2;13;13;13m [38;2;13;13;13m [38;2;13;13;13m [38;2;13;13;13m [38;2;13;13;13m [38;2;6;6;6m [38;2;1;1;1m [38;2;0;0;0m [38;2;0;0;0m [38;2;0;0;0m [38;2;0;0;0m [38;2;0;0;0m [38;2;0;0;0m [38;2;0;0;0m [0m
