[38;2;7;7;7m [38;2;13;13;13m [38;2;13;13;13m [38;2;13;13;13m [38;2;13;13;13m [38;2;13;13;13m [38;2;13;13;13m [38;2;13;13;13m [38;2;13;13;13m [38;2;13;13;13m [38;2;13;13;13m [38;2;13;13;13m [38;2;13;13;13m [38;2;13;13;13m [38;2;13;13;13m [38;2;13;13;13m [38;2;13;13;13m [38;2;13;13;13m [38;2;13;13;13m [38;2;13;13;13m [38;2;13;13;13m [38;2;13;13;13m [38;2;13;13;13m [38;2;13;13;13m [38;2;5;5;5m [0m
[38;2;13;13;13m [38;2;13;13;13m [38;2;13;13;13m [38;2;13;13;13m [38;2;13;13;13m [38;2;13;13;13m [38;2;13;13;13m [38;2;13;13;13m [38;2;13;13;13m [38;2;13;13;13m [38;2;13;13;13m [38;2;13;13;13m [38;2;13;13;13m [38;2;13;13;13m [38;2;13;13;13m [38;2;13;13;13m [38;2;13;13;13m [38;2;13;13;13m [38;2;13;13;13m [38;2;13;13;13m [38;2;13;13;13m [38;2;13;13;13m [38;2;13;13;13m [38;2;13;13;13m [38;2;13;13;13m [0m
[38;2;13;13;13m [38;2;13;13;13m [38;2;13;13;13m [38;2;13;13;13m [38;2;12;21;19m.[38;2;13;20;18m.[38;2;13;20;18m.[38;2;13;19;18m.[38;2;11;20;18m.[38;2;12;20;18m.[38;2;11;20;18m.[38;2;11;20;18m.[38;2;11;20;18m.[38;2;10;21;18m.[38;2;13;21;19m.[38;2;14;21;19m.[38;2;12;21;19m.[38;2;11;22;19m.[38;2;13;21;19m.[38;2;15;21;20m.[38;2;15;22;20m.[38;2;12;13;13m [38;2;13;13;13m [38;2;13;13;13m [38;2;13;13;13m [0m
[38;2;13;13;13m [38;2;13;13;13m [38;2;13;13;13m [38;2;35;80;77m:[38;2;45;105;97m-[38;2;45;102;96m-[38;2;47;106;99m-[38;2;48;110;103m-[38;2;44;108;99m-[38;2;56;108;104m-[38;2;48;109;102m-[38;2;51;127;120m=[38;2;95;219;213m#[38;2;53;129;122m=[38;2;52;116;111m=[38;2;53;117;113m=[38;2;51;118;113m=[38;2;54;117;113m=[38;2;55;117;114m=[38;2;53;118;114m=[38;2;57;128;122m=[38;2;43;83;81m-[38;2;13;13;13m [38;2;13;13;13m [38;2;13;13;13m [0m
[38;2;13;13;13m [38;2;13;13;13m [38;2;13;13;13m [38;2;41;103;98m-[38;2;16;22;21m.[38;2;12;12;11m [38;2;11;14;13m [38;2;11;14;13m [38;2;12;13;13m [38;2;12;14;13m [38;2;12;13;13m [38;2;12;12;15m [38;2;16;29;28m.[38;2;13;13;13m [38;2;12;14;13m [38;2;12;14;13m [38;2;12;13;13m [38;2;11;13;15m [38;2;12;14;13m [38;2;13;13;14m [38;2;15;35;33m.[38;2;50;109;106m-[38;2;13;13;13m [38;2;13;13;13m [38;2;13;13;13m [0m
[38;2;13;13;13m [38;2;13;13;13m [38;2;13;13;13m [38;2;45;108;103m-[38;2;14;20;21m.[38;2;46;100;93m-[38;2;88;192;181m*[38;2;52;127;116m=[38;2;38;74;65m:[38;2;38;77;66m:[38;2;34;71;61m:[38;2;18;26;24m.[38;2;13;14;15m [38;2;17;37;33m.[38;2;37;89;79m-[38;2;34;108;93m-[38;2;36;107;93m-[38;2;64;164;156m+[38;2;97;220;213m#[38;2;50;107;103m-[38;2;18;33;34m.[38;2;56;109;107m-[38;2;13;12;13m [38;2;13;13;13m [38;2;13;13;13m [0m
[38;2;13;13;13m [38;2;13;13;13m [38;2;13;13;13m [38;2;45;105;101m-[38;2;15;24;25m.[38;2;61;134;123m=[38;2;101;229;218m#[38;2;47;142;127m=[38;2;35;82;72m-[38;2;36;81;71m:[38;2;38;84;73m-[38;2;41;86;75m-[38;2;30;69;59m:[38;2;40;95;82m-[38;2;39;91;81m-[38;2;38;98;85m-[38;2;41;101;90m-[38;2;106;189;183m*[38;2;150;253;252m%[38;2;64;140;141m=[38;2;17;40;40m.[38;2;51;113;110m=[38;2;14;13;12m [38;2;13;13;13m [38;2;13;13;13m [0m
[38;2;13;13;13m [38;2;13;13;13m [38;2;13;13;13m [38;2;44;107;103m-[38;2;40;81;77m-[38;2;85;148;146m+[38;2;120;252;251m%[38;2;69;177;168m+[38;2;31;91;77m-[38;2;36;81;70m:[38;2;37;88;75m-[38;2;40;84;74m-[38;2;41;84;74m-[38;2;41;84;74m-[38;2;40;86;75m-[38;2;39;89;78m-[38;2;40;95;83m-[38;2;89;181;172m*[38;2;129;251;248m%[38;2;64;142;143m=[38;2;46;101;99m-[38;2;55;115;111m=[38;2;13;13;13m [38;2;13;13;13m [38;2;13;13;13m [0m
[38;2;13;13;13m [38;2;13;13;13m [38;2;13;13;13m [38;2;53;115;111m=[38;2;37;82;80m-[38;2;53;141;132m=[38;2;114;247;244m%[38;2;84;182;175m*[38;2;36;91;77m-[38;2;43;83;73m-[38;2;44;84;75m-[38;2;39;79;70m:[38;2;39;80;71m:[38;2;40;88;77m-[38;2;42;94;83m-[38;2;41;92;81m-[38;2;39;98;86m-[38;2;66;180;172m+[38;2;102;250;243m%[38;2;59;139;140m=[38;2;41;100;96m-[38;2;50;114;110m=[38;2;13;13;15m [38;2;13;13;13m [38;2;13;13;13m [0m
[38;2;13;13;13m [38;2;13;13;13m [38;2;13;13;13m [38;2;54;114;112m=[38;2;41;79;78m-[38;2;58;142;134m=[38;2;100;229;219m#[38;2;101;179;174m*[38;2;41;84;74m-[38;2;45;87;76m-[38;2;42;83;74m-[38;2;41;77;68m:[38;2;39;75;65m:[38;2;38;95;83m-[38;2;41;106;93m-[38;2;39;100;88m-[38;2;42;107;93m-[38;2;67;184;176m*[38;2;96;253;245m%[38;2;52;142;140m=[38;2;33;89;87m-[38;2;48;111;106m-[38;2;13;14;14m [38;2;13;13;13m [38;2;13;13;13m [0m
[38;2;13;13;13m [38;2;13;13;13m [38;2;13;13;13m [38;2;50;108;105m-[38;2;14;22;23m.[38;2;62;146;137m=[38;2;108;230;214m#[38;2;66;165;152m+[38;2;39;90;78m-[38;2;38;80;70m:[38;2;41;81;72m-[38;2;35;69;61m:[38;2;114;133;129m+[38;2;41;82;74m-[38;2;47;100;89m-[38;2;45;101;91m-[38;2;43;111;97m-[38;2;76;184;176m*[38;2;106;250;243m%[38;2;57;142;142m=[38;2;17;33;33m.[38;2;55;107;103m-[38;2;13;13;13m [38;2;13;13;13m [38;2;13;13;13m [0m
[38;2;13;13;13m [38;2;13;13;13m [38;2;13;13;13m [38;2;48;110;105m-[38;2;14;22;22m.[38;2;60;149;142m+[38;2;102;230;219m#[38;2;80;169;158m+[38;2;36;92;80m-[38;2;39;81;71m-[38;2;34;85;74m-[38;2;61;85;79m-[38;2;229;232;233m%[38;2;38;74;66m:[38;2;42;95;82m-[38;2;44;103;90m-[38;2;44;108;97m-[38;2;68;187;177m*[38;2;81;246;233m#[38;2;44;138;132m=[38;2;15;35;32m.[38;2;47;110;107m-[38;2;13;13;13m [38;2;13;13;13m [38;2;13;13;13m [0m
[38;2;13;13;13m [38;2;13;13;13m [38;2;13;13;13m [38;2;45;110;105m-[38;2;12;21;22m.[38;2;60;149;144m+[38;2;119;239;229m%[38;2;79;174;165m+[38;2;35;93;82m-[38;2;44;79;74m-[38;2;44;76;70m:[38;2;132;144;140m+[38;2;253;255;255m@[38;2;89;108;104m=[38;2;47;83;74m-[38;2;45;85;77m-[38;2;41;89;81m-[38;2;73;179;171m*[38;2;99;250;245m%[38;2;49;138;132m=[38;2;16;35;32m.[38;2;40;108;103m-[38;2;12;13;13m [38;2;13;13;13m [38;2;13;13;13m [0m
[38;2;13;13;13m [38;2;13;13;13m [38;2;13;13;13m [38;2;44;109;105m-[38;2;12;23;22m.[38;2;46;146;136m=[38;2;85;230;215m#[38;2;65;179;170m+[38;2;65;114;105m=[38;2;214;221;221m%[38;2;252;254;254m@[38;2;254;254;254m@[38;2;254;255;255m@[38;2;252;255;254m@[38;2;253;254;255m@[38;2;184;197;195m#[38;2;46;92;84m-[38;2;52;172;159m+[38;2;81;239;230m#[38;2;55;138;137m=[38;2;17;36;34m.[38;2;43;110;105m-[38;2;12;13;13m [38;2;13;13;13m [38;2;13;13;13m [0m
[38;2;13;13;13m [38;2;13;13;13m [38;2;13;13;13m [38;2;54;116;113m=[38;2;15;25;24m.[38;2;47;146;137m=[38;2;97;241;226m#[38;2;64;179;167m+[38;2;35;92;81m-[38;2;38;78;70m:[38;2;167;181;179m*[38;2;255;255;255m@[38;2;255;255;255m@[38;2;253;253;254m@[38;2;129;145;142m+[38;2;29;78;67m:[38;2;33;90;79m-[38;2;49;170;156m+[38;2;63;227;210m#[38;2;43;129;119m=[38;2;16;33;31m.[38;2;44;104;99m-[38;2;13;13;13m [38;2;13;13;13m [38;2;13;13;13m [0m
[38;2;13;13;13m [38;2;13;13;13m [38;2;13;13;13m [38;2;53;111;108m-[38;2;14;23;24m.[38;2;46;141;133m=[38;2;67;224;205m#[38;2;49;169;155m+[38;2;34;100;88m-[38;2;26;94;80m-[38;2;114;144;137m+[38;2;255;255;255m@[38;2;254;254;254m@[38;2;254;255;255m@[38;2;74;97;92m-[38;2;33;86;74m-[38;2;32;90;78m-[38;2;48;163;149m+[38;2;62;223;203m#[38;2;37;121;111m=[38;2;18;35;34m.[38;2;44;106;102m-[38;2;13;13;13m [38;2;13;13;13m [38;2;13;13;13m [0m
[38;2;13;13;13m [38;2;13;13;13m [38;2;13;13;13m [38;2;51;107;103m-[38;2;14;23;23m.[38;2;45;145;135m=[38;2;66;208;189m*[38;2;51;160;144m+[38;2;35;101;91m-[38;2;25;88;75m-[38;2;190;202;201m#[38;2;173;185;183m*[38;2;70;94;88m-[38;2;205;212;211m#[38;2;141;157;154m+[38;2;34;81;71m:[38;2;34;86;76m-[38;2;48;165;151m+[38;2;61;222;203m#[38;2;41;130;119m=[38;2;17;32;31m.[38;2;49;102;99m-[38;2;13;13;13m [38;2;13;13;13m [38;2;13;13;13m [0m
[38;2;13;13;13m [38;2;13;13;13m [38;2;13;13;13m [38;2;50;101;97m-[38;2;13;23;20m.[38;2;46;145;136m=[38;2;61;214;194m*[38;2;47;160;144m+[38;2;32;111;97m-[38;2;38;86;78m-[38;2;108;134;130m+[38;2;31;73;64m:[38;2;32;86;74m-[38;2;35;72;65m:[38;2;115;136;133m+[38;2;31;78;67m:[38;2;37;94;81m-[38;2;52;167;153m+[38;2;63;226;206m#[38;2;43;127;119m=[38;2;17;33;31m.[38;2;51;103;97m-[38;2;13;13;13m [38;2;13;13;13m [38;2;13;13;13m [0m
[38;2;13;13;13m [38;2;13;13;13m [38;2;13;13;13m [38;2;56;107;104m-[38;2;14;23;20m.[38;2;40;126;119m=[38;2;67;221;204m#[38;2;48;162;149m+[38;2;27;108;98m-[38;2;26;110;103m-[38;2;31;87;77m-[38;2;35;94;82m-[38;2;38;98;87m-[38;2;35;85;76m-[38;2;32;77;68m:[38;2;37;91;79m-[38;2;36;86;75m-[38;2;48;162;146m+[38;2;61;219;201m*[38;2;37;104;99m-[38;2;16;29;28m.[38;2;39;92;85m-[38;2;13;13;13m [38;2;13;13;13m [38;2;13;13;13m [0m
[38;2;13;13;13m [38;2;13;13;13m [38;2;13;13;13m [38;2;44;80;77m-[38;2;41;85;84m-[38;2;14;16;20m.[38;2;49;161;152m+[38;2;49;140;133m=[38;2;11;20;18m.[38;2;22;63;56m:[38;2;33;108;92m-[38;2;37;103;90m-[38;2;31;69;65m:[38;2;40;99;87m-[38;2;38;98;85m-[38;2;24;50;45m:[38;2;13;20;21m.[38;2;50;149;139m=[38;2;52;148;141m=[38;2;13;15;17m.[38;2;41;90;85m-[38;2;29;62;58m:[38;2;12;13;13m [38;2;13;13;13m [38;2;13;13;13m [0m
[38;2;13;13;13m [38;2;13;13;13m [38;2;13;13;13m [38;2;13;13;13m [38;2;47;95;90m-[38;2;46;90;85m-[38;2;12;19;17m.[38;2;17;23;24m.[38;2;25;63;54m:[38;2;15;22;22m.[38;2;26;59;51m:[38;2;22;48;43m.[38;2;11;14;14m [38;2;26;53;47m:[38;2;26;50;45m:[38;2;15;22;22m.[38;2;21;49;42m:[38;2;18;28;28m.[38;2;11;18;18m.[38;2;42;92;87m-[38;2;39;78;77m:[38;2;11;14;14m [38;2;13;13;13m [38;2;13;13;13m [38;2;13;13;13m [0m
[38;2;7;7;7m [38;2;13;13;13m [38;2;13;13;13m [38;2;13;13;13m [38;2;12;13;13m [38;2;44;87;83m-[38;2;42;88;89m-[38;2;11;16;14m.[38;2;28;81;71m:[38;2;33;89;80m-[38;2;13;21;19m.[38;2;27;29;28m.[38;2;154;165;163m*[38;2;23;24;25m.[38;2;14;22;22m.[38;2;31;81;69m:[38;2;27;69;58m:[38;2;13;15;16m.[38;2;36;97;88m-[38;2;33;73;71m:[38;2;11;13;15m [38;2;12;13;14m [38;2;13;13;13m [38;2;13;13;13m [38;2;13;13;13m [0m
[38;2;7;7;7m [38;2;13;13;13m [38;2;13;13;13m [38;2;13;13;13m [38;2;13;13;13m [38;2;13;13;13m [38;2;40;85;82m-[38;2;40;99;94m-[38;2;12;15;16m.[38;2;30;77;70m:[38;2;32;88;75m-[38;2;13;22;19m.[38;2;65;77;74m-[38;2;15;23;21m.[38;2;32;85;72m-[38;2;30;65;58m:[38;2;11;14;16m [38;2;46;95;92m-[38;2;35;73;69m:[38;2;12;13;13m [38;2;13;13;13m [38;2;13;13;13m [38;2;13;13;13m [38;2;13;13;13m [38;2;6;6;6m [0m
[38;2;1;1;1m [38;2;7;7;7m [38;2;13;13;13m [38;2;13;13;13m [38;2;13;13;13m [38;2;13;13;13m [38;2;12;13;13m [38;2;42;82;79m-[38;2;50;101;98m-[38;2;11;18;17m.[38;2;31;86;73m-[38;2;28;95;82m-[38;2;15;28;24m.[38;2;29;87;76m-[38;2;27;64;55m:[38;2;13;16;15m.[38;2;39;101;94m-[38;2;30;67;64m:[38;2;11;14;14m [38;2;12;13;14m [38;2;12;14;13m [38;2;12;13;13m [38;2;13;13;13m [38;2;6;6;6m [38;2;0;0;0m [0m
[38;2;0;0;0m [38;2;1;1;1m [38;2;7;7;7m [38;2;13;13;13m [38;2;13;13;13m [38;2;13;13;13m [38;2;13;13;13m [38;2;13;13;13m [38;2;37;78;75m:[38;2;40;100;96m-[38;2;14;17;19m.[38;2;19;41;36m.[38;2;18;37;35m.[38;2;17;37;34m.[38;2;13;16;16m.[38;2;41;102;98m-[38;2;30;67;64m:[38;2;12;14;14m [38;2;12;13;13m [38;2;13;13;13m [38;2;13;13;13m [38;2;13;13;13m [38;2;6;6;6m [38;2;1;1;1m [38;2;0;0;0m [0m
[38;2;0;0;0m [38;2;0;0;0m [38;2;1;1;1m [38;2;1;1;1m [38;2;7;7;7m [38;2;13;13;13m [38;2;13;13;13m [38;2;13;13;13m [38;2;13;13;13m [38;2;28;69;66m:[38;2;37;102;95m-[38;2;17;38;35m.[38;2;17;38;35m.[38;2;17;36;34m.[38;2;37;103;95m-[38;2;26;61;56m:[38;2;12;14;14m [38;2;12;14;14m [38;2;13;13;13m [38;2;13;13;13m [38;2;13;13;13m [38;2;6;6;6m [38;2;1;1;1m [38;2;0;0;0m [38;2;0;0;0m [0m
[38;2;0;0;0m [38;2;0;0;0m [38;2;0;0;0m [38;2;0;0;0m [38;2;1;1;1m [38;2;8;8;8m [38;2;13;13;13m [38;2;13;13;13m [38;2;13;13;13m [38;2;13;13;13m [38;2;25;58;56m:[38;2;37;92;84m-[38;2;38;88;82m-[38;2;37;85;80m-[38;2;26;53;50m:[38;2;11;13;13m [38;2;13;13;13m [38;2;13;13;13m [38;2;13;13;13m [38;2;13;13;13m [38;2;6;6;6m [38;2;1;1;1m [38;2;0;0;0m [38;2;0;0;0m [38;2;0;0;0m [0m
[38;2;0;0;0m [38;2;0;0;0m [38;2;0;0;0m [38;2;0;0;0m [38;2;0;0;0m [38;2;1;1;1m [38;2;8;8;8m [38;2;13;13;13m [38;2;13;13;13m [38;2;13;13;13m [38;2;13;13;13m [38;2;13;13;13m [38;2;13;13;13m [38;2;13;14;14m [38;2;13;14;14m [38;2;13;14;13m [38;2;12;14;13m [38;2;12;13;13m [38;2;13;13;13m [38;2;6;6;6m [38;2;1;1;1m [38;2;0;0;0m [38;2;0;0;0m [38;2;0;0;0m [38;2;0;0;0m [0m
[38;2;0;0;0m [38;2;0;0;0m [38;2;0;0;0m [38;2;0;0;0m [38;2;0;0;0m [38;2;0;0;0m [38;2;1;1;1m [38;2;8;8;8m [38;2;13;13;13m [38;2;13;13;13m [38;2;13;13;13m [38;2;13;13;13m [38;2;13;13;13m [38;2;13;13;13m [38;2;13;13;13m [38;2;13;13;13m [38;2;13;13;13m [38;2;6;6;6m [38;2;2;2;2m [38;2;1;1;1m [38;2;0;0;0m [38;2;0;0;0m [38;2;0;0;0m [38;2;0;0;0m [38;2;0;0;0m [0m
[38;2;0;0;0m [38;2;0;0;0m [38;2;0;0;0m [38;2;0;0;0m [38;2;0;0;0m [38;2;0;0;0m [38;2;0;0;0m [38;2;1;1;1m [38;2;8;8;8m [38;2;13;13;13m [38;2;13;13;13m [38;2;13;13;13m [38;2;13;13;13m [38;2;13;13;13m [38;2;13;13;13m [38;2;13;13;13m [38;2;6;6;6m [38;2;1;1;1m [38;2;0;0;0m [38;2;0;0;0m [38;2;0;0;0m [38;2;0;0;0m [38;2;0;0;0m [38;2;0;0;0m [38;2;0;0;0m [0m
