[38;2;7;7;7m [38;2;13;13;13m [38;2;13;13;13m [38;2;13;13;13m [38;2;13;13;13m [38;2;13;13;13m [38;2;13;13;13m [38;2;13;13;13m [38;2;13;13;13m [38;2;13;13;13m [38;2;13;13;13m [38;2;13;13;13m [38;2;13;13;13m [38;2;13;13;13m [38;2;13;13;13m [38;2;13;13;13m [38;2;13;13;13m [38;2;13;13;13m [38;2;13;13;13m [38;2;13;13;13m [38;2;13;13;13m [38;2;13;13;13m [38;2;13;13;13m [38;2;13;13;13m [38;2;5;5;5m [0m
[38;2;13;13;13m [38;2;13;13;13m [38;2;13;13;13m [38;2;13;13;13m [38;2;13;13;13m [38;2;13;13;13m [38;2;13;13;13m [38;2;13;13;13m [38;2;13;13;13m [38;2;13;13;13m [38;2;13;13;13m [38;2;13;13;13m [38;2;13;13;13m [38;2;13;13;13m [38;2;13;13;13m [38;2;13;13;13m [38;2;13;13;13m [38;2;13;13;13m [38;2;13;13;13m [38;2;13;13;13m [38;2;13;13;13m [38;2;13;13;13m [38;2;13;13;13m [38;2;13;13;13m [38;2;13;13;13m [0m
[38;2;13;13;13m [38;2;13;13;13m [38;2;13;13;13m [38;2;13;13;13m [38;2;16;20;19m.[38;2;14;20;19m.[38;2;14;20;19m.[38;2;14;20;18m.[38;2;13;18;17m.[38;2;12;18;17m.[38;2;13;19;18m.[38;2;14;19;18m.[38;2;14;19;17m.[38;2;14;20;19m.[38;2;14;20;19m.[38;2;15;21;19m.[38;2;15;21;20m.[38;2;15;20;19m.[38;2;16;22;20m.[38;2;16;21;21m.[38;2;15;21;22m.[38;2;12;14;14m [38;2;13;14;13m [38;2;13;13;13m [38;2;13;13;13m [0m
[38;2;13;13;13m [38;2;13;13;13m [38;2;13;13;13m [38;2;57;82;80m-[38;2;64;112;109m=[38;2;53;103;99m-[38;2;55;109;106m-[38;2;53;107;104m-[38;2;57;104;101m-[38;2;48;105;99m-[38;2;60;107;104m-[38;2;63;113;109m=[38;2;98;162;155m+[38;2;57;109;107m-[38;2;54;98;95m-[38;2;55;105;100m-[38;2;60;113;109m=[38;2;61;102;97m-[38;2;62;114;109m=[38;2;62;106;102m-[38;2;74;119;114m=[38;2;52;78;74m-[38;2;13;13;13m [38;2;13;13;13m [38;2;13;13;13m [0m
[38;2;13;13;13m [38;2;13;13;13m [38;2;13;13;13m [38;2;67;104;102m-[38;2;15;21;21m.[38;2;13;13;13m [38;2;12;14;13m [38;2;12;13;13m [38;2;12;13;13m [38;2;12;13;14m [38;2;12;13;13m [38;2;12;12;14m [38;2;19;29;26m.[38;2;14;14;13m [38;2;12;13;13m [38;2;12;13;13m [38;2;12;13;13m [38;2;12;13;13m [38;2;12;14;14m [38;2;12;14;12m [38;2;16;27;27m.[38;2;62;98;95m-[38;2;12;13;13m [38;2;13;13;13m [38;2;13;13;13m [0m
[38;2;13;13;13m [38;2;13;13;13m [38;2;13;13;13m [38;2;62;105;104m-[38;2;14;23;22m.[38;2;53;104;102m-[38;2;161;207;205m#[38;2;83;144;138m+[38;2;39;99;87m-[38;2;34;99;85m-[38;2;28;80;71m:[38;2;15;28;23m.[38;2;11;13;14m [38;2;19;39;35m.[38;2;33;102;91m-[38;2;40;103;92m-[38;2;49;114;101m=[38;2;98;152;146m+[38;2;133;204;201m#[38;2;51;100;100m-[38;2;16;26;27m.[38;2;63;99;97m-[38;2;12;12;13m [38;2;13;13;13m [38;2;13;13;13m [0m
[38;2;13;13;13m [38;2;13;13;13m [38;2;13;13;13m [38;2;56;102;101m-[38;2;16;26;25m.[38;2;71;144;144m+[38;2;172;252;252m%[38;2;134;178;172m*[38;2;36;92;83m-[38;2;34;96;84m-[38;2;32;98;87m-[38;2;35;109;94m-[38;2;27;82;74m:[38;2;32;111;98m-[38;2;37;100;89m-[38;2;44;109;98m-[38;2;47;119;105m=[38;2;86;182;172m*[38;2;201;250;250m%[38;2;83;146;150m+[38;2;21;33;33m.[38;2;63;103;103m-[38;2;12;12;14m [38;2;13;13;13m [38;2;13;13;13m [0m
[38;2;13;13;13m [38;2;13;13;13m [38;2;13;13;13m [38;2;51;109;106m-[38;2;37;79;78m:[38;2;71;146;145m+[38;2;128;253;252m%[38;2;128;181;174m*[38;2;34;90;80m-[38;2;37;90;81m-[38;2;30;87;77m-[38;2;37;94;83m-[38;2;33;101;88m-[38;2;34;94;83m-[38;2;39;93;84m-[38;2;44;100;90m-[38;2;48;118;105m=[38;2;76;189;180m*[38;2;114;246;246m%[38;2;83;147;145m+[38;2;45;89;88m-[38;2;55;109;107m-[38;2;12;13;11m [38;2;13;13;13m [38;2;13;13;13m [0m
[38;2;13;13;13m [38;2;13;13;13m [38;2;13;13;13m [38;2;52;114;110m=[38;2;42;83;83m-[38;2;50;119;113m=[38;2;112;242;239m%[38;2;118;180;173m*[38;2;29;86;76m-[38;2;36;88;80m-[38;2;36;78;71m:[38;2;39;81;72m-[38;2;36;81;73m-[38;2;35;93;82m-[38;2;43;95;84m-[38;2;44;109;98m-[38;2;49;127;115m=[38;2;74;187;178m*[38;2;104;253;253m%[38;2;68;141;140m=[38;2;53;91;93m-[38;2;60;107;108m-[38;2;12;13;11m [38;2;13;13;13m [38;2;13;13;13m [0m
[38;2;13;13;13m [38;2;13;13;13m [38;2;13;13;13m [38;2;47;107;104m-[38;2;36;74;75m:[38;2;37;91;83m-[38;2;79;196;190m*[38;2;83;175;167m+[38;2;29;86;77m-[38;2;31;81;71m:[38;2;40;79;71m:[38;2;34;85;74m-[38;2;31;84;75m-[38;2;38;90;78m-[38;2;39;98;85m-[38;2;41;99;87m-[38;2;43;107;95m-[38;2;79;189;180m*[38;2;123;251;249m%[38;2;85;147;151m+[38;2;45;89;89m-[38;2;62;110;110m=[38;2;13;12;11m [38;2;13;13;13m [38;2;13;13;13m [0m
[38;2;13;13;13m [38;2;13;13;13m [38;2;13;13;13m [38;2;49;110;107m-[38;2;19;26;26m.[38;2;39;97;89m-[38;2;59;184;168m*[38;2;48;144;133m=[38;2;48;91;84m-[38;2;87;114;109m=[38;2;34;70;63m:[38;2;91;119;113m=[38;2;35;80;71m:[38;2;39;92;80m-[38;2;39;86;74m-[38;2;93;124;119m=[38;2;43;96;85m-[38;2;90;188;180m*[38;2;150;249;247m%[38;2;83;141;142m+[38;2;18;31;34m.[38;2;59;110;109m-[38;2;13;13;11m [38;2;13;13;13m [38;2;13;13;13m [0m
[38;2;13;13;13m [38;2;13;13;13m [38;2;13;13;13m [38;2;66;111;110m=[38;2;14;23;22m.[38;2;36;103;97m-[38;2;45;140;130m=[38;2;41;138;122m=[38;2;98;124;118m=[38;2;229;233;233m%[38;2;26;56;48m:[38;2;221;224;224m%[38;2;105;126;122m=[38;2;38;83;73m-[38;2;91;117;110m=[38;2;231;235;235m%[38;2;35;84;74m-[38;2;94;186;180m*[38;2;147;251;249m%[38;2;83;142;144m+[38;2;18;29;28m.[38;2;62;104;103m-[38;2;12;13;11m [38;2;13;13;13m [38;2;13;13;13m [0m
[38;2;13;13;13m [38;2;13;13;13m [38;2;13;13;13m [38;2;62;107;106m-[38;2;14;22;21m.[38;2;37;126;117m=[38;2;54;183;167m+[38;2;44;131;120m=[38;2;98;123;115m=[38;2;230;233;233m%[38;2;28;61;52m:[38;2;149;162;160m*[38;2;177;186;184m*[38;2;31;66;59m:[38;2;158;170;167m*[38;2;157;171;168m*[38;2;32;86;75m-[38;2;92;185;178m*[38;2;146;253;252m%[38;2;78;143;144m+[38;2;15;30;29m.[38;2;53;103;104m-[38;2;12;13;11m [38;2;13;13;13m [38;2;13;13;13m [0m
[38;2;13;13;13m [38;2;13;13;13m [38;2;13;13;13m [38;2;61;104;102m-[38;2;14;21;22m.[38;2;42;135;126m=[38;2;59;216;201m*[38;2;47;158;143m+[38;2;99;125;120m=[38;2;230;233;233m%[38;2;30;67;59m:[38;2;76;99;94m-[38;2;238;242;241m@[38;2;33;60;52m:[38;2;227;232;231m%[38;2;86;112;106m=[38;2;35;98;86m-[38;2;85;181;171m*[38;2;113;233;226m#[38;2;67;139;138m=[38;2;15;33;32m.[38;2;44;105;101m-[38;2;12;13;12m [38;2;13;13;13m [38;2;13;13;13m [0m
[38;2;13;13;13m [38;2;13;13;13m [38;2;13;13;13m [38;2;62;107;105m-[38;2;14;22;23m.[38;2;52;141;138m=[38;2;76;235;226m#[38;2;50;169;154m+[38;2;98;126;121m=[38;2;229;234;232m%[38;2;29;71;63m:[38;2;32;71;63m:[38;2;227;230;230m%[38;2;137;148;144m+[38;2;231;236;235m%[38;2;35;76;67m:[38;2;38;97;85m-[38;2;59;167;157m+[38;2;79;198;187m*[38;2;48;122;114m=[38;2;17;31;31m.[38;2;47;105;102m-[38;2;12;13;13m [38;2;13;13;13m [38;2;13;13;13m [0m
[38;2;13;13;13m [38;2;13;13;13m [38;2;13;13;13m [38;2;62;111;109m=[38;2;15;23;24m.[38;2;52;144;141m=[38;2;70;232;225m#[38;2;48;169;153m+[38;2;96;128;122m=[38;2;230;234;233m%[38;2;30;76;66m:[38;2;33;85;73m-[38;2;152;168;165m*[38;2;247;249;248m@[38;2;165;178;175m*[38;2;34;83;73m-[38;2;37;96;86m-[38;2;72;169;160m+[38;2;91;212;202m#[38;2;57;135;129m=[38;2;15;28;28m.[38;2;53;102;100m-[38;2;12;12;14m [38;2;13;13;13m [38;2;13;13;13m [0m
[38;2;13;13;13m [38;2;13;13;13m [38;2;13;13;13m [38;2;59;109;106m-[38;2;16;22;23m.[38;2;40;131;125m=[38;2;61;193;183m*[38;2;66;174;163m+[38;2;94;130;125m=[38;2;215;223;222m%[38;2;29;81;72m:[38;2;38;96;84m-[38;2;76;111;105m=[38;2;238;242;242m@[38;2;89;118;113m=[38;2;36;97;86m-[38;2;35;99;90m-[38;2;56;166;157m+[38;2;81;218;208m#[38;2;44;126;119m=[38;2;15;27;27m.[38;2;43;94;90m-[38;2;12;13;13m [38;2;13;13;13m [38;2;13;13;13m [0m
[38;2;13;13;13m [38;2;13;13;13m [38;2;13;13;13m [38;2;57;107;106m-[38;2;13;22;22m.[38;2;43;141;133m=[38;2;65;227;217m#[38;2;51;175;162m+[38;2;34;99;87m-[38;2;31;85;76m-[38;2;35;97;87m-[38;2;38;100;90m-[38;2;28;92;80m-[38;2;27;78;71m:[38;2;34;80;73m:[38;2;36;106;93m-[38;2;41;107;96m-[38;2;54;174;161m+[38;2;67;208;195m*[38;2;45;114;105m-[38;2;16;29;28m.[38;2;49;94;89m-[38;2;12;13;13m [38;2;13;13;13m [38;2;13;13;13m [0m
[38;2;13;13;13m [38;2;13;13;13m [38;2;13;13;13m [38;2;54;97;91m-[38;2;14;22;23m.[38;2;38;122;113m=[38;2;60;229;218m#[38;2;48;179;164m+[38;2;36;102;89m-[38;2;40;116;103m-[38;2;40;110;98m-[38;2;38;104;94m-[38;2;36;105;93m-[38;2;36;101;91m-[38;2;36;99;88m-[38;2;39;109;95m-[38;2;41;95;86m-[38;2;57;170;159m+[38;2;76;221;204m#[38;2;43;100;95m-[38;2;17;29;29m.[38;2;50;101;94m-[38;2;12;13;13m [38;2;13;13;13m [38;2;13;13;13m [0m
[38;2;13;13;13m [38;2;13;13;13m [38;2;13;13;13m [38;2;43;74;74m:[38;2;45;85;82m-[38;2;12;18;16m.[38;2;50;159;155m+[38;2;47;149;143m=[38;2;12;17;18m.[38;2;26;64;59m:[38;2;40;116;101m-[38;2;38;109;98m-[38;2;28;76;64m:[38;2;39;111;99m-[38;2;39;111;98m-[38;2;24;56;50m:[38;2;15;19;22m.[38;2;52;152;143m+[38;2;57;143;133m=[38;2;13;17;18m.[38;2;39;90;83m-[38;2;30;61;58m:[38;2;13;13;13m [38;2;13;13;13m [38;2;13;13;13m [0m
[38;2;13;13;13m [38;2;13;13;13m [38;2;13;13;13m [38;2;13;14;14m [38;2;52;95;92m-[38;2;42;92;91m-[38;2;13;18;19m.[38;2;16;23;25m.[38;2;28;67;60m:[38;2;14;23;21m.[38;2;26;63;58m:[38;2;22;52;47m:[38;2;15;13;15m [38;2;25;60;55m:[38;2;25;58;52m:[38;2;16;24;22m.[38;2;26;53;48m:[38;2;18;26;28m.[38;2;12;17;17m.[38;2;39;96;89m-[38;2;36;82;77m-[38;2;12;14;13m [38;2;13;13;13m [38;2;13;13;13m [38;2;13;13;13m [0m
[38;2;7;7;7m [38;2;13;13;13m [38;2;13;13;13m [38;2;14;13;13m [38;2;12;13;13m [38;2;44;87;85m-[38;2;50;89;87m-[38;2;12;16;16m.[38;2;35;89;75m-[38;2;37;97;84m-[38;2;13;22;19m.[38;2;28;29;30m.[38;2;174;178;179m*[38;2;25;27;26m.[38;2;16;22;22m.[38;2;41;91;78m-[38;2;36;77;67m:[38;2;13;14;13m [38;2;47;98;93m-[38;2;40;77;74m:[38;2;13;12;15m [38;2;12;13;14m [38;2;13;13;13m [38;2;13;13;13m [38;2;13;13;13m [0m
[38;2;7;7;7m [38;2;13;13;13m [38;2;13;13;13m [38;2;13;13;13m [38;2;13;13;13m [38;2;13;13;13m [38;2;44;80;80m-[38;2;38;99;95m-[38;2;11;16;17m.[38;2;32;79;70m:[38;2;35;87;74m-[38;2;13;21;21m.[38;2;74;77;77m-[38;2;15;23;22m.[38;2;36;89;76m-[38;2;32;74;66m:[38;2;13;16;17m.[38;2;38;98;92m-[38;2;34;75;70m:[38;2;13;13;15m [38;2;13;13;14m [38;2;13;13;13m [38;2;13;13;13m [38;2;13;13;13m [38;2;6;6;6m [0m
[38;2;1;1;1m [38;2;7;7;7m [38;2;13;13;13m [38;2;13;13;13m [38;2;13;13;13m [38;2;13;13;13m [38;2;12;14;13m [38;2;31;81;78m:[38;2;44;94;91m-[38;2;12;17;15m.[38;2;29;70;58m:[38;2;35;79;68m:[38;2;17;27;25m.[38;2;32;77;65m:[38;2;28;65;55m:[38;2;12;16;16m.[38;2;43;92;91m-[38;2;29;65;60m:[38;2;12;15;14m.[38;2;14;13;14m [38;2;13;13;13m [38;2;13;13;13m [38;2;13;13;13m [38;2;6;6;6m [38;2;0;0;0m [0m
[38;2;0;0;0m [38;2;1;1;1m [38;2;7;7;7m [38;2;13;13;13m [38;2;13;13;13m [38;2;13;13;13m [38;2;13;13;13m [38;2;13;14;14m [38;2;37;68;67m:[38;2;48;91;91m-[38;2;12;17;17m.[38;2;19;34;31m.[38;2;19;31;27m.[38;2;19;32;29m.[38;2;11;16;15m.[38;2;52;102;97m-[38;2;39;68;69m:[38;2;12;13;13m [38;2;12;14;13m [38;2;12;13;13m [38;2;13;13;13m [38;2;13;13;13m [38;2;6;6;6m [38;2;1;1;1m [38;2;0;0;0m [0m
[38;2;0;0;0m [38;2;0;0;0m [38;2;1;1;1m [38;2;1;1;1m [38;2;7;7;7m [38;2;13;13;13m [38;2;13;13;13m [38;2;14;14;14m [38;2;13;13;13m [38;2;37;68;66m:[38;2;47;103;97m-[38;2;16;38;35m.[38;2;17;35;33m.[38;2;20;34;35m.[38;2;41;103;95m-[38;2;29;60;56m:[38;2;11;14;13m [38;2;12;13;13m [38;2;13;13;13m [38;2;13;13;13m [38;2;13;13;13m [38;2;6;6;6m [38;2;1;1;1m [38;2;0;0;0m [38;2;0;0;0m [0m
[38;2;0;0;0m [38;2;0;0;0m [38;2;0;0;0m [38;2;0;0;0m [38;2;1;1;1m [38;2;8;8;8m [38;2;13;13;13m [38;2;13;13;13m [38;2;13;13;13m [38;2;13;13;13m [38;2;27;57;54m:[38;2;36;89;83m-[38;2;35;83;78m-[38;2;39;82;78m-[38;2;25;50;47m:[38;2;12;14;13m [38;2;13;13;13m [38;2;13;13;13m [38;2;13;13;13m [38;2;13;13;13m [38;2;6;6;6m [38;2;1;1;1m [38;2;0;0;0m [38;2;0;0;0m [38;2;0;0;0m [0m
[38;2;0;0;0m [38;2;0;0;0m [38;2;0;0;0m [38;2;0;0;0m [38;2;0;0;0m [38;2;1;1;1m [38;2;8;8;8m [38;2;13;13;13m [38;2;13;13;13m [38;2;13;13;13m [38;2;13;13;12m [38;2;13;13;12m [38;2;13;13;13m [38;2;13;13;13m [38;2;13;13;13m [38;2;13;13;13m [38;2;12;14;13m [38;2;12;13;13m [38;2;13;13;13m [38;2;6;6;6m [38;2;1;1;1m [38;2;0;0;0m [38;2;0;0;0m [38;2;0;0;0m [38;2;0;0;0m [0m
[38;2;0;0;0m [38;2;0;0;0m [38;2;0;0;0m [38;2;0;0;0m [38;2;0;0;0m [38;2;0;0;0m [38;2;1;1;1m [38;2;8;8;8m [38;2;13;13;13m [38;2;13;13;13m [38;2;13;13;13m [38;2;13;13;13m [38;2;13;13;13m [38;2;13;13;13m [38;2;13;13;13m [38;2;13;13;13m [38;2;13;13;13m [38;2;6;6;6m [38;2;2;2;2m [38;2;1;1;1m [38;2;0;0;0m [38;2;0;0;0m [38;2;0;0;0m [38;2;0;0;0m [38;2;0;0;0m [0m
[38;2;0;0;0m [38;2;0;0;0m [38;2;0;0;0m [38;2;0;0;0m [38;2;0;0;0m [38;2;0;0;0m [38;2;0;0;0m [38;2;1;1;1m [38;2;8;8;8m [38;2;13;13;13m [38;2;13;13;13m [38;2;13;13;13m [38;2;13;13;13m [38;2;13;13;13m [38;2;13;13;13m [38;2;13;13;13m [38;2;6;6;6m [38;2;1;1;1m [38;2;0;0;0m [38;2;0;0;0m [38;2;0;0;0m [38;2;0;0;0m [38;2;0;0;0m [38;2;0;0;0m [38;2;0;0;0m [0m
