[38;2;7;7;7m [38;2;13;13;13m [38;2;13;13;13m [38;2;13;13;13m [38;2;13;13;13m [38;2;13;13;13m [38;2;13;13;13m [38;2;13;13;13m [38;2;13;13;13m [38;2;13;13;13m [38;2;13;13;13m [38;2;13;13;13m [38;2;13;13;13m [38;2;13;13;13m [38;2;13;13;13m [38;2;13;13;13m [38;2;13;13;13m [38;2;13;13;13m [38;2;13;13;13m [38;2;13;13;13m [38;2;13;13;13m [38;2;13;13;13m [38;2;13;13;13m [38;2;13;13;13m [38;2;5;5;5m [0m
[38;2;13;13;13m [38;2;13;13;13m [38;2;13;13;13m [38;2;13;13;13m [38;2;13;13;13m [38;2;13;13;13m [38;2;13;13;13m [38;2;13;13;13m [38;2;13;13;13m [38;2;13;13;13m [38;2;13;13;13m [38;2;13;13;13m [38;2;13;13;13m [38;2;13;13;13m [38;2;13;13;13m [38;2;13;13;13m [38;2;13;13;13m [38;2;13;13;13m [38;2;13;13;13m [38;2;13;13;13m [38;2;13;13;13m [38;2;13;13;13m [38;2;13;13;13m [38;2;13;13;13m [38;2;13;13;13m [0m
[38;2;13;13;13m [38;2;13;13;13m [38;2;13;13;13m [38;2;11;14;13m [38;2;13;19;18m.[38;2;14;20;19m.[38;2;14;20;19m.[38;2;14;20;19m.[38;2;14;20;18m.[38;2;13;19;18m.[38;2;13;19;17m.[38;2;12;19;19m.[38;2;12;20;20m.[38;2;12;20;20m.[38;2;12;21;18m.[38;2;13;22;20m.[38;2;13;21;22m.[38;2;13;20;21m.[38;2;14;22;22m.[38;2;14;22;22m.[38;2;14;22;19m.[38;2;11;14;12m [38;2;13;13;13m [38;2;13;13;13m [38;2;13;13;13m [0m
[38;2;13;13;13m [38;2;13;13;13m [38;2;13;13;13m [38;2;44;79;76m-[38;2;54;107;103m-[38;2;51;105;99m-[38;2;52;110;105m-[38;2;55;112;107m=[38;2;56;112;108m=[38;2;54;108;104m-[38;2;44;104;97m-[38;2;52;117;110m=[38;2;92;196;189m*[38;2;56;124;118m=[38;2;50;110;104m-[38;2;57;114;111m=[38;2;51;118;114m=[38;2;59;106;104m-[38;2;53;115;111m=[38;2;54;115;109m=[38;2;65;126;121m=[38;2;46;81;79m-[38;2;13;13;13m [38;2;13;13;13m [38;2;13;13;13m [0m
[38;2;13;13;13m [38;2;13;13;13m [38;2;13;13;13m [38;2;51;103;98m-[38;2;14;22;22m.[38;2;12;12;13m [38;2;12;13;14m [38;2;12;13;14m [38;2;12;13;13m [38;2;12;13;13m [38;2;13;13;13m [38;2;12;14;14m [38;2;18;30;29m.[38;2;13;13;13m [38;2;12;13;13m [38;2;12;13;13m [38;2;12;14;13m [38;2;12;13;14m [38;2;12;14;14m [38;2;13;12;14m [38;2;15;28;29m.[38;2;58;101;98m-[38;2;12;13;13m [38;2;13;13;13m [38;2;13;13;13m [0m
[38;2;13;13;13m [38;2;13;13;13m [38;2;13;13;13m [38;2;50;102;99m-[38;2;14;23;22m.[38;2;45;103;96m-[38;2;73;179;167m+[38;2;61;138;127m=[38;2;40;89;79m-[38;2;40;88;79m-[38;2;34;77;69m:[38;2;18;28;29m.[38;2;12;15;15m.[38;2;20;41;40m.[38;2;35;101;90m-[38;2;39;103;93m-[38;2;41;109;95m-[38;2;65;153;140m+[38;2;85;204;193m*[38;2;47;104;99m-[38;2;15;29;28m.[38;2;60;104;106m-[38;2;12;13;12m [38;2;13;13;13m [38;2;13;13;13m [0m
[38;2;13;13;13m [38;2;13;13;13m [38;2;13;13;13m [38;2;48;103;99m-[38;2;16;27;25m.[38;2;58;132;127m=[38;2;86;200;188m*[38;2;63;148;136m+[38;2;43;89;80m-[38;2;41;89;81m-[38;2;35;96;85m-[38;2;37;106;92m-[38;2;26;84;73m-[38;2;38;116;99m-[38;2;40;102;93m-[38;2;40;98;88m-[38;2;42;107;95m-[38;2;67;177;165m+[38;2;89;227;218m#[38;2;55;141;141m=[38;2;19;37;36m.[38;2;68;108;109m=[38;2;13;13;11m [38;2;13;13;13m [38;2;13;13;13m [0m
[38;2;13;13;13m [38;2;13;13;13m [38;2;13;13;13m [38;2;40;102;98m-[38;2;39;84;80m-[38;2;53;128;121m=[38;2;84;196;187m*[38;2;65;156;142m+[38;2;43;88;79m-[38;2;41;87;78m-[38;2;41;94;83m-[38;2;39;91;81m-[38;2;39;93;82m-[38;2;39;92;81m-[38;2;39;92;84m-[38;2;37;93;84m-[38;2;39;104;93m-[38;2;65;179;170m+[38;2;86;237;229m#[38;2;51;140;137m=[38;2;42;88;87m-[38;2;58;103;102m-[38;2;13;13;11m [38;2;13;13;13m [38;2;13;13;13m [0m
[38;2;13;13;13m [38;2;13;13;13m [38;2;13;13;13m [38;2;47;111;105m-[38;2;40;84;80m-[38;2;60;143;143m=[38;2;88;209;201m*[38;2;62;152;140m+[38;2;39;83;73m-[38;2;41;81;71m-[38;2;41;83;73m-[38;2;38;85;76m-[38;2;35;88;76m-[38;2;39;85;75m-[38;2;40;88;79m-[38;2;41;96;86m-[38;2;40;114;101m-[38;2;66;185;176m*[38;2;93;250;244m%[38;2;53;140;136m=[38;2;47;97;95m-[38;2;55;108;108m-[38;2;13;13;12m [38;2;13;13;13m [38;2;13;13;13m [0m
[38;2;13;13;13m [38;2;13;13;13m [38;2;13;13;13m [38;2;42;111;107m-[38;2;35;76;74m:[38;2;67;139;139m=[38;2;114;226;219m#[38;2;73;162;153m+[38;2;38;85;73m-[38;2;37;74;65m:[38;2;38;76;68m:[38;2;38;78;69m:[38;2;39;79;70m:[38;2;38;81;72m-[38;2;38;86;76m-[38;2;35;93;81m-[38;2;37;109;97m-[38;2;77;186;178m*[38;2;107;250;244m%[38;2;64;143;144m=[38;2;52;88;87m-[38;2;65;112;111m=[38;2;13;13;12m [38;2;13;13;13m [38;2;13;13;13m [0m
[38;2;13;13;13m [38;2;13;13;13m [38;2;13;13;13m [38;2;55;112;111m=[38;2;14;22;23m.[38;2;66;139;131m=[38;2;106;228;218m#[38;2;76;163;154m+[38;2;36;79;69m:[38;2;65;91;85m-[38;2;68;92;86m-[38;2;40;73;64m:[38;2;92;115;110m=[38;2;32;68;59m:[38;2;72;100;94m-[38;2;60;98;92m-[38;2;37;98;88m-[38;2;56;177;165m+[38;2;95;235;229m#[38;2;65;141;141m=[38;2;20;35;35m.[38;2;61;106;104m-[38;2;13;13;14m [38;2;13;13;13m [38;2;13;13;13m [0m
[38;2;13;13;13m [38;2;13;13;13m [38;2;13;13;13m [38;2;49;109;106m-[38;2;11;22;21m.[38;2;66;142;137m=[38;2;89;214;199m#[38;2;51;159;143m+[38;2;34;80;69m:[38;2;159;170;168m*[38;2;164;176;173m*[38;2;64;86;81m-[38;2;252;254;254m@[38;2;37;64;57m:[38;2;188;196;195m#[38;2;141;158;155m+[38;2;37;94;83m-[38;2;52;156;141m+[38;2;66;200;186m*[38;2;49;129;125m=[38;2;19;30;30m.[38;2;65;107;107m-[38;2;12;14;12m [38;2;13;13;13m [38;2;13;13;13m [0m
[38;2;13;13;13m [38;2;13;13;13m [38;2;13;13;13m [38;2;49;110;108m-[38;2;12;21;21m.[38;2;50;142;132m=[38;2;66;207;189m*[38;2;45;150;135m=[38;2;34;80;71m:[38;2;161;172;170m*[38;2;166;174;172m*[38;2;64;84;80m-[38;2;252;253;254m@[38;2;36;63;56m:[38;2;188;196;195m#[38;2;140;158;154m+[38;2;33;93;82m-[38;2;54;156;141m+[38;2;66;205;191m*[38;2;43;130;123m=[38;2;17;30;30m.[38;2;62;105;106m-[38;2;12;13;11m [38;2;13;13;13m [38;2;13;13;13m [0m
[38;2;13;13;13m [38;2;13;13;13m [38;2;13;13;13m [38;2;46;105;100m-[38;2;14;21;22m.[38;2;44;145;136m=[38;2;63;223;205m#[38;2;49;167;152m+[38;2;36;83;73m-[38;2;159;173;170m*[38;2;165;174;172m*[38;2;61;85;78m-[38;2;253;254;254m@[38;2;36;62;56m:[38;2;188;196;194m#[38;2;139;158;156m+[38;2;32;97;84m-[38;2;54;165;153m+[38;2;66;207;189m*[38;2;37;127;115m=[38;2;14;31;30m.[38;2;51;105;105m-[38;2;12;13;11m [38;2;13;13;13m [38;2;13;13;13m [0m
[38;2;13;13;13m [38;2;13;13;13m [38;2;13;13;13m [38;2;48;100;96m-[38;2;14;21;19m.[38;2;43;146;138m=[38;2;61;223;207m#[38;2;49;168;154m+[38;2;33;82;71m:[38;2;161;173;169m*[38;2;163;178;175m*[38;2;59;92;85m-[38;2;253;254;254m@[38;2;37;62;56m:[38;2;189;196;194m#[38;2;138;159;155m+[38;2;33;92;80m-[38;2;51;168;155m+[38;2;64;207;193m*[38;2;39;124;113m=[38;2;15;31;31m.[38;2;48;106;104m-[38;2;12;13;13m [38;2;13;13;13m [38;2;13;13;13m [0m
[38;2;13;13;13m [38;2;13;13;13m [38;2;13;13;13m [38;2;49;103;98m-[38;2;14;22;21m.[38;2;46;146;136m=[38;2;67;231;217m#[38;2;51;174;160m+[38;2;35;90;79m-[38;2;160;175;172m*[38;2;162;176;173m*[38;2;59;89;84m-[38;2;253;254;254m@[38;2;36;64;56m:[38;2;188;196;194m#[38;2;139;157;153m+[38;2;36;90;79m-[38;2;69;171;161m+[38;2;91;223;211m#[38;2;51;132;126m=[38;2;14;30;28m.[38;2;45;103;100m-[38;2;13;13;13m [38;2;13;13;13m [38;2;13;13;13m [0m
[38;2;13;13;13m [38;2;13;13;13m [38;2;13;13;13m [38;2;58;109;108m-[38;2;16;24;23m.[38;2;50;140;133m=[38;2;71;214;201m*[38;2;60;169;157m+[38;2;35;98;88m-[38;2;152;171;168m*[38;2;153;173;170m*[38;2;59;97;91m-[38;2;237;242;241m@[38;2;35;66;59m:[38;2;176;187;186m#[38;2;133;151;149m+[38;2;32;89;79m-[38;2;55;161;148m+[38;2;83;223;208m#[38;2;55;136;132m=[38;2;14;29;27m.[38;2;39;93;89m-[38;2;13;13;13m [38;2;13;13;13m [38;2;13;13;13m [0m
[38;2;13;13;13m [38;2;13;13;13m [38;2;13;13;13m [38;2;67;110;108m=[38;2;12;22;21m.[38;2;57;138;134m=[38;2;124;244;239m%[38;2;120;186;180m*[38;2;32;117;104m-[38;2;27;88;80m-[38;2;23;82;73m:[38;2;28;82;73m:[38;2;27;69;63m:[38;2;28;73;65m:[38;2;27;68;61m:[38;2;29;78;70m:[38;2;31;103;90m-[38;2;50;165;149m+[38;2;66;201;187m*[38;2;41;132;124m=[38;2;14;29;27m.[38;2;36;92;86m-[38;2;13;12;13m [38;2;13;13;13m [38;2;13;13;13m [0m
[38;2;13;13;13m [38;2;13;13;13m [38;2;13;13;13m [38;2;51;110;108m-[38;2;13;23;24m.[38;2;51;121;119m=[38;2;148;251;250m%[38;2;91;190;183m*[38;2;34;117;107m-[38;2;37;119;105m=[38;2;35;107;95m-[38;2;33;107;96m-[38;2;29;98;88m-[38;2;35;95;86m-[38;2;33;93;83m-[38;2;37;102;89m-[38;2;31;89;78m-[38;2;52;162;148m+[38;2;72;218;197m#[38;2;39;103;95m-[38;2;14;30;26m.[38;2;38;99;91m-[38;2;13;12;13m [38;2;13;13;13m [38;2;13;13;13m [0m
[38;2;13;13;13m [38;2;13;13;13m [38;2;13;13;13m [38;2;37;77;76m:[38;2;49;90;88m-[38;2;13;16;17m.[38;2;78;162;160m+[38;2;94;155;152m+[38;2;15;19;20m.[38;2;25;68;61m:[38;2;41;115;102m-[38;2;38;109;99m-[38;2;24;78;70m:[38;2;37;111;101m-[38;2;39;108;95m-[38;2;25;53;48m:[38;2;13;20;21m.[38;2;53;152;141m+[38;2;53;143;134m=[38;2;11;16;16m.[38;2;39;93;87m-[38;2;29;66;63m:[38;2;13;13;13m [38;2;13;13;13m [38;2;13;13;13m [0m
[38;2;13;13;13m [38;2;13;13;13m [38;2;13;13;13m [38;2;13;13;14m [38;2;53;96;96m-[38;2;43;90;88m-[38;2;13;19;19m.[38;2;16;24;25m.[38;2;24;67;57m:[38;2;14;21;19m.[38;2;28;63;57m:[38;2;23;52;47m:[38;2;13;12;13m [38;2;22;64;57m:[38;2;24;62;54m:[38;2;12;25;22m.[38;2;26;55;51m:[38;2;17;26;27m.[38;2;14;16;18m.[38;2;45;94;87m-[38;2;41;80;76m-[38;2;12;13;14m [38;2;13;13;13m [38;2;13;13;13m [38;2;13;13;13m [0m
[38;2;7;7;7m [38;2;13;13;13m [38;2;13;13;13m [38;2;13;13;13m [38;2;13;13;13m [38;2;44;92;88m-[38;2;48;96;94m-[38;2;12;15;16m.[38;2;33;87;74m-[38;2;28;87;75m-[38;2;12;21;17m.[38;2;25;28;28m.[38;2;146;154;153m+[38;2;21;25;25m.[38;2;13;23;22m.[38;2;33;99;89m-[38;2;29;77;67m:[38;2;9;15;13m [38;2;43;97;92m-[38;2;39;76;75m:[38;2;13;13;15m [38;2;13;13;14m [38;2;13;13;13m [38;2;13;13;13m [38;2;13;13;13m [0m
[38;2;7;7;7m [38;2;13;13;13m [38;2;13;13;13m [38;2;13;13;13m [38;2;13;13;13m [38;2;12;13;13m [38;2;35;89;86m-[38;2;37;103;98m-[38;2;11;16;16m.[38;2;33;80;72m:[38;2;30;82;72m:[38;2;11;20;17m.[38;2;64;76;75m-[38;2;15;22;24m.[38;2;32;90;77m-[38;2;24;71;62m:[38;2;9;15;14m [38;2;38;97;94m-[38;2;33;74;72m:[38;2;14;13;14m [38;2;13;13;13m [38;2;13;13;13m [38;2;13;13;13m [38;2;13;13;13m [38;2;6;6;6m [0m
[38;2;1;1;1m [38;2;7;7;7m [38;2;13;13;13m [38;2;13;13;13m [38;2;13;13;13m [38;2;13;13;13m [38;2;11;14;13m [38;2;35;83;80m-[38;2;37;104;100m-[38;2;12;16;18m.[38;2;28;76;65m:[38;2;31;82;71m:[38;2;15;25;24m.[38;2;31;81;69m:[38;2;29;66;60m:[38;2;10;17;14m.[38;2;40;99;94m-[38;2;32;69;64m:[38;2;12;13;13m [38;2;13;13;13m [38;2;12;13;14m [38;2;12;13;14m [38;2;13;13;13m [38;2;6;6;6m [38;2;0;0;0m [0m
[38;2;0;0;0m [38;2;1;1;1m [38;2;7;7;7m [38;2;13;13;13m [38;2;13;13;13m [38;2;13;13;13m [38;2;13;13;13m [38;2;13;13;13m [38;2;28;76;73m:[38;2;37;104;98m-[38;2;14;18;19m.[38;2;20;36;34m.[38;2;18;31;29m.[38;2;21;32;29m.[38;2;12;16;15m.[38;2;38;101;96m-[38;2;28;67;62m:[38;2;12;13;13m [38;2;13;13;13m [38;2;13;13;13m [38;2;13;13;13m [38;2;13;13;13m [38;2;6;6;6m [38;2;1;1;1m [38;2;0;0;0m [0m
[38;2;0;0;0m [38;2;0;0;0m [38;2;1;1;1m [38;2;1;1;1m [38;2;7;7;7m [38;2;13;13;13m [38;2;13;13;13m [38;2;13;13;13m [38;2;14;14;14m [38;2;29;71;68m:[38;2;43;102;99m-[38;2;17;39;35m.[38;2;18;37;34m.[38;2;17;35;34m.[38;2;44;98;92m-[38;2;27;62;56m:[38;2;12;15;14m.[38;2;13;14;13m [38;2;13;13;13m [38;2;13;13;13m [38;2;13;13;13m [38;2;6;6;6m [38;2;1;1;1m [38;2;0;0;0m [38;2;0;0;0m [0m
[38;2;0;0;0m [38;2;0;0;0m [38;2;0;0;0m [38;2;0;0;0m [38;2;1;1;1m [38;2;8;8;8m [38;2;13;13;13m [38;2;13;13;13m [38;2;13;13;13m [38;2;13;13;13m [38;2;29;59;58m:[38;2;35;88;82m-[38;2;36;85;80m-[38;2;41;89;84m-[38;2;27;51;49m:[38;2;13;13;13m [38;2;13;13;13m [38;2;13;13;13m [38;2;13;13;13m [38;2;13;13;13m [38;2;6;6;6m [38;2;1;1;1m [38;2;0;0;0m [38;2;0;0;0m [38;2;0;0;0m [0m
[38;2;0;0;0m [38;2;0;0;0m [38;2;0;0;0m [38;2;0;0;0m [38;2;0;0;0m [38;2;1;1;1m [38;2;8;8;8m [38;2;13;13;13m [38;2;13;13;13m [38;2;13;13;13m [38;2;13;13;13m [38;2;13;13;13m [38;2;13;13;13m [38;2;13;13;13m [38;2;13;13;13m [38;2;13;13;13m [38;2;13;13;13m [38;2;13;13;13m [38;2;13;13;13m [38;2;6;6;6m [38;2;1;1;1m [38;2;0;0;0m [38;2;0;0;0m [38;2;0;0;0m [38;2;0;0;0m [0m
[38;2;0;0;0m [38;2;0;0;0m [38;2;0;0;0m [38;2;0;0;0m [38;2;0;0;0m [38;2;0;0;0m [38;2;1;1;1m [38;2;8;8;8m [38;2;13;13;13m [38;2;13;13;13m [38;2;13;13;13m [38;2;13;13;13m [38;2;13;13;13m [38;2;13;13;13m [38;2;13;13;13m [38;2;13;13;13m [38;2;13;13;13m [38;2;6;6;6m [38;2;2;2;2m [38;2;1;1;1m [38;2;0;0;0m [38;2;0;0;0m [38;2;0;0;0m [38;2;0;0;0m [38;2;0;0;0m [0m
[38;2;0;0;0m [38;2;0;0;0m [38;2;0;0;0m [38;2;0;0;0m [38;2;0;0;0m [38;2;0;0;0m [38;2;0;0;0m [38;2;1;1;1m [38;2;8;8;8m [38;2;13;13;13m [38;2;13;13;13m [38;2;13;13;13m [38;2;13;13;13m [38;2;13;13;13m [38;2;13;13;13m [38;2;13;13;13m [38;2;6;6;6m [38;2;1;1;1m [38;2;0;0;0m [38;2;0;0;0m [38;2;0;0;0m [38;2;0;0;0m [38;2;0;0;0m [38;2;0;0;0m [38;2;0;0;0m [0m
