[38;2;5;5;5m [38;2;13;13;13m [38;2;13;13;13m [38;2;13;13;13m [38;2;13;13;13m [38;2;13;13;13m [38;2;13;13;13m [38;2;13;13;13m [38;2;13;13;13m [38;2;13;13;13m [38;2;13;13;13m [38;2;13;13;13m [38;2;13;13;13m [38;2;13;13;13m [38;2;13;13;13m [38;2;13;13;13m [38;2;13;13;13m [38;2;13;13;13m [38;2;13;13;13m [38;2;13;13;13m [38;2;13;13;13m [38;2;13;13;13m [38;2;13;13;13m [38;2;13;13;13m [38;2;5;5;5m [0m
[38;2;13;13;13m [38;2;13;13;13m [38;2;13;13;13m [38;2;13;13;13m [38;2;13;13;13m [38;2;13;13;13m [38;2;13;13;13m [38;2;13;13;13m [38;2;13;13;13m [38;2;13;13;13m [38;2;13;13;13m [38;2;13;13;13m [38;2;13;13;13m [38;2;13;13;13m [38;2;13;13;13m [38;2;13;13;13m [38;2;13;13;13m [38;2;13;13;13m [38;2;13;13;13m [38;2;13;13;13m [38;2;13;13;13m [38;2;13;13;13m [38;2;13;13;13m [38;2;13;13;13m [38;2;13;13;13m [0m
[38;2;13;13;13m [38;2;13;13;13m [38;2;13;13;13m [38;2;13;13;13m [38;2;20;20;18m.[38;2;19;19;17m.[38;2;18;18;18m.[38;2;18;19;16m.[38;2;20;20;18m.[38;2;21;21;19m.[38;2;21;21;19m.[38;2;21;21;20m.[38;2;21;22;20m.[38;2;22;22;20m.[38;2;22;22;22m.[38;2;22;22;20m.[38;2;23;23;21m.[38;2;23;23;23m.[38;2;23;23;22m.[38;2;23;23;21m.[38;2;24;24;22m.[38;2;13;13;13m [38;2;13;13;13m [38;2;13;13;13m [38;2;13;13;13m [0m
[38;2;13;13;13m [38;2;13;13;13m [38;2;13;13;13m [38;2;59;59;58m:[38;2;59;60;56m:[38;2;55;56;51m:[38;2;57;58;53m:[38;2;61;61;57m:[38;2;65;66;61m:[38;2;72;73;69m-[38;2;75;76;72m-[38;2;78;79;74m-[38;2;80;80;78m-[38;2;84;84;82m-[38;2;88;89;85m-[38;2;91;91;89m-[38;2;91;91;89m-[38;2;94;95;90m-[38;2;97;98;94m-[38;2;100;101;99m=[38;2;110;113;110m=[38;2;77;80;77m-[38;2;13;13;13m [38;2;13;13;13m [38;2;13;13;13m [0m
[38;2;13;13;13m [38;2;13;13;13m [38;2;13;13;13m [38;2;65;66;63m:[38;2;16;16;14m.[38;2;13;13;13m [38;2;13;13;13m [38;2;13;13;12m [38;2;12;12;12m [38;2;13;13;13m [38;2;13;13;13m [38;2;13;13;14m [38;2;13;13;13m [38;2;13;13;13m [38;2;13;13;13m [38;2;13;13;12m [38;2;13;13;13m [38;2;13;13;13m [38;2;13;13;13m [38;2;13;13;13m [38;2;25;26;26m.[38;2;90;93;92m-[38;2;13;13;13m [38;2;13;13;13m [38;2;13;13;13m [0m
[38;2;13;13;13m [38;2;13;13;13m [38;2;13;13;13m [38;2;44;44;43m:[38;2;12;12;12m [38;2;20;22;22m.[38;2;120;123;120m=[38;2;96;97;93m-[38;2;71;72;67m-[38;2;76;77;73m-[38;2;41;41;38m.[38;2;36;36;35m.[38;2;36;36;35m.[38;2;37;37;35m.[38;2;44;44;43m:[38;2;85;86;81m-[38;2;84;85;81m-[38;2;120;121;117m=[38;2;140;140;138m+[38;2;21;21;21m.[38;2;13;13;13m [38;2;61;61;61m:[38;2;13;13;13m [38;2;13;13;13m [38;2;13;13;13m [0m
[38;2;13;13;13m [38;2;13;13;13m [38;2;13;13;13m [38;2;43;43;43m:[38;2;13;13;13m [38;2;37;37;37m.[38;2;184;184;182m*[38;2;149;150;144m+[38;2;104;106;98m=[38;2;108;109;102m=[38;2;101;102;95m=[38;2;103;104;98m=[38;2;105;106;99m=[38;2;109;110;102m=[38;2;112;113;107m=[38;2;117;118;111m=[38;2;119;120;113m=[38;2;193;194;188m#[38;2;234;236;234m%[38;2;34;35;34m.[38;2;13;13;13m [38;2;59;59;59m:[38;2;13;13;13m [38;2;13;13;13m [38;2;13;13;13m [0m
[38;2;13;13;13m [38;2;13;13;13m [38;2;13;13;13m [38;2;55;56;51m:[38;2;15;15;13m.[38;2;35;37;34m.[38;2;166;169;164m*[38;2;150;151;145m+[38;2;100;101;94m=[38;2;103;104;97m=[38;2;102;103;98m=[38;2;95;96;90m-[38;2;89;90;83m-[38;2;99;99;92m-[38;2;111;112;105m=[38;2;113;114;107m=[38;2;113;114;107m=[38;2;186;187;184m#[38;2;237;237;237m%[38;2;35;35;35m.[38;2;20;20;18m.[38;2;75;78;75m-[38;2;11;13;13m [38;2;13;13;13m [38;2;13;13;13m [0m
[38;2;13;13;13m [38;2;13;13;13m [38;2;13;13;13m [38;2;74;74;71m-[38;2;18;18;17m.[38;2;37;37;35m.[38;2;158;159;154m*[38;2;148;149;144m+[38;2;97;98;93m-[38;2;104;105;99m=[38;2;101;102;95m=[38;2;98;99;92m-[38;2;90;89;82m-[38;2;94;94;87m-[38;2;102;104;96m=[38;2;110;112;104m=[38;2;111;112;105m=[38;2;189;190;185m#[38;2;235;235;233m%[38;2;35;36;34m.[38;2;30;32;30m.[38;2;94;96;93m-[38;2;13;13;13m [38;2;13;13;13m [38;2;13;13;13m [0m
[38;2;13;13;13m [38;2;13;13;13m [38;2;13;13;13m [38;2;78;78;76m-[38;2;18;18;16m.[38;2;38;41;38m.[38;2;170;173;168m*[38;2;147;148;143m+[38;2;91;91;87m-[38;2;94;95;89m-[38;2;100;101;94m=[38;2;97;98;91m-[38;2;88;89;82m-[38;2;96;97;90m-[38;2;110;111;104m=[38;2;117;118;111m=[38;2;112;111;104m=[38;2;188;187;182m#[38;2;218;220;215m%[38;2;33;35;34m.[38;2;29;30;30m.[38;2;92;92;90m-[38;2;13;13;13m [38;2;13;13;13m [38;2;13;13;13m [0m
[38;2;13;13;13m [38;2;13;13;13m [38;2;13;13;13m [38;2;80;80;79m-[38;2;18;18;17m.[38;2;38;38;38m.[38;2;181;182;177m*[38;2;152;153;149m+[38;2;87;88;83m-[38;2;79;80;75m-[38;2;123;124;119m=[38;2;91;89;86m-[38;2;97;96;91m-[38;2;84;85;80m-[38;2;136;137;132m+[38;2;112;113;107m=[38;2;112;113;106m=[38;2;183;184;178m*[38;2;216;217;211m%[38;2;34;34;33m.[38;2;29;29;29m.[38;2;87;87;85m-[38;2;13;13;13m [38;2;13;13;13m [38;2;13;13;13m [0m
[38;2;13;13;13m [38;2;13;13;13m [38;2;13;13;12m [38;2;82;82;77m-[38;2;19;19;18m.[38;2;42;41;43m.[38;2;194;196;190m#[38;2;158;161;155m*[38;2;84;85;80m-[38;2;71;71;67m:[38;2;216;216;214m%[38;2;140;140;137m+[38;2;87;87;83m-[38;2;116;117;113m=[38;2;243;244;241m@[38;2;102;102;97m=[38;2;115;116;109m=[38;2;185;185;180m#[38;2;213;214;208m%[38;2;33;34;33m.[38;2;27;29;29m.[38;2;83;86;82m-[38;2;13;13;13m [38;2;13;13;13m [38;2;13;13;13m [0m
[38;2;13;13;13m [38;2;13;13;13m [38;2;13;13;13m [38;2;83;83;80m-[38;2;19;19;17m.[38;2;39;42;40m.[38;2;187;190;185m#[38;2;155;157;150m*[38;2;85;86;79m-[38;2;77;78;73m-[38;2;150;151;148m+[38;2;196;196;195m#[38;2;71;72;68m-[38;2;164;164;162m*[38;2;190;191;188m#[38;2;111;112;106m=[38;2;117;118;111m=[38;2;179;180;174m*[38;2;209;210;204m#[38;2;31;31;29m.[38;2;28;29;28m.[38;2;83;84;81m-[38;2;13;13;13m [38;2;13;13;13m [38;2;13;13;13m [0m
[38;2;13;13;13m [38;2;13;13;13m [38;2;13;13;13m [38;2;86;86;84m-[38;2;19;20;17m.[38;2;42;42;41m.[38;2;200;201;196m#[38;2;156;157;151m*[38;2;89;90;85m-[38;2;83;84;79m-[38;2;94;94;92m-[38;2;249;249;248m@[38;2;67;67;65m:[38;2;224;224;222m%[38;2;135;136;133m+[38;2;114;115;109m=[38;2;116;117;110m=[38;2;181;182;177m*[38;2;208;209;202m#[38;2;32;32;31m.[38;2;26;29;27m.[38;2;80;82;79m-[38;2;13;13;13m [38;2;13;13;13m [38;2;13;13;13m [0m
[38;2;13;13;13m [38;2;13;13;13m [38;2;13;13;13m [38;2;88;88;88m-[38;2;20;20;19m.[38;2;42;42;41m.[38;2;204;205;199m#[38;2;164;165;159m*[38;2;101;103;96m=[38;2;92;93;87m-[38;2;78;79;74m-[38;2;220;220;217m%[38;2;147;147;145m+[38;2;245;245;243m@[38;2;89;90;85m-[38;2;108;109;102m=[38;2;114;115;108m=[38;2;178;179;173m*[38;2;216;217;210m%[38;2;33;32;33m.[38;2;27;27;28m.[38;2;76;77;74m-[38;2;13;13;13m [38;2;13;13;13m [38;2;13;13;13m [0m
[38;2;13;13;13m [38;2;13;13;13m [38;2;13;13;13m [38;2;91;91;88m-[38;2;20;20;19m.[38;2;40;43;40m.[38;2;200;203;197m#[38;2;163;164;158m*[38;2;106;108;100m=[38;2;102;104;96m=[38;2;92;94;87m-[38;2;161;161;159m*[38;2;248;248;248m@[38;2;186;186;184m#[38;2;82;82;77m-[38;2;92;94;86m-[38;2;107;108;101m=[38;2;174;176;167m*[38;2;207;209;200m#[38;2;33;33;33m.[38;2;27;27;26m.[38;2;76;76;74m-[38;2;13;13;13m [38;2;13;13;13m [38;2;13;13;13m [0m
[38;2;13;13;13m [38;2;13;13;13m [38;2;13;13;13m [38;2;91;92;89m-[38;2;20;20;19m.[38;2;43;44;42m:[38;2;207;208;203m#[38;2;166;167;161m*[38;2;109;110;103m=[38;2;108;109;102m=[38;2;101;102;95m=[38;2;105;106;102m=[38;2;242;242;240m@[38;2;124;124;122m=[38;2;87;88;83m-[38;2;95;96;89m-[38;2;104;105;98m=[38;2;173;175;167m*[38;2;206;207;199m#[38;2;31;31;32m.[38;2;26;26;27m.[38;2;74;74;72m-[38;2;13;13;13m [38;2;13;13;13m [38;2;13;13;13m [0m
[38;2;13;13;13m [38;2;13;13;13m [38;2;13;13;13m [38;2;93;93;90m-[38;2;21;21;20m.[38;2;43;45;44m:[38;2;206;210;203m#[38;2;161;162;156m*[38;2;111;112;105m=[38;2;111;112;105m=[38;2;101;102;95m=[38;2;91;92;85m-[38;2;70;70;66m:[38;2;75;76;71m-[38;2;93;94;88m-[38;2;96;97;90m-[38;2;106;107;100m=[38;2;169;171;164m*[38;2;198;200;193m#[38;2;30;30;29m.[38;2;26;26;26m.[38;2;72;72;70m-[38;2;13;13;13m [38;2;13;13;13m [38;2;13;13;13m [0m
[38;2;13;13;13m [38;2;13;13;13m [38;2;13;13;13m [38;2;92;93;90m-[38;2;21;21;20m.[38;2;17;17;17m.[38;2;144;145;141m+[38;2;161;162;155m*[38;2;114;116;108m=[38;2;115;116;109m=[38;2;104;105;98m=[38;2;96;97;90m-[38;2;90;91;84m-[38;2;97;98;93m-[38;2;104;105;100m=[38;2;107;108;101m=[38;2;111;112;105m=[38;2;166;166;161m*[38;2;146;146;143m+[38;2;16;16;15m.[38;2;26;26;25m.[38;2;72;72;69m-[38;2;13;13;13m [38;2;13;13;13m [38;2;13;13;13m [0m
[38;2;13;13;13m [38;2;13;13;13m [38;2;13;13;13m [38;2;69;69;67m:[38;2;59;59;57m:[38;2;13;14;12m [38;2;20;22;19m.[38;2;115;118;113m=[38;2;118;119;112m=[38;2;115;116;109m=[38;2;106;107;100m=[38;2;96;97;90m-[38;2;94;95;88m-[38;2;97;98;91m-[38;2;109;110;103m=[38;2;110;111;105m=[38;2;107;108;103m=[38;2;112;113;109m=[38;2;20;20;18m.[38;2;13;13;12m [38;2;63;64;60m:[38;2;54;54;52m:[38;2;13;13;13m [38;2;13;13;13m [38;2;13;13;13m [0m
[38;2;13;13;13m [38;2;13;13;13m [38;2;13;13;13m [38;2;12;14;13m [38;2;87;89;87m-[38;2;64;64;64m:[38;2;13;13;13m [38;2;19;20;17m.[38;2;96;97;94m-[38;2;119;120;114m=[38;2;111;112;105m=[38;2;104;105;98m=[38;2;102;104;97m=[38;2;101;102;96m=[38;2;105;106;101m=[38;2;108;109;104m=[38;2;84;85;81m-[38;2;18;18;16m.[38;2;13;13;12m [38;2;62;63;59m:[38;2;75;75;73m-[38;2;13;13;12m [38;2;13;13;13m [38;2;13;13;13m [38;2;13;13;13m [0m
[38;2;13;13;13m [38;2;13;13;13m [38;2;13;13;13m [38;2;13;13;13m [38;2;13;13;13m [38;2;86;88;86m-[38;2;66;68;65m:[38;2;13;13;12m [38;2;20;20;18m.[38;2;96;96;91m-[38;2;113;114;108m=[38;2;93;94;90m-[38;2;32;33;29m.[38;2;90;90;86m-[38;2;107;108;103m=[38;2;86;87;83m-[38;2;19;19;17m.[38;2;13;13;11m [38;2;65;65;62m:[38;2;70;71;68m:[38;2;13;13;13m [38;2;13;13;13m [38;2;13;13;13m [38;2;13;13;13m [38;2;13;13;13m [0m
[38;2;6;6;6m [38;2;13;13;13m [38;2;13;13;13m [38;2;13;13;13m [38;2;13;13;13m [38;2;13;13;13m [38;2;88;89;87m-[38;2;70;71;69m:[38;2;13;13;13m [38;2;21;22;20m.[38;2;80;81;76m-[38;2;23;23;22m.[38;2;41;41;39m.[38;2;24;24;22m.[38;2;74;75;72m-[38;2;19;19;18m.[38;2;13;13;13m [38;2;65;65;62m:[38;2;67;67;64m:[38;2;13;13;13m [38;2;13;13;13m [38;2;13;13;13m [38;2;13;13;13m [38;2;13;13;13m [38;2;6;6;6m [0m
[38;2;0;0;0m [38;2;6;6;6m [38;2;13;13;13m [38;2;13;13;13m [38;2;13;13;13m [38;2;13;13;13m [38;2;13;13;13m [38;2;82;84;81m-[38;2;71;73;71m-[38;2;13;13;13m [38;2;13;13;13m [38;2;35;35;35m.[38;2;93;95;93m-[38;2;32;35;32m.[38;2;13;13;12m [38;2;13;13;13m [38;2;67;67;65m:[38;2;66;67;65m:[38;2;12;12;12m [38;2;13;13;13m [38;2;13;13;13m [38;2;13;13;13m [38;2;13;13;13m [38;2;6;6;6m [38;2;0;0;0m [0m
[38;2;0;0;0m [38;2;1;1;1m [38;2;6;6;6m [38;2;13;13;13m [38;2;13;13;13m [38;2;13;13;13m [38;2;13;13;13m [38;2;13;13;13m [38;2;77;78;76m-[38;2;72;72;71m-[38;2;13;13;13m [38;2;13;13;13m [38;2;13;13;13m [38;2;13;13;13m [38;2;13;13;13m [38;2;67;68;65m:[38;2;65;65;62m:[38;2;13;13;12m [38;2;13;13;12m [38;2;13;13;13m [38;2;13;13;13m [38;2;13;13;13m [38;2;6;6;6m [38;2;1;1;1m [38;2;0;0;0m [0m
[38;2;0;0;0m [38;2;0;0;0m [38;2;1;1;1m [38;2;6;6;6m [38;2;13;13;13m [38;2;13;13;13m [38;2;13;13;13m [38;2;13;13;13m [38;2;13;13;13m [38;2;71;73;70m-[38;2;70;73;69m-[38;2;20;21;19m.[38;2;20;20;18m.[38;2;19;19;17m.[38;2;68;68;66m:[38;2;59;60;57m:[38;2;12;12;10m [38;2;13;13;12m [38;2;13;13;13m [38;2;13;13;13m [38;2;13;13;13m [38;2;6;6;6m [38;2;1;1;1m [38;2;0;0;0m [38;2;0;0;0m [0m
[38;2;0;0;0m [38;2;0;0;0m [38;2;0;0;0m [38;2;1;1;1m [38;2;6;6;6m [38;2;13;13;13m [38;2;13;13;13m [38;2;13;13;13m [38;2;13;13;13m [38;2;13;13;13m [38;2;62;62;61m:[38;2;82;82;79m-[38;2;76;76;73m-[38;2;74;74;72m-[38;2;53;53;51m:[38;2;13;13;12m [38;2;13;13;13m [38;2;13;13;13m [38;2;13;13;13m [38;2;13;13;13m [38;2;6;6;6m [38;2;1;1;1m [38;2;0;0;0m [38;2;0;0;0m [38;2;0;0;0m [0m
[38;2;0;0;0m [38;2;0;0;0m [38;2;0;0;0m [38;2;0;0;0m [38;2;1;1;1m [38;2;6;6;6m [38;2;13;13;13m [38;2;13;13;13m [38;2;13;13;13m [38;2;13;13;13m [38;2;13;13;13m [38;2;13;13;13m [38;2;13;13;13m [38;2;13;13;13m [38;2;13;13;13m [38;2;13;13;13m [38;2;13;13;13m [38;2;13;13;13m [38;2;13;13;13m [38;2;6;6;6m [38;2;1;1;1m [38;2;0;0;0m [38;2;0;0;0m [38;2;0;0;0m [38;2;0;0;0m [0m
[38;2;0;0;0m [38;2;0;0;0m [38;2;0;0;0m [38;2;0;0;0m [38;2;0;0;0m [38;2;1;1;1m [38;2;7;7;7m [38;2;13;13;13m [38;2;13;13;13m [38;2;13;13;13m [38;2;13;13;13m [38;2;13;13;13m [38;2;13;13;13m [38;2;13;13;13m [38;2;13;13;13m [38;2;13;13;13m [38;2;13;13;13m [38;2;13;13;13m [38;2;7;7;7m [38;2;1;1;1m [38;2;0;0;0m [38;2;0;0;0m [38;2;0;0;0m [38;2;0;0;0m [38;2;0;0;0m [0m
[38;2;0;0;0m [38;2;0;0;0m [38;2;0;0;0m [38;2;0;0;0m [38;2;0;0;0m [38;2;0;0;0m [38;2;1;1;1m [38;2;7;7;7m [38;2;13;13;13m [38;2;13;13;13m [38;2;13;13;13m [38;2;13;13;13m [38;2;13;13;13m [38;2;13;13;13m [38;2;13;13;13m [38;2;13;13;13m [38;2;13;13;13m [38;2;7;7;7m [38;2;1;1;1m [38;2;0;0;0m [38;2;0;0;0m [38;2;0;0;0m [38;2;0;0;0m [38;2;0;0;0m [38;2;0;0;0m [0m
