[38;2;5;5;5m [38;2;13;13;13m [38;2;13;13;13m [38;2;13;13;13m [38;2;13;13;13m [38;2;13;13;13m [38;2;13;13;13m [38;2;13;13;13m [38;2;13;13;13m [38;2;13;13;13m [38;2;13;13;13m [38;2;13;13;13m [38;2;13;13;13m [38;2;13;13;13m [38;2;13;13;13m [38;2;13;13;13m [38;2;13;13;13m [38;2;13;13;13m [38;2;13;13;13m [38;2;13;13;13m [38;2;13;13;13m [38;2;13;13;13m [38;2;13;13;13m [38;2;13;13;13m [38;2;5;5;5m [0m
[38;2;13;13;13m [38;2;13;13;13m [38;2;13;13;13m [38;2;13;13;13m [38;2;13;13;13m [38;2;13;13;13m [38;2;13;13;13m [38;2;13;13;13m [38;2;13;13;13m [38;2;13;13;13m [38;2;13;13;13m [38;2;13;13;13m [38;2;13;13;13m [38;2;13;13;13m [38;2;13;13;13m [38;2;13;13;13m [38;2;13;13;13m [38;2;13;13;13m [38;2;13;13;13m [38;2;13;13;13m [38;2;13;13;13m [38;2;13;13;13m [38;2;13;13;13m [38;2;13;13;13m [38;2;13;13;13m [0m
[38;2;13;13;13m [38;2;13;13;13m [38;2;13;13;13m [38;2;13;13;13m [38;2;19;19;19m.[38;2;18;19;16m.[38;2;18;18;16m.[38;2;19;19;18m.[38;2;20;20;18m.[38;2;19;20;18m.[38;2;20;20;19m.[38;2;21;21;21m.[38;2;22;22;20m.[38;2;22;22;19m.[38;2;23;23;20m.[38;2;23;23;21m.[38;2;23;23;21m.[38;2;23;23;21m.[38;2;23;23;21m.[38;2;23;23;22m.[38;2;23;24;23m.[38;2;13;13;13m [38;2;13;13;13m [38;2;13;13;13m [38;2;13;13;13m [0m
[38;2;13;13;13m [38;2;13;13;13m [38;2;13;13;13m [38;2;55;55;53m:[38;2;56;57;53m:[38;2;54;55;50m:[38;2;55;56;52m:[38;2;60;61;57m:[38;2;64;65;60m:[38;2;72;71;67m-[38;2;75;74;68m-[38;2;79;79;74m-[38;2;82;83;78m-[38;2;85;86;83m-[38;2;88;89;87m-[38;2;90;90;88m-[38;2;91;92;89m-[38;2;93;93;91m-[38;2;93;93;91m-[38;2;97;97;94m-[38;2;108;111;106m=[38;2;76;78;75m-[38;2;13;13;13m [38;2;13;13;13m [38;2;13;13;13m [0m
[38;2;13;13;13m [38;2;13;13;13m [38;2;13;13;13m [38;2;63;63;61m:[38;2;15;15;14m.[38;2;12;12;12m [38;2;12;12;12m [38;2;12;12;12m [38;2;13;13;12m [38;2;13;13;13m [38;2;14;13;13m [38;2;13;13;13m [38;2;13;13;13m [38;2;13;13;13m [38;2;13;13;13m [38;2;13;13;13m [38;2;13;13;13m [38;2;13;13;13m [38;2;13;13;13m [38;2;13;13;13m [38;2;25;26;25m.[38;2;89;89;89m-[38;2;13;13;13m [38;2;13;13;13m [38;2;13;13;13m [0m
[38;2;13;13;13m [38;2;13;13;13m [38;2;13;13;13m [38;2;43;43;43m:[38;2;12;12;12m [38;2;20;21;19m.[38;2;96;97;93m-[38;2;80;81;76m-[38;2;61;62;57m:[38;2;65;65;61m:[38;2;40;41;36m.[38;2;37;38;34m.[38;2;38;38;36m.[38;2;38;38;36m.[38;2;45;46;42m:[38;2;84;85;80m-[38;2;83;84;80m-[38;2;118;118;114m=[38;2;139;140;136m+[38;2;21;21;20m.[38;2;11;13;13m [38;2;57;58;58m:[38;2;13;13;13m [38;2;13;13;13m [38;2;13;13;13m [0m
[38;2;13;13;13m [38;2;13;13;13m [38;2;13;13;13m [38;2;43;43;43m:[38;2;14;14;14m [38;2;36;36;34m.[38;2;159;159;155m*[38;2;127;128;123m=[38;2;87;88;83m-[38;2;91;91;85m-[38;2;100;100;93m=[38;2;105;106;99m=[38;2;110;111;104m=[38;2;112;113;106m=[38;2;111;112;105m=[38;2;114;115;108m=[38;2;118;119;112m=[38;2;188;189;183m#[38;2;236;237;234m%[38;2;35;37;36m.[38;2;11;14;13m [38;2;57;58;57m:[38;2;13;13;13m [38;2;13;13;13m [38;2;13;13;13m [0m
[38;2;13;13;13m [38;2;13;13;13m [38;2;13;13;13m [38;2;56;56;53m:[38;2;15;15;14m.[38;2;37;39;37m.[38;2;169;172;166m*[38;2;139;140;135m+[38;2;91;92;85m-[38;2;90;91;83m-[38;2;93;94;87m-[38;2;96;97;90m-[38;2;100;102;94m=[38;2;103;105;97m=[38;2;105;106;99m=[38;2;110;112;104m=[38;2;118;119;112m=[38;2;188;189;183m#[38;2;234;236;231m%[38;2;35;36;34m.[38;2;19;20;19m.[38;2;74;76;75m-[38;2;13;13;13m [38;2;13;13;13m [38;2;13;13;13m [0m
[38;2;13;13;13m [38;2;13;13;13m [38;2;13;12;14m [38;2;71;71;68m:[38;2;17;18;16m.[38;2;40;40;38m.[38;2;181;182;177m*[38;2;144;145;138m+[38;2;89;90;83m-[38;2;91;91;84m-[38;2;95;95;88m-[38;2;94;95;88m-[38;2;97;98;91m-[38;2;100;102;94m=[38;2;106;107;100m=[38;2;111;112;105m=[38;2;118;118;111m=[38;2;194;194;189m#[38;2;241;241;239m@[38;2;35;35;34m.[38;2;29;31;30m.[38;2;92;94;91m-[38;2;13;13;13m [38;2;13;13;13m [38;2;13;13;13m [0m
[38;2;13;13;13m [38;2;13;13;13m [38;2;13;13;13m [38;2;76;77;71m-[38;2;18;18;17m.[38;2;38;41;38m.[38;2;181;184;178m*[38;2;141;142;137m+[38;2;84;86;79m-[38;2;88;90;82m-[38;2;91;92;85m-[38;2;92;93;86m-[38;2;97;99;91m-[38;2;100;101;94m=[38;2;102;103;96m=[38;2;111;110;104m=[38;2;120;120;114m=[38;2;191;192;186m#[38;2;234;236;231m%[38;2;33;35;32m.[38;2;30;30;31m.[38;2;90;91;89m-[38;2;13;13;13m [38;2;13;13;13m [38;2;13;13;13m [0m
[38;2;13;13;13m [38;2;13;13;13m [38;2;13;13;13m [38;2;80;80;76m-[38;2;18;19;18m.[38;2;39;39;40m.[38;2;181;182;177m*[38;2;148;149;143m+[38;2;85;86;79m-[38;2;96;97;91m-[38;2;106;107;102m=[38;2;81;82;77m-[38;2;126;127;123m=[38;2;85;85;81m-[38;2;111;111;107m=[38;2;115;115;111m=[38;2;112;114;107m=[38;2;191;192;186m#[38;2;229;230;227m%[38;2;33;33;33m.[38;2;29;30;29m.[38;2;86;89;85m-[38;2;11;13;13m [38;2;13;13;13m [38;2;13;13;13m [0m
[38;2;13;13;13m [38;2;13;13;13m [38;2;13;13;13m [38;2;80;81;78m-[38;2;19;19;18m.[38;2;41;40;41m.[38;2;179;180;174m*[38;2;150;151;145m+[38;2;84;85;80m-[38;2;161;161;159m*[38;2;191;191;189m#[38;2;79;79;77m-[38;2;255;255;254m@[38;2;83;83;80m-[38;2;189;189;187m#[38;2;172;173;170m*[38;2;103;104;98m=[38;2;187;188;182m#[38;2;222;225;218m%[38;2;31;33;32m.[38;2;28;30;28m.[38;2;84;86;83m-[38;2;12;13;13m [38;2;13;13;13m [38;2;13;13;13m [0m
[38;2;13;13;13m [38;2;13;13;13m [38;2;13;13;13m [38;2;82;83;80m-[38;2;19;19;18m.[38;2;42;42;41m.[38;2;190;191;186m#[38;2;151;153;146m+[38;2;88;89;83m-[38;2;161;162;159m*[38;2;191;191;189m#[38;2;77;78;74m-[38;2;255;255;253m@[38;2;81;81;78m-[38;2;188;188;186m#[38;2;170;171;168m*[38;2;100;101;95m=[38;2;182;183;177m*[38;2;220;222;215m%[38;2;33;34;33m.[38;2;28;28;27m.[38;2;83;84;81m-[38;2;13;13;13m [38;2;13;13;13m [38;2;13;13;13m [0m
[38;2;13;13;13m [38;2;13;13;13m [38;2;13;13;13m [38;2;87;87;84m-[38;2;19;20;18m.[38;2;41;41;40m.[38;2;186;188;183m#[38;2;155;158;150m*[38;2;90;91;86m-[38;2;162;163;160m*[38;2;192;192;190m#[38;2;81;81;77m-[38;2;255;255;253m@[38;2;82;83;79m-[38;2;188;188;186m#[38;2;168;169;167m*[38;2;94;95;90m-[38;2;180;181;175m*[38;2;214;217;210m%[38;2;31;33;32m.[38;2;28;27;28m.[38;2;81;82;79m-[38;2;13;13;13m [38;2;13;13;13m [38;2;13;13;13m [0m
[38;2;13;13;13m [38;2;13;13;13m [38;2;13;13;13m [38;2;89;89;87m-[38;2;20;20;18m.[38;2;40;43;41m.[38;2;188;191;186m#[38;2;158;159;153m*[38;2;92;93;88m-[38;2;162;162;160m*[38;2;193;194;191m#[38;2;82;82;78m-[38;2;255;255;253m@[38;2;86;86;83m-[38;2;189;189;187m#[38;2;169;169;166m*[38;2;91;92;87m-[38;2;174;175;168m*[38;2;216;218;210m%[38;2;32;32;31m.[38;2;27;27;26m.[38;2;79;79;76m-[38;2;13;13;13m [38;2;13;13;13m [38;2;13;13;13m [0m
[38;2;13;13;13m [38;2;13;13;13m [38;2;13;13;13m [38;2;87;88;86m-[38;2;20;20;18m.[38;2;43;42;43m.[38;2;200;201;194m#[38;2;160;162;154m*[38;2;96;97;90m-[38;2;162;162;159m*[38;2;194;195;192m#[38;2;86;86;83m-[38;2;255;255;253m@[38;2;84;85;82m-[38;2;188;188;186m#[38;2;168;168;165m*[38;2;92;93;88m-[38;2;172;173;168m*[38;2;205;206;199m#[38;2;31;31;30m.[38;2;27;27;26m.[38;2;78;79;75m-[38;2;13;13;13m [38;2;13;13;13m [38;2;13;13;13m [0m
[38;2;13;13;13m [38;2;13;13;13m [38;2;13;13;13m [38;2;90;90;88m-[38;2;20;21;19m.[38;2;42;45;45m:[38;2;202;205;198m#[38;2;160;162;154m*[38;2;96;97;90m-[38;2;158;158;155m*[38;2;186;187;184m#[38;2;89;89;85m-[38;2;242;242;240m@[38;2;86;86;84m-[38;2;181;181;178m*[38;2;162;163;159m*[38;2;97;97;92m-[38;2;166;167;160m*[38;2;198;200;191m#[38;2;29;29;29m.[38;2;27;27;26m.[38;2;76;76;73m-[38;2;13;13;13m [38;2;13;13;13m [38;2;13;13;13m [0m
[38;2;13;13;13m [38;2;13;13;13m [38;2;13;13;13m [38;2;89;90;87m-[38;2;21;21;19m.[38;2;42;44;44m:[38;2;201;204;197m#[38;2;154;155;148m+[38;2;102;103;96m=[38;2;84;85;79m-[38;2;86;86;82m-[38;2;92;93;87m-[38;2;85;86;81m-[38;2;91;92;87m-[38;2;85;86;80m-[38;2;82;83;77m-[38;2;99;100;95m=[38;2;158;159;152m*[38;2;193;195;186m#[38;2;29;30;29m.[38;2;26;26;25m.[38;2;73;74;71m-[38;2;13;13;13m [38;2;13;13;13m [38;2;13;13;13m [0m
[38;2;13;13;13m [38;2;13;13;13m [38;2;13;13;13m [38;2;89;89;87m-[38;2;21;21;19m.[38;2;17;17;16m.[38;2;143;144;140m+[38;2;154;155;150m+[38;2;108;109;102m=[38;2;109;111;103m=[38;2;113;114;107m=[38;2;108;110;103m=[38;2;108;109;102m=[38;2;108;109;102m=[38;2;103;105;97m=[38;2;101;102;95m=[38;2;104;105;98m=[38;2;156;157;150m*[38;2;132;133;128m+[38;2;16;16;15m.[38;2;26;26;25m.[38;2;69;70;67m:[38;2;13;13;13m [38;2;13;13;13m [38;2;13;13;13m [0m
[38;2;13;13;13m [38;2;13;13;13m [38;2;13;13;13m [38;2;70;70;68m:[38;2;60;60;58m:[38;2;13;13;13m [38;2;19;21;18m.[38;2;111;113;108m=[38;2;117;119;112m=[38;2;113;114;107m=[38;2;113;114;107m=[38;2;109;110;103m=[38;2;111;113;105m=[38;2;105;106;99m=[38;2;104;105;98m=[38;2;105;106;99m=[38;2;111;112;105m=[38;2;104;105;101m=[38;2;19;19;16m.[38;2;14;14;13m [38;2;61;61;59m:[38;2;53;53;52m:[38;2;13;13;13m [38;2;13;13;13m [38;2;13;13;13m [0m
[38;2;13;13;13m [38;2;13;13;13m [38;2;13;13;13m [38;2;13;13;13m [38;2;88;88;86m-[38;2;64;64;63m:[38;2;13;14;13m [38;2;19;20;17m.[38;2;96;97;92m-[38;2;121;122;116m=[38;2;113;115;107m=[38;2;117;118;111m=[38;2;118;119;113m=[38;2;111;112;105m=[38;2;112;113;106m=[38;2;111;112;105m=[38;2;86;87;82m-[38;2;18;18;17m.[38;2;13;13;12m [38;2;60;61;56m:[38;2;68;69;66m:[38;2;12;12;13m [38;2;13;13;13m [38;2;13;13;13m [38;2;13;13;13m [0m
[38;2;13;13;13m [38;2;13;13;13m [38;2;13;13;13m [38;2;13;13;13m [38;2;13;13;13m [38;2;87;89;87m-[38;2;65;68;65m:[38;2;12;13;11m [38;2;20;20;17m.[38;2;96;97;92m-[38;2;115;116;110m=[38;2;99;100;96m=[38;2;34;35;31m.[38;2;99;99;94m-[38;2;112;113;106m=[38;2;92;93;88m-[38;2;18;19;16m.[38;2;13;13;11m [38;2;61;61;60m:[38;2;67;68;64m:[38;2;12;13;11m [38;2;13;13;12m [38;2;13;13;13m [38;2;13;13;13m [38;2;13;13;13m [0m
[38;2;6;6;6m [38;2;13;13;13m [38;2;13;13;13m [38;2;13;13;13m [38;2;13;13;13m [38;2;13;13;13m [38;2;84;86;83m-[38;2;67;69;66m:[38;2;13;13;13m [38;2;21;21;19m.[38;2;80;81;77m-[38;2;23;23;22m.[38;2;44;44;44m:[38;2;25;25;23m.[38;2;78;79;74m-[38;2;18;19;17m.[38;2;13;13;11m [38;2;66;67;64m:[38;2;66;66;64m:[38;2;13;13;12m [38;2;13;13;13m [38;2;13;13;13m [38;2;13;13;13m [38;2;13;13;13m [38;2;6;6;6m [0m
[38;2;0;0;0m [38;2;6;6;6m [38;2;13;13;13m [38;2;13;13;13m [38;2;13;13;13m [38;2;13;13;13m [38;2;13;13;13m [38;2;80;81;80m-[38;2;70;71;69m:[38;2;13;13;11m [38;2;13;13;12m [38;2;35;37;37m.[38;2;98;101;100m=[38;2;35;35;35m.[38;2;13;13;13m [38;2;13;13;12m [38;2;66;66;64m:[38;2;66;66;63m:[38;2;13;13;11m [38;2;13;13;12m [38;2;13;13;12m [38;2;13;13;12m [38;2;13;13;13m [38;2;6;6;6m [38;2;0;0;0m [0m
[38;2;0;0;0m [38;2;1;1;1m [38;2;6;6;6m [38;2;13;13;13m [38;2;13;13;13m [38;2;13;13;13m [38;2;13;13;13m [38;2;13;13;13m [38;2;75;77;75m-[38;2;71;72;70m-[38;2;13;13;13m [38;2;13;13;13m [38;2;13;13;13m [38;2;13;13;13m [38;2;13;13;13m [38;2;65;65;62m:[38;2;62;62;59m:[38;2;13;13;12m [38;2;13;13;13m [38;2;13;13;13m [38;2;13;13;13m [38;2;13;13;13m [38;2;6;6;6m [38;2;1;1;1m [38;2;0;0;0m [0m
[38;2;0;0;0m [38;2;0;0;0m [38;2;1;1;1m [38;2;6;6;6m [38;2;13;13;13m [38;2;13;13;13m [38;2;13;13;13m [38;2;13;13;13m [38;2;12;13;12m [38;2;70;72;69m-[38;2;70;71;69m:[38;2;20;20;19m.[38;2;20;20;19m.[38;2;19;19;18m.[38;2;67;68;64m:[38;2;59;59;56m:[38;2;13;13;12m [38;2;13;13;13m [38;2;13;13;13m [38;2;13;13;13m [38;2;13;13;13m [38;2;6;6;6m [38;2;1;1;1m [38;2;0;0;0m [38;2;0;0;0m [0m
[38;2;0;0;0m [38;2;0;0;0m [38;2;0;0;0m [38;2;1;1;1m [38;2;6;6;6m [38;2;13;13;13m [38;2;13;13;13m [38;2;13;13;13m [38;2;13;13;13m [38;2;13;13;12m [38;2;61;62;59m:[38;2;81;82;79m-[38;2;76;77;74m-[38;2;73;74;71m-[38;2;53;53;50m:[38;2;13;13;12m [38;2;13;13;13m [38;2;13;13;13m [38;2;13;13;13m [38;2;13;13;13m [38;2;6;6;6m [38;2;1;1;1m [38;2;0;0;0m [38;2;0;0;0m [38;2;0;0;0m [0m
[38;2;0;0;0m [38;2;0;0;0m [38;2;0;0;0m [38;2;0;0;0m [38;2;1;1;1m [38;2;6;6;6m [38;2;13;13;13m [38;2;13;13;13m [38;2;13;13;13m [38;2;13;13;12m [38;2;13;13;13m [38;2;13;13;13m [38;2;13;13;13m [38;2;13;13;13m [38;2;13;13;13m [38;2;13;13;13m [38;2;13;13;13m [38;2;13;13;13m [38;2;13;13;13m [38;2;6;6;6m [38;2;1;1;1m [38;2;0;0;0m [38;2;0;0;0m [38;2;0;0;0m [38;2;0;0;0m [0m
[38;2;0;0;0m [38;2;0;0;0m [38;2;0;0;0m [38;2;0;0;0m [38;2;0;0;0m [38;2;1;1;1m [38;2;7;7;7m [38;2;13;13;13m [38;2;13;13;13m [38;2;13;13;13m [38;2;13;13;13m [38;2;13;13;13m [38;2;13;13;13m [38;2;13;13;13m [38;2;13;13;13m [38;2;13;13;13m [38;2;13;13;13m [38;2;13;13;13m [38;2;7;7;7m [38;2;1;1;1m [38;2;0;0;0m [38;2;0;0;0m [38;2;0;0;0m [38;2;0;0;0m [38;2;0;0;0m [0m
[38;2;0;0;0m [38;2;0;0;0m [38;2;0;0;0m [38;2;0;0;0m [38;2;0;0;0m [38;2;0;0;0m [38;2;1;1;1m [38;2;7;7;7m [38;2;13;13;13m [38;2;13;13;13m [38;2;13;13;13m [38;2;13;13;13m [38;2;13;13;13m [38;2;13;13;13m [38;2;13;13;13m [38;2;13;13;13m [38;2;13;13;13m [38;2;7;7;7m [38;2;1;1;1m [38;2;0;0;0m [38;2;0;0;0m [38;2;0;0;0m [38;2;0;0;0m [38;2;0;0;0m [38;2;0;0;0m [0m
