[38;2;5;5;5m [38;2;13;13;13m [38;2;13;13;13m [38;2;13;13;13m [38;2;13;13;13m [38;2;13;13;13m [38;2;13;13;13m [38;2;13;13;13m [38;2;13;13;13m [38;2;13;13;13m [38;2;13;13;13m [38;2;13;13;13m [38;2;13;13;13m [38;2;13;13;13m [38;2;13;13;13m [38;2;13;13;13m [38;2;13;13;13m [38;2;13;13;13m [38;2;13;13;13m [38;2;13;13;13m [38;2;13;13;13m [38;2;13;13;13m [38;2;13;13;13m [38;2;13;13;13m [38;2;5;5;5m [0m
[38;2;13;13;13m [38;2;13;13;13m [38;2;13;13;13m [38;2;13;13;13m [38;2;13;13;13m [38;2;13;13;13m [38;2;13;13;13m [38;2;13;13;13m [38;2;13;13;13m [38;2;13;13;13m [38;2;13;13;13m [38;2;13;13;13m [38;2;13;13;13m [38;2;13;13;13m [38;2;13;13;13m [38;2;13;13;13m [38;2;13;13;13m [38;2;13;13;13m [38;2;13;13;13m [38;2;13;13;13m [38;2;13;13;13m [38;2;13;13;13m [38;2;13;13;13m [38;2;13;13;13m [38;2;13;13;13m [0m
[38;2;13;13;13m [38;2;13;13;13m [38;2;13;13;13m [38;2;13;13;13m [38;2;19;19;18m.[38;2;19;19;17m.[38;2;19;19;17m.[38;2;19;18;18m.[38;2;20;20;18m.[38;2;20;20;18m.[38;2;21;21;21m.[38;2;22;22;22m.[38;2;22;21;21m.[38;2;22;22;22m.[38;2;22;22;20m.[38;2;22;22;20m.[38;2;22;23;20m.[38;2;23;23;21m.[38;2;23;23;23m.[38;2;24;24;23m.[38;2;24;24;23m.[38;2;14;14;13m [38;2;13;13;13m [38;2;13;13;13m [38;2;13;13;13m [0m
[38;2;13;13;13m [38;2;13;13;13m [38;2;13;13;13m [38;2;52;52;50m:[38;2;55;55;51m:[38;2;51;52;48m:[38;2;53;54;49m:[38;2;55;56;51m:[38;2;63;64;59m:[38;2;68;68;63m:[38;2;74;75;70m-[38;2;77;78;73m-[38;2;82;82;77m-[38;2;84;85;80m-[38;2;85;85;82m-[38;2;87;87;85m-[38;2;88;89;86m-[38;2;89;90;87m-[38;2;92;92;91m-[38;2;94;95;93m-[38;2;105;106;103m=[38;2;74;74;72m-[38;2;13;13;13m [38;2;13;13;13m [38;2;13;13;13m [0m
[38;2;13;13;13m [38;2;13;13;13m [38;2;13;13;13m [38;2;60;60;59m:[38;2;16;16;14m.[38;2;13;13;13m [38;2;13;13;13m [38;2;13;13;13m [38;2;13;13;13m [38;2;12;12;12m [38;2;13;13;13m [38;2;12;12;12m [38;2;13;13;13m [38;2;13;13;13m [38;2;13;13;13m [38;2;13;13;13m [38;2;13;13;13m [38;2;13;13;13m [38;2;13;13;13m [38;2;13;13;13m [38;2;24;26;24m.[38;2;84;85;85m-[38;2;13;13;13m [38;2;13;13;13m [38;2;13;13;13m [0m
[38;2;13;13;13m [38;2;13;13;13m [38;2;13;12;14m [38;2;42;42;41m.[38;2;13;13;13m [38;2;20;20;19m.[38;2;99;99;95m-[38;2;80;81;76m-[38;2;63;64;59m:[38;2;64;65;61m:[38;2;36;37;33m.[38;2;33;34;30m.[38;2;34;35;33m.[38;2;36;36;34m.[38;2;42;43;39m.[38;2;76;77;73m-[38;2;78;79;74m-[38;2;115;116;111m=[38;2;139;140;138m+[38;2;20;21;21m.[38;2;12;13;13m [38;2;56;57;56m:[38;2;13;13;13m [38;2;13;13;13m [38;2;13;13;13m [0m
[38;2;13;13;13m [38;2;13;13;13m [38;2;13;13;13m [38;2;42;43;42m:[38;2;13;13;13m [38;2;36;36;34m.[38;2;170;171;166m*[38;2;126;127;121m=[38;2;85;86;79m-[38;2;87;87;80m-[38;2;91;90;83m-[38;2;95;94;87m-[38;2;100;99;93m-[38;2;104;103;97m=[38;2;106;107;100m=[38;2;108;109;101m=[38;2;111;110;103m=[38;2;180;180;175m*[38;2;237;239;236m%[38;2;35;36;35m.[38;2;13;13;13m [38;2;55;55;55m:[38;2;13;13;13m [38;2;13;13;13m [38;2;13;13;13m [0m
[38;2;13;13;13m [38;2;13;13;13m [38;2;13;12;14m [38;2;55;56;53m:[38;2;15;15;13m.[38;2;36;36;34m.[38;2;178;179;174m*[38;2;138;139;133m+[38;2;86;85;78m-[38;2;85;84;77m-[38;2;87;87;80m-[38;2;91;92;85m-[38;2;93;93;87m-[38;2;97;97;90m-[38;2;101;101;95m=[38;2;105;104;98m=[38;2;110;109;102m=[38;2;188;188;183m#[38;2;241;241;239m@[38;2;34;35;35m.[38;2;18;20;19m.[38;2;69;71;68m:[38;2;13;13;13m [38;2;13;13;13m [38;2;13;13;13m [0m
[38;2;13;13;13m [38;2;13;13;13m [38;2;13;13;13m [38;2;72;72;69m-[38;2;16;16;15m.[38;2;38;38;36m.[38;2;180;180;176m*[38;2;139;140;134m+[38;2;84;83;77m-[38;2;84;82;76m-[38;2;83;82;76m-[38;2;87;86;79m-[38;2;90;89;83m-[38;2;96;95;88m-[38;2;103;101;95m=[38;2;105;104;98m=[38;2;110;109;103m=[38;2;187;186;181m#[38;2;241;242;239m@[38;2;33;35;34m.[38;2;28;30;30m.[38;2;85;87;84m-[38;2;13;13;13m [38;2;13;13;13m [38;2;13;13;13m [0m
[38;2;13;13;13m [38;2;13;13;13m [38;2;13;13;13m [38;2;74;74;72m-[38;2;17;17;16m.[38;2;38;38;37m.[38;2;182;183;177m*[38;2;141;142;136m+[38;2;87;88;81m-[38;2;85;86;79m-[38;2;85;85;78m-[38;2;86;84;78m-[38;2;79;78;71m-[38;2;93;92;85m-[38;2;101;100;94m=[38;2;104;103;97m=[38;2;114;113;106m=[38;2;188;188;182m#[38;2;234;236;233m%[38;2;32;35;34m.[38;2;28;31;29m.[38;2;85;86;83m-[38;2;13;13;13m [38;2;13;13;13m [38;2;13;13;13m [0m
[38;2;13;13;13m [38;2;13;13;13m [38;2;13;12;14m [38;2;78;78;76m-[38;2;18;18;16m.[38;2;38;38;36m.[38;2;177;177;174m*[38;2;142;143;138m+[38;2;90;91;84m-[38;2;86;87;80m-[38;2;87;87;80m-[38;2;78;76;72m-[38;2;135;134;130m+[38;2;84;83;77m-[38;2;100;98;92m-[38;2;107;107;100m=[38;2;112;111;105m=[38;2;184;184;178m*[38;2;232;233;229m%[38;2;31;34;32m.[38;2;28;30;29m.[38;2;82;84;81m-[38;2;13;13;13m [38;2;13;13;13m [38;2;13;13;13m [0m
[38;2;13;13;13m [38;2;13;13;13m [38;2;13;13;13m [38;2;78;78;76m-[38;2;18;18;16m.[38;2;38;39;36m.[38;2;186;187;182m#[38;2;148;149;142m+[38;2;92;93;86m-[38;2;88;89;82m-[38;2;87;88;81m-[38;2;83;84;79m-[38;2;240;241;238m%[38;2;79;80;75m-[38;2;101;102;95m=[38;2;109;108;101m=[38;2;109;108;101m=[38;2;183;183;177m*[38;2;223;226;221m%[38;2;33;34;31m.[38;2;28;29;30m.[38;2;81;82;80m-[38;2;13;13;13m [38;2;13;13;13m [38;2;13;13;13m [0m
[38;2;13;13;13m [38;2;13;13;13m [38;2;13;13;13m [38;2;81;82;79m-[38;2;19;19;18m.[38;2;39;39;38m.[38;2;187;188;183m#[38;2;142;144;136m+[38;2;84;85;78m-[38;2;85;85;80m-[38;2;83;84;80m-[38;2;138;138;137m+[38;2;254;254;254m@[38;2;126;126;124m=[38;2;94;95;90m-[38;2;97;96;91m-[38;2;96;95;91m-[38;2;175;175;171m*[38;2;228;229;224m%[38;2;32;34;31m.[38;2;27;29;30m.[38;2;79;80;78m-[38;2;13;13;13m [38;2;13;13;13m [38;2;13;13;13m [0m
[38;2;13;13;13m [38;2;13;13;13m [38;2;13;13;13m [38;2;84;84;82m-[38;2;19;19;17m.[38;2;39;42;38m.[38;2;189;193;185m#[38;2;143;144;137m+[38;2;97;98;93m-[38;2;212;212;210m#[38;2;254;254;253m@[38;2;255;255;254m@[38;2;255;255;255m@[38;2;254;254;253m@[38;2;254;254;252m@[38;2;203;204;200m#[38;2;98;98;93m-[38;2;173;174;167m*[38;2;218;221;214m%[38;2;32;33;30m.[38;2;27;28;26m.[38;2;76;78;75m-[38;2;13;13;13m [38;2;13;13;13m [38;2;13;13;13m [0m
[38;2;13;13;13m [38;2;13;13;13m [38;2;13;13;13m [38;2;84;85;83m-[38;2;19;19;17m.[38;2;41;41;38m.[38;2;197;198;193m#[38;2;154;155;149m+[38;2;93;94;87m-[38;2;79;80;76m-[38;2;171;171;169m*[38;2;255;255;254m@[38;2;255;255;255m@[38;2;255;255;255m@[38;2;156;156;154m*[38;2;78;78;74m-[38;2;93;94;89m-[38;2;169;170;164m*[38;2;220;222;215m%[38;2;33;33;32m.[38;2;26;26;26m.[38;2;73;73;71m-[38;2;13;13;13m [38;2;13;13;13m [38;2;13;13;13m [0m
[38;2;13;13;13m [38;2;13;13;13m [38;2;13;12;14m [38;2;84;84;81m-[38;2;20;20;19m.[38;2;42;42;39m.[38;2;196;197;192m#[38;2;156;157;151m*[38;2;101;102;95m=[38;2;95;97;90m-[38;2;132;132;129m+[38;2;255;255;255m@[38;2;254;254;254m@[38;2;255;255;255m@[38;2;112;112;109m=[38;2;88;89;82m-[38;2;96;97;89m-[38;2;164;165;157m*[38;2;206;207;198m#[38;2;30;30;30m.[38;2;27;26;27m.[38;2;73;73;71m-[38;2;13;13;13m [38;2;13;13;13m [38;2;13;13;13m [0m
[38;2;13;13;13m [38;2;13;13;13m [38;2;13;13;13m [38;2;84;85;82m-[38;2;20;20;20m.[38;2;43;43;40m:[38;2;195;196;191m#[38;2;155;156;150m+[38;2;106;107;100m=[38;2;91;92;86m-[38;2;190;191;188m#[38;2;196;197;195m#[38;2;96;96;94m-[38;2;207;207;206m#[38;2;169;170;167m*[38;2;82;83;77m-[38;2;93;94;86m-[38;2;155;156;149m+[38;2;198;199;190m#[38;2;31;31;29m.[38;2;26;26;26m.[38;2;72;73;70m-[38;2;13;13;13m [38;2;13;13;13m [38;2;13;13;13m [0m
[38;2;13;13;13m [38;2;13;13;13m [38;2;13;13;13m [38;2;86;87;84m-[38;2;20;20;20m.[38;2;43;43;40m:[38;2;197;198;193m#[38;2;153;154;148m+[38;2;106;107;100m=[38;2;87;88;82m-[38;2;141;142;138m+[38;2;78;79;74m-[38;2;86;85;79m-[38;2;74;73;68m-[38;2;138;139;134m+[38;2;75;75;69m-[38;2;93;94;87m-[38;2;154;153;146m+[38;2;193;193;185m#[38;2;30;29;29m.[38;2;25;25;26m.[38;2;71;71;69m-[38;2;13;13;13m [38;2;13;13;13m [38;2;13;13;13m [0m
[38;2;13;13;13m [38;2;13;13;13m [38;2;13;13;13m [38;2;89;89;86m-[38;2;21;21;20m.[38;2;16;18;17m.[38;2;143;146;142m+[38;2;151;152;147m+[38;2;107;108;101m=[38;2;96;95;89m-[38;2;91;90;84m-[38;2;96;96;90m-[38;2;93;92;85m-[38;2;85;85;79m-[38;2;78;79;74m-[38;2;84;85;79m-[38;2;95;97;89m-[38;2;148;149;142m+[38;2;133;134;129m+[38;2;16;16;15m.[38;2;25;25;23m.[38;2;68;68;66m:[38;2;13;13;13m [38;2;13;13;13m [38;2;13;13;13m [0m
[38;2;13;13;13m [38;2;13;13;13m [38;2;13;13;13m [38;2;68;69;66m:[38;2;59;59;57m:[38;2;14;14;13m [38;2;21;21;21m.[38;2;109;110;106m=[38;2;108;109;102m=[38;2;105;106;99m=[38;2;98;99;92m-[38;2;95;95;88m-[38;2;91;91;84m-[38;2;88;90;82m-[38;2;86;87;80m-[38;2;90;91;85m-[38;2;95;97;90m-[38;2;98;98;94m-[38;2;18;18;16m.[38;2;13;13;12m [38;2;58;58;56m:[38;2;50;50;48m:[38;2;13;13;13m [38;2;13;13;13m [38;2;13;13;13m [0m
[38;2;13;13;13m [38;2;13;13;13m [38;2;13;13;13m [38;2;13;13;13m [38;2;85;85;83m-[38;2;61;62;60m:[38;2;14;14;14m [38;2;19;20;18m.[38;2;86;87;82m-[38;2;105;106;99m=[38;2;105;106;99m=[38;2;96;97;90m-[38;2;92;93;87m-[38;2;91;92;85m-[38;2;89;91;83m-[38;2;95;96;89m-[38;2;74;75;70m-[38;2;17;17;14m.[38;2;13;13;11m [38;2;59;59;57m:[38;2;67;67;65m:[38;2;13;13;12m [38;2;13;13;13m [38;2;13;13;13m [38;2;13;13;13m [0m
[38;2;13;13;13m [38;2;13;13;13m [38;2;13;13;13m [38;2;13;13;13m [38;2;12;14;13m [38;2;84;87;85m-[38;2;67;67;67m:[38;2;13;14;12m [38;2;21;21;18m.[38;2;83;84;79m-[38;2;101;102;96m=[38;2;82;83;78m-[38;2;30;31;27m.[38;2;83;84;79m-[38;2;93;94;88m-[38;2;75;76;72m-[38;2;18;18;16m.[38;2;13;13;12m [38;2;61;61;60m:[38;2;65;65;63m:[38;2;13;13;13m [38;2;13;13;13m [38;2;13;13;13m [38;2;13;13;13m [38;2;13;13;13m [0m
[38;2;6;6;6m [38;2;13;13;13m [38;2;13;13;13m [38;2;13;13;13m [38;2;13;13;13m [38;2;13;13;13m [38;2;84;85;83m-[38;2;69;71;68m:[38;2;13;13;13m [38;2;20;20;19m.[38;2;69;70;66m:[38;2;21;22;19m.[38;2;41;41;39m.[38;2;22;23;21m.[38;2;66;66;63m:[38;2;18;18;16m.[38;2;14;14;13m [38;2;63;64;62m:[38;2;64;64;62m:[38;2;13;13;13m [38;2;13;13;13m [38;2;13;13;13m [38;2;13;13;13m [38;2;13;13;13m [38;2;6;6;6m [0m
[38;2;0;0;0m [38;2;6;6;6m [38;2;13;13;13m [38;2;13;13;13m [38;2;13;13;13m [38;2;13;13;13m [38;2;13;13;12m [38;2;82;85;82m-[38;2;71;73;70m-[38;2;13;13;11m [38;2;13;13;11m [38;2;34;34;33m.[38;2;89;91;90m-[38;2;31;33;32m.[38;2;14;14;14m [38;2;14;14;13m [38;2;65;66;64m:[38;2;64;64;62m:[38;2;12;13;12m [38;2;13;13;13m [38;2;13;13;13m [38;2;13;13;13m [38;2;13;13;13m [38;2;6;6;6m [38;2;0;0;0m [0m
[38;2;0;0;0m [38;2;1;1;1m [38;2;6;6;6m [38;2;13;13;13m [38;2;13;13;13m [38;2;13;13;13m [38;2;13;13;13m [38;2;13;13;13m [38;2;78;78;76m-[38;2;71;71;68m:[38;2;14;14;13m [38;2;13;13;14m [38;2;13;13;13m [38;2;13;13;13m [38;2;14;14;14m [38;2;67;67;65m:[38;2;61;61;59m:[38;2;13;13;12m [38;2;13;13;13m [38;2;13;13;13m [38;2;13;13;13m [38;2;13;13;13m [38;2;6;6;6m [38;2;1;1;1m [38;2;0;0;0m [0m
[38;2;0;0;0m [38;2;0;0;0m [38;2;1;1;1m [38;2;6;6;6m [38;2;13;13;13m [38;2;13;13;13m [38;2;13;13;13m [38;2;13;13;13m [38;2;13;13;13m [38;2;73;73;71m-[38;2;71;71;69m-[38;2;21;21;19m.[38;2;20;20;19m.[38;2;20;20;18m.[38;2;68;68;65m:[38;2;57;58;55m:[38;2;12;12;12m [38;2;13;13;13m [38;2;13;13;13m [38;2;13;13;13m [38;2;13;13;13m [38;2;6;6;6m [38;2;1;1;1m [38;2;0;0;0m [38;2;0;0;0m [0m
[38;2;0;0;0m [38;2;0;0;0m [38;2;0;0;0m [38;2;1;1;1m [38;2;6;6;6m [38;2;13;13;13m [38;2;13;13;13m [38;2;13;13;13m [38;2;13;13;13m [38;2;13;13;13m [38;2;62;62;61m:[38;2;80;80;78m-[38;2;75;76;70m-[38;2;73;74;68m-[38;2;53;54;50m:[38;2;13;13;13m [38;2;13;13;13m [38;2;13;13;13m [38;2;13;13;13m [38;2;13;13;13m [38;2;6;6;6m [38;2;1;1;1m [38;2;0;0;0m [38;2;0;0;0m [38;2;0;0;0m [0m
[38;2;0;0;0m [38;2;0;0;0m [38;2;0;0;0m [38;2;0;0;0m [38;2;1;1;1m [38;2;6;6;6m [38;2;13;13;13m [38;2;13;13;13m [38;2;13;13;13m [38;2;13;13;13m [38;2;14;14;14m [38;2;13;13;13m [38;2;13;13;13m [38;2;13;13;14m [38;2;13;13;13m [38;2;13;13;13m [38;2;13;13;13m [38;2;13;13;13m [38;2;13;13;13m [38;2;6;6;6m [38;2;1;1;1m [38;2;0;0;0m [38;2;0;0;0m [38;2;0;0;0m [38;2;0;0;0m [0m
[38;2;0;0;0m [38;2;0;0;0m [38;2;0;0;0m [38;2;0;0;0m [38;2;0;0;0m [38;2;1;1;1m [38;2;7;7;7m [38;2;13;13;13m [38;2;13;13;13m [38;2;13;13;13m [38;2;13;13;13m [38;2;13;13;13m [38;2;13;13;13m [38;2;13;13;13m [38;2;13;13;13m [38;2;13;13;13m [38;2;13;13;13m [38;2;13;13;13m [38;2;7;7;7m [38;2;1;1;1m [38;2;0;0;0m [38;2;0;0;0m [38;2;0;0;0m [38;2;0;0;0m [38;2;0;0;0m [0m
[38;2;0;0;0m [38;2;0;0;0m [38;2;0;0;0m [38;2;0;0;0m [38;2;0;0;0m [38;2;0;0;0m [38;2;1;1;1m [38;2;7;7;7m [38;2;13;13;13m [38;2;13;13;13m [38;2;13;13;13m [38;2;13;13;13m [38;2;13;13;13m [38;2;13;13;13m [38;2;13;13;13m [38;2;13;13;13m [38;2;13;13;13m [38;2;7;7;7m [38;2;1;1;1m [38;2;0;0;0m [38;2;0;0;0m [38;2;0;0;0m [38;2;0;0;0m [38;2;0;0;0m [38;2;0;0;0m [0m
