[38;2;5;5;5m [38;2;13;13;13m [38;2;13;13;13m [38;2;13;13;13m [38;2;13;13;13m [38;2;13;13;13m [38;2;13;13;13m [38;2;13;13;13m [38;2;13;13;13m [38;2;13;13;13m [38;2;13;13;13m [38;2;13;13;13m [38;2;13;13;13m [38;2;13;13;13m [38;2;13;13;13m [38;2;13;13;13m [38;2;13;13;13m [38;2;13;13;13m [38;2;13;13;13m [38;2;13;13;13m [38;2;13;13;13m [38;2;13;13;13m [38;2;13;13;13m [38;2;13;13;13m [38;2;5;5;5m [0m
[38;2;13;13;13m [38;2;13;13;13m [38;2;13;13;13m [38;2;13;13;13m [38;2;13;13;13m [38;2;13;13;13m [38;2;13;13;13m [38;2;13;13;13m [38;2;13;13;13m [38;2;13;13;13m [38;2;13;13;13m [38;2;13;13;13m [38;2;13;13;13m [38;2;13;13;13m [38;2;13;13;13m [38;2;13;13;13m [38;2;13;13;13m [38;2;13;13;13m [38;2;13;13;13m [38;2;13;13;13m [38;2;13;13;13m [38;2;13;13;13m [38;2;13;13;13m [38;2;13;13;13m [38;2;13;13;13m [0m
[38;2;13;13;13m [38;2;13;13;13m [38;2;13;13;13m [38;2;13;13;13m [38;2;19;19;19m.[38;2;19;20;17m.[38;2;19;19;17m.[38;2;19;19;19m.[38;2;20;20;18m.[38;2;21;21;19m.[38;2;21;21;21m.[38;2;22;21;21m.[38;2;22;22;20m.[38;2;22;22;19m.[38;2;22;23;20m.[38;2;22;23;20m.[38;2;23;23;21m.[38;2;23;23;21m.[38;2;23;23;21m.[38;2;23;23;21m.[38;2;24;24;23m.[38;2;13;13;13m [38;2;13;13;13m [38;2;13;13;13m [38;2;13;13;13m [0m
[38;2;13;13;13m [38;2;13;13;13m [38;2;13;13;13m [38;2;58;59;56m:[38;2;59;59;55m:[38;2;52;53;49m:[38;2;57;58;53m:[38;2;60;60;56m:[38;2;64;65;61m:[38;2;72;73;68m-[38;2;75;76;71m-[38;2;79;80;75m-[38;2;83;84;79m-[38;2;86;86;83m-[38;2;89;89;87m-[38;2;90;91;88m-[38;2;91;92;89m-[38;2;92;93;91m-[38;2;96;97;94m-[38;2;97;98;94m-[38;2;111;112;108m=[38;2;78;79;77m-[38;2;14;14;14m [38;2;13;13;13m [38;2;13;13;13m [0m
[38;2;13;13;13m [38;2;13;13;13m [38;2;13;13;13m [38;2;64;64;62m:[38;2;15;15;14m.[38;2;13;13;13m [38;2;13;13;13m [38;2;13;13;13m [38;2;13;13;13m [38;2;12;12;12m [38;2;13;13;13m [38;2;13;13;13m [38;2;13;13;13m [38;2;13;13;13m [38;2;13;13;13m [38;2;13;13;13m [38;2;13;13;13m [38;2;13;13;13m [38;2;14;14;14m [38;2;13;13;13m [38;2;25;26;26m.[38;2;88;90;89m-[38;2;13;13;13m [38;2;13;13;13m [38;2;13;13;13m [0m
[38;2;13;13;13m [38;2;13;13;13m [38;2;13;13;13m [38;2;43;44;43m:[38;2;12;12;12m [38;2;20;20;20m.[38;2;104;105;103m=[38;2;96;97;93m-[38;2;72;73;69m-[38;2;79;79;75m-[38;2;42;43;39m.[38;2;39;38;37m.[38;2;39;39;37m.[38;2;38;38;34m.[38;2;44;45;41m:[38;2;77;78;73m-[38;2;80;81;77m-[38;2;118;119;115m=[38;2;139;140;137m+[38;2;21;21;21m.[38;2;13;13;13m [38;2;58;59;59m:[38;2;13;13;13m [38;2;13;13;13m [38;2;13;13;13m [0m
[38;2;13;13;13m [38;2;13;13;13m [38;2;13;12;14m [38;2;43;43;42m:[38;2;13;13;11m [38;2;36;36;34m.[38;2;183;185;181m#[38;2;156;158;152m*[38;2;105;106;99m=[38;2;104;105;98m=[38;2;111;110;103m=[38;2;109;109;102m=[38;2;112;113;106m=[38;2;109;111;103m=[38;2;107;108;101m=[38;2;108;109;102m=[38;2;115;117;110m=[38;2;192;193;189m#[38;2;240;240;240m%[38;2;38;38;38m.[38;2;12;14;13m [38;2;58;59;58m:[38;2;13;13;13m [38;2;13;13;13m [38;2;13;13;13m [0m
[38;2;13;13;13m [38;2;13;13;13m [38;2;13;13;13m [38;2;56;56;55m:[38;2;14;14;14m [38;2;34;37;36m.[38;2;189;192;189m#[38;2;159;161;155m*[38;2;102;104;96m=[38;2;104;105;98m=[38;2;95;96;89m-[38;2;101;102;95m=[38;2;104;105;98m=[38;2;95;96;89m-[38;2;98;99;92m-[38;2;105;106;99m=[38;2;115;116;109m=[38;2;192;193;188m#[38;2;241;243;240m@[38;2;36;38;38m.[38;2;20;21;19m.[38;2;74;75;73m-[38;2;13;13;13m [38;2;13;13;13m [38;2;13;13;13m [0m
[38;2;13;13;13m [38;2;13;13;13m [38;2;13;13;13m [38;2;73;73;71m-[38;2;17;17;15m.[38;2;38;40;38m.[38;2;193;196;191m#[38;2;164;165;159m*[38;2;95;96;89m-[38;2;99;100;93m=[38;2;98;99;92m-[38;2;92;93;86m-[38;2;91;93;85m-[38;2;93;92;86m-[38;2;95;94;87m-[38;2;104;104;97m=[38;2;112;113;106m=[38;2;190;191;187m#[38;2;240;242;241m@[38;2;35;37;37m.[38;2;30;31;30m.[38;2;94;94;92m-[38;2;13;13;13m [38;2;13;13;13m [38;2;13;13;13m [0m
[38;2;13;13;13m [38;2;13;13;13m [38;2;13;13;13m [38;2;76;77;74m-[38;2;18;18;17m.[38;2;36;38;38m.[38;2;191;194;188m#[38;2;163;164;158m*[38;2;95;96;89m-[38;2;94;95;88m-[38;2;92;93;86m-[38;2;91;92;85m-[38;2;92;91;84m-[38;2;93;93;87m-[38;2;96;97;90m-[38;2;101;101;94m=[38;2;111;113;105m=[38;2;192;193;187m#[38;2;239;240;238m%[38;2;35;36;35m.[38;2;29;32;30m.[38;2;94;96;92m-[38;2;13;13;13m [38;2;13;13;13m [38;2;13;13;13m [0m
[38;2;13;13;13m [38;2;13;13;13m [38;2;13;13;13m [38;2;80;80;80m-[38;2;18;18;18m.[38;2;37;39;39m.[38;2;183;186;179m#[38;2;161;162;157m*[38;2;93;94;89m-[38;2;121;122;117m=[38;2;76;77;72m-[38;2;123;124;119m=[38;2;93;94;89m-[38;2;98;99;94m-[38;2;87;88;83m-[38;2;131;132;127m+[38;2;103;104;99m=[38;2;188;189;184m#[38;2;230;231;226m%[38;2;34;34;33m.[38;2;29;30;29m.[38;2;87;88;85m-[38;2;13;13;13m [38;2;13;13;13m [38;2;13;13;13m [0m
[38;2;13;13;13m [38;2;13;13;13m [38;2;13;13;13m [38;2;82;82;80m-[38;2;19;19;18m.[38;2;38;38;38m.[38;2;169;170;164m*[38;2;151;152;147m+[38;2;112;113;108m=[38;2;246;246;244m@[38;2;67;67;64m:[38;2;214;214;212m%[38;2;146;146;143m+[38;2;92;93;88m-[38;2;114;114;110m=[38;2;242;242;240m@[38;2;93;94;88m-[38;2;185;186;179m#[38;2;225;226;221m%[38;2;34;34;32m.[38;2;28;30;31m.[38;2;85;87;84m-[38;2;13;13;13m [38;2;13;13;13m [38;2;13;13;13m [0m
[38;2;13;13;13m [38;2;13;13;13m [38;2;13;13;13m [38;2;85;86;83m-[38;2;19;19;17m.[38;2;39;39;38m.[38;2;176;177;172m*[38;2;153;154;148m+[38;2;114;114;111m=[38;2;246;246;245m@[38;2;76;77;72m-[38;2;156;157;153m*[38;2;202;202;200m#[38;2;83;84;79m-[38;2;167;168;164m*[38;2;184;184;182m*[38;2;97;98;93m-[38;2;181;182;176m*[38;2;224;224;219m%[38;2;35;35;32m.[38;2;29;29;29m.[38;2;83;84;81m-[38;2;13;13;13m [38;2;13;13;13m [38;2;13;13;13m [0m
[38;2;13;13;13m [38;2;13;13;13m [38;2;13;13;13m [38;2;88;88;86m-[38;2;19;19;18m.[38;2;40;42;41m.[38;2;192;195;190m#[38;2;154;155;149m+[38;2;111;111;109m=[38;2;246;246;245m@[38;2;81;83;76m-[38;2;102;102;99m=[38;2;249;249;247m@[38;2;78;78;76m-[38;2;224;224;222m%[38;2;132;133;130m+[38;2;109;110;105m=[38;2;180;181;173m*[38;2;207;208;202m#[38;2;31;32;31m.[38;2;28;28;29m.[38;2;81;82;79m-[38;2;13;13;13m [38;2;13;13;13m [38;2;13;13;13m [0m
[38;2;13;13;13m [38;2;13;13;13m [38;2;13;13;13m [38;2;88;88;88m-[38;2;19;20;19m.[38;2;42;44;44m:[38;2;201;204;197m#[38;2;162;163;157m*[38;2;115;116;113m=[38;2;246;246;245m@[38;2;86;87;81m-[38;2;88;88;85m-[38;2;221;221;219m%[38;2;154;154;153m+[38;2;242;242;240m@[38;2;89;90;85m-[38;2;116;117;110m=[38;2;180;181;174m*[38;2;209;210;204m#[38;2;32;32;32m.[38;2;28;28;27m.[38;2;79;79;77m-[38;2;13;13;13m [38;2;13;13;13m [38;2;13;13;13m [0m
[38;2;13;13;13m [38;2;13;13;13m [38;2;13;13;13m [38;2;92;92;90m-[38;2;20;20;19m.[38;2;42;44;44m:[38;2;204;208;200m#[38;2;162;163;157m*[38;2;119;119;115m=[38;2;246;246;245m@[38;2;88;89;84m-[38;2;101;102;96m=[38;2;162;162;159m*[38;2;248;248;247m@[38;2;189;189;187m#[38;2;90;91;86m-[38;2;113;114;107m=[38;2;177;178;171m*[38;2;204;205;197m#[38;2;33;33;33m.[38;2;27;26;28m.[38;2;77;77;75m-[38;2;13;13;13m [38;2;13;13;13m [38;2;13;13;13m [0m
[38;2;13;13;13m [38;2;13;13;13m [38;2;13;13;13m [38;2;93;93;90m-[38;2;20;20;18m.[38;2;44;44;45m:[38;2;205;206;199m#[38;2;162;163;157m*[38;2;119;120;115m=[38;2;234;235;232m%[38;2;93;94;89m-[38;2;112;113;107m=[38;2;113;113;109m=[38;2;242;242;241m@[38;2;126;126;124m=[38;2;91;92;88m-[38;2;105;106;99m=[38;2;168;170;162m*[38;2;196;197;188m#[38;2;31;31;30m.[38;2;27;27;26m.[38;2;76;76;74m-[38;2;13;13;13m [38;2;13;13;13m [38;2;13;13;13m [0m
[38;2;13;13;13m [38;2;13;13;13m [38;2;13;13;13m [38;2;91;94;91m-[38;2;19;21;20m.[38;2;44;44;45m:[38;2;208;209;203m#[38;2;169;170;162m*[38;2;106;107;100m=[38;2;90;91;86m-[38;2;104;105;100m=[38;2;119;120;114m=[38;2;102;103;98m=[38;2;79;80;77m-[38;2;82;83;78m-[38;2;90;91;85m-[38;2;97;98;93m-[38;2;165;166;159m*[38;2;195;197;188m#[38;2;31;31;30m.[38;2;27;26;27m.[38;2;74;74;72m-[38;2;13;13;13m [38;2;13;13;13m [38;2;13;13;13m [0m
[38;2;13;13;13m [38;2;13;13;13m [38;2;13;13;13m [38;2;93;93;91m-[38;2;21;21;19m.[38;2;18;18;17m.[38;2;151;152;147m+[38;2;169;171;164m*[38;2;124;124;119m=[38;2;120;121;115m=[38;2;115;116;109m=[38;2;116;117;110m=[38;2;112;113;107m=[38;2;101;102;96m=[38;2;94;95;88m-[38;2;91;92;86m-[38;2;97;98;93m-[38;2;160;160;154m*[38;2;141;142;137m+[38;2;16;16;15m.[38;2;25;25;24m.[38;2;69;70;67m:[38;2;13;13;13m [38;2;13;13;13m [38;2;13;13;13m [0m
[38;2;13;13;13m [38;2;13;13;13m [38;2;13;13;13m [38;2;72;72;72m-[38;2;63;63;63m:[38;2;13;13;12m [38;2;20;22;19m.[38;2;119;121;117m=[38;2;121;123;116m=[38;2;119;121;113m=[38;2;117;118;112m=[38;2;114;115;109m=[38;2;110;111;104m=[38;2;95;96;90m-[38;2;91;92;87m-[38;2;93;94;89m-[38;2;103;104;98m=[38;2;109;110;105m=[38;2;20;20;18m.[38;2;13;13;12m [38;2;58;58;56m:[38;2;52;53;51m:[38;2;13;13;13m [38;2;13;13;13m [38;2;13;13;13m [0m
[38;2;13;13;13m [38;2;13;13;13m [38;2;13;13;13m [38;2;13;13;13m [38;2;91;91;89m-[38;2;66;67;64m:[38;2;13;14;14m [38;2;20;20;19m.[38;2;96;96;92m-[38;2;117;118;112m=[38;2;115;117;110m=[38;2;113;114;107m=[38;2;107;108;101m=[38;2;99;100;95m=[38;2;95;96;91m-[38;2;101;102;96m=[38;2;85;85;80m-[38;2;17;17;16m.[38;2;14;14;14m [38;2;59;60;56m:[38;2;67;68;63m:[38;2;13;13;13m [38;2;13;13;13m [38;2;13;13;13m [38;2;13;13;13m [0m
[38;2;13;13;13m [38;2;13;13;13m [38;2;13;13;13m [38;2;13;13;13m [38;2;13;13;13m [38;2;90;93;90m-[38;2;68;70;68m:[38;2;13;13;11m [38;2;19;20;17m.[38;2;95;95;90m-[38;2;113;114;108m=[38;2;98;99;94m-[38;2;32;33;28m.[38;2;90;91;86m-[38;2;98;99;94m-[38;2;79;80;76m-[38;2;18;18;16m.[38;2;13;13;13m [38;2;61;62;58m:[38;2;67;67;62m:[38;2;13;13;13m [38;2;13;13;13m [38;2;13;13;13m [38;2;13;13;13m [38;2;13;13;13m [0m
[38;2;6;6;6m [38;2;13;13;13m [38;2;13;13;13m [38;2;13;13;13m [38;2;13;13;13m [38;2;13;13;13m [38;2;89;90;87m-[38;2;71;72;69m-[38;2;13;13;13m [38;2;22;22;21m.[38;2;80;81;78m-[38;2;24;24;22m.[38;2;41;42;39m.[38;2;23;24;22m.[38;2;67;67;65m:[38;2;19;19;17m.[38;2;13;13;13m [38;2;63;63;61m:[38;2;65;65;63m:[38;2;13;13;12m [38;2;13;13;13m [38;2;13;13;13m [38;2;13;13;13m [38;2;13;13;13m [38;2;6;6;6m [0m
[38;2;0;0;0m [38;2;6;6;6m [38;2;13;13;13m [38;2;13;13;13m [38;2;13;13;13m [38;2;13;13;13m [38;2;13;13;13m [38;2;83;86;83m-[38;2;71;73;70m-[38;2;13;13;12m [38;2;13;13;13m [38;2;34;34;34m.[38;2;95;97;96m-[38;2;31;34;32m.[38;2;12;12;12m [38;2;13;13;13m [38;2;67;67;65m:[38;2;64;64;62m:[38;2;12;12;12m [38;2;13;13;13m [38;2;13;13;13m [38;2;13;13;13m [38;2;13;13;13m [38;2;6;6;6m [38;2;0;0;0m [0m
[38;2;0;0;0m [38;2;1;1;1m [38;2;6;6;6m [38;2;13;13;13m [38;2;13;13;13m [38;2;13;13;13m [38;2;13;13;13m [38;2;13;13;13m [38;2;78;79;76m-[38;2;71;71;69m-[38;2;13;13;13m [38;2;13;13;14m [38;2;13;13;13m [38;2;13;13;13m [38;2;13;13;13m [38;2;67;67;65m:[38;2;63;64;62m:[38;2;13;13;11m [38;2;13;13;12m [38;2;13;13;13m [38;2;13;13;13m [38;2;13;13;13m [38;2;6;6;6m [38;2;1;1;1m [38;2;0;0;0m [0m
[38;2;0;0;0m [38;2;0;0;0m [38;2;1;1;1m [38;2;6;6;6m [38;2;13;13;13m [38;2;13;13;13m [38;2;13;13;13m [38;2;13;13;13m [38;2;13;13;12m [38;2;72;72;70m-[38;2;69;69;68m:[38;2;20;20;18m.[38;2;19;19;17m.[38;2;19;19;17m.[38;2;67;68;64m:[38;2;60;61;58m:[38;2;13;13;13m [38;2;13;13;13m [38;2;13;13;13m [38;2;13;13;13m [38;2;13;13;13m [38;2;6;6;6m [38;2;1;1;1m [38;2;0;0;0m [38;2;0;0;0m [0m
[38;2;0;0;0m [38;2;0;0;0m [38;2;0;0;0m [38;2;1;1;1m [38;2;6;6;6m [38;2;13;13;13m [38;2;13;13;13m [38;2;13;13;13m [38;2;13;13;13m [38;2;13;13;13m [38;2;62;62;59m:[38;2;79;80;74m-[38;2;75;76;71m-[38;2;74;75;70m-[38;2;53;53;50m:[38;2;13;13;13m [38;2;13;13;13m [38;2;13;13;13m [38;2;13;13;13m [38;2;13;13;13m [38;2;6;6;6m [38;2;1;1;1m [38;2;0;0;0m [38;2;0;0;0m [38;2;0;0;0m [0m
[38;2;0;0;0m [38;2;0;0;0m [38;2;0;0;0m [38;2;0;0;0m [38;2;1;1;1m [38;2;6;6;6m [38;2;13;13;13m [38;2;13;13;13m [38;2;13;13;13m [38;2;13;13;13m [38;2;13;13;13m [38;2;13;13;13m [38;2;13;13;13m [38;2;13;13;13m [38;2;13;13;13m [38;2;13;13;13m [38;2;13;13;13m [38;2;13;13;13m [38;2;13;13;13m [38;2;6;6;6m [38;2;1;1;1m [38;2;0;0;0m [38;2;0;0;0m [38;2;0;0;0m [38;2;0;0;0m [0m
[38;2;0;0;0m [38;2;0;0;0m [38;2;0;0;0m [38;2;0;0;0m [38;2;0;0;0m [38;2;1;1;1m [38;2;7;7;7m [38;2;13;13;13m [38;2;13;13;13m [38;2;13;13;13m [38;2;13;13;13m [38;2;13;13;13m [38;2;13;13;13m [38;2;13;13;13m [38;2;13;13;13m [38;2;13;13;13m [38;2;13;13;13m [38;2;13;13;13m [38;2;7;7;7m [38;2;1;1;1m [38;2;0;0;0m [38;2;0;0;0m [38;2;0;0;0m [38;2;0;0;0m [38;2;0;0;0m [0m
[38;2;0;0;0m [38;2;0;0;0m [38;2;0;0;0m [38;2;0;0;0m [38;2;0;0;0m [38;2;0;0;0m [38;2;1;1;1m [38;2;7;7;7m [38;2;13;13;13m [38;2;13;13;13m [38;2;13;13;13m [38;2;13;13;13m [38;2;13;13;13m [38;2;13;13;13m [38;2;13;13;13m [38;2;13;13;13m [38;2;13;13;13m [38;2;7;7;7m [38;2;1;1;1m [38;2;0;0;0m [38;2;0;0;0m [38;2;0;0;0m [38;2;0;0;0m [38;2;0;0;0m [38;2;0;0;0m [0m
