[38;2;5;5;5m [38;2;13;13;13m [38;2;13;13;13m [38;2;13;13;13m [38;2;13;13;13m [38;2;13;13;13m [38;2;13;13;13m [38;2;13;13;13m [38;2;13;13;13m [38;2;13;13;13m [38;2;13;13;13m [38;2;13;13;13m [38;2;13;13;13m [38;2;13;13;13m [38;2;13;13;13m [38;2;13;13;13m [38;2;13;13;13m [38;2;13;13;13m [38;2;13;13;13m [38;2;13;13;13m [38;2;13;13;13m [38;2;13;13;13m [38;2;13;13;13m [38;2;13;13;13m [38;2;5;5;5m [0m
[38;2;13;13;13m [38;2;13;13;13m [38;2;13;13;13m [38;2;13;13;13m [38;2;13;13;13m [38;2;13;13;13m [38;2;13;13;13m [38;2;13;13;13m [38;2;13;13;13m [38;2;13;13;13m [38;2;13;13;13m [38;2;13;13;13m [38;2;13;13;13m [38;2;13;13;13m [38;2;13;13;13m [38;2;13;13;13m [38;2;13;13;13m [38;2;13;13;13m [38;2;13;13;13m [38;2;13;13;13m [38;2;13;13;13m [38;2;13;13;13m [38;2;13;13;13m [38;2;13;13;13m [38;2;13;13;13m [0m
[38;2;13;13;13m [38;2;13;13;13m [38;2;13;13;13m [38;2;14;14;13m [38;2;19;19;19m.[38;2;18;19;16m.[38;2;18;19;17m.[38;2;18;18;18m.[38;2;19;19;17m.[38;2;20;19;17m.[38;2;20;20;20m.[38;2;21;21;21m.[38;2;21;22;20m.[38;2;21;22;19m.[38;2;22;22;20m.[38;2;22;23;21m.[38;2;23;23;21m.[38;2;23;23;22m.[38;2;23;23;23m.[38;2;23;23;23m.[38;2;24;24;24m.[38;2;14;14;13m [38;2;13;13;13m [38;2;13;13;13m [38;2;13;13;13m [0m
[38;2;13;13;13m [38;2;13;13;13m [38;2;13;13;13m [38;2;56;57;54m:[38;2;58;59;55m:[38;2;53;54;49m:[38;2;55;55;51m:[38;2;57;58;53m:[38;2;63;62;58m:[38;2;67;67;63m:[38;2;74;75;70m-[38;2;80;80;76m-[38;2;83;84;80m-[38;2;85;86;83m-[38;2;87;87;85m-[38;2;89;90;87m-[38;2;91;92;89m-[38;2;94;95;91m-[38;2;96;97;93m-[38;2;97;97;93m-[38;2;108;109;106m=[38;2;76;77;75m-[38;2;14;14;14m [38;2;13;13;13m [38;2;13;13;13m [0m
[38;2;13;13;13m [38;2;13;13;13m [38;2;13;12;14m [38;2;64;64;62m:[38;2;15;16;14m.[38;2;13;13;13m [38;2;13;13;13m [38;2;15;14;14m.[38;2;15;14;14m.[38;2;13;13;13m [38;2;13;13;13m [38;2;12;12;12m [38;2;13;13;13m [38;2;13;13;13m [38;2;13;13;13m [38;2;13;13;13m [38;2;13;13;13m [38;2;13;13;13m [38;2;13;13;13m [38;2;13;13;13m [38;2;24;26;25m.[38;2;87;88;87m-[38;2;13;13;13m [38;2;13;13;13m [38;2;13;13;13m [0m
[38;2;13;13;13m [38;2;13;13;13m [38;2;13;13;13m [38;2;45;45;44m:[38;2;12;12;12m [38;2;19;19;17m.[38;2;95;96;92m-[38;2;87;86;82m-[38;2;61;60;56m:[38;2;64;65;60m:[38;2;36;37;33m.[38;2;36;36;32m.[38;2;37;37;35m.[38;2;38;38;36m.[38;2;44;44;40m:[38;2;78;79;74m-[38;2;78;78;74m-[38;2;117;118;114m=[38;2;135;135;132m+[38;2;21;21;20m.[38;2;13;13;13m [38;2;58;58;58m:[38;2;13;13;13m [38;2;13;13;13m [38;2;13;13;13m [0m
[38;2;13;13;13m [38;2;13;13;13m [38;2;13;13;14m [38;2;45;45;43m:[38;2;13;13;11m [38;2;33;33;31m.[38;2;162;162;160m*[38;2;135;136;131m+[38;2;84;85;78m-[38;2;86;86;79m-[38;2;89;89;82m-[38;2;100;101;94m=[38;2;107;108;101m=[38;2;108;109;102m=[38;2;106;108;100m=[38;2;107;106;100m=[38;2;110;110;104m=[38;2;188;189;184m#[38;2;237;238;234m%[38;2;35;36;35m.[38;2;13;13;13m [38;2;55;57;56m:[38;2;11;14;13m [38;2;13;13;13m [38;2;13;13;13m [0m
[38;2;13;13;13m [38;2;13;13;13m [38;2;13;13;12m [38;2;57;58;53m:[38;2;15;14;15m.[38;2;35;35;35m.[38;2;166;166;162m*[38;2;142;143;137m+[38;2;87;89;81m-[38;2;85;86;78m-[38;2;85;86;79m-[38;2;93;95;87m-[38;2;95;96;89m-[38;2;95;95;88m-[38;2;99;98;92m-[38;2;99;99;93m-[38;2;107;108;101m=[38;2;184;185;179m#[38;2;237;239;237m%[38;2;35;37;36m.[38;2;19;21;20m.[38;2;72;74;73m-[38;2;13;13;13m [38;2;13;13;13m [38;2;13;13;13m [0m
[38;2;13;13;13m [38;2;13;13;13m [38;2;13;13;13m [38;2;74;74;70m-[38;2;17;17;17m.[38;2;36;36;34m.[38;2;168;169;164m*[38;2;142;143;137m+[38;2;89;90;83m-[38;2;85;86;79m-[38;2;85;86;80m-[38;2;89;90;83m-[38;2;87;89;81m-[38;2;94;94;87m-[38;2;97;95;89m-[38;2;101;100;94m=[38;2;108;107;101m=[38;2;186;186;181m#[38;2;230;231;229m%[38;2;34;36;35m.[38;2;28;31;28m.[38;2;90;91;90m-[38;2;13;13;13m [38;2;13;13;13m [38;2;13;13;13m [0m
[38;2;13;13;13m [38;2;13;13;13m [38;2;13;13;13m [38;2;76;77;71m-[38;2;18;18;17m.[38;2;38;39;36m.[38;2;179;181;178m*[38;2;143;146;140m+[38;2;87;88;81m-[38;2;85;86;79m-[38;2;85;86;79m-[38;2;85;87;80m-[38;2;86;88;80m-[38;2;91;92;85m-[38;2;94;94;87m-[38;2;103;102;95m=[38;2;111;111;104m=[38;2;189;190;184m#[38;2;230;232;227m%[38;2;34;35;33m.[38;2;29;30;29m.[38;2;87;88;87m-[38;2;13;13;13m [38;2;13;13;13m [38;2;13;13;13m [0m
[38;2;13;13;13m [38;2;13;13;13m [38;2;13;13;13m [38;2;79;80;76m-[38;2;18;19;18m.[38;2;39;39;38m.[38;2;183;184;181m*[38;2;147;148;142m+[38;2;91;92;85m-[38;2;87;88;81m-[38;2;85;86;81m-[38;2;118;118;114m=[38;2;72;72;67m-[38;2;113;113;109m=[38;2;100;101;96m=[38;2;105;104;99m=[38;2;114;114;107m=[38;2;188;189;183m#[38;2;226;227;223m%[38;2;33;34;33m.[38;2;29;29;30m.[38;2;85;85;83m-[38;2;13;13;13m [38;2;13;13;13m [38;2;13;13;13m [0m
[38;2;13;13;13m [38;2;13;13;13m [38;2;13;13;13m [38;2;81;81;77m-[38;2;18;18;17m.[38;2;39;39;39m.[38;2;188;189;183m#[38;2;149;150;144m+[38;2;93;94;87m-[38;2;88;90;82m-[38;2;111;112;107m=[38;2;250;250;249m@[38;2;61;61;58m:[38;2;220;220;218m%[38;2;146;146;143m+[38;2;105;106;100m=[38;2;115;116;109m=[38;2;183;184;178m*[38;2;221;222;217m%[38;2;33;34;31m.[38;2;27;29;27m.[38;2;80;82;80m-[38;2;13;13;13m [38;2;13;13;13m [38;2;13;13;13m [0m
[38;2;13;13;13m [38;2;13;13;13m [38;2;13;12;14m [38;2;82;83;79m-[38;2;19;19;18m.[38;2;40;42;40m.[38;2;184;187;181m#[38;2;148;149;142m+[38;2;95;96;89m-[38;2;89;89;83m-[38;2;111;111;109m=[38;2;250;250;249m@[38;2;61;62;56m:[38;2;220;220;218m%[38;2;146;146;144m+[38;2;106;107;101m=[38;2;110;111;104m=[38;2;179;180;174m*[38;2;221;221;216m%[38;2;32;33;31m.[38;2;27;28;28m.[38;2;80;80;78m-[38;2;13;13;13m [38;2;13;13;13m [38;2;13;13;13m [0m
[38;2;13;13;13m [38;2;13;13;13m [38;2;13;13;13m [38;2;84;85;82m-[38;2;19;19;19m.[38;2;41;42;40m.[38;2;194;195;192m#[38;2;153;154;148m+[38;2;96;97;90m-[38;2;89;90;84m-[38;2;112;112;110m=[38;2;250;250;249m@[38;2;62;63;59m:[38;2;220;220;219m%[38;2;145;146;143m+[38;2;102;103;97m=[38;2;105;106;99m=[38;2;173;175;167m*[38;2;212;213;205m#[38;2;32;33;31m.[38;2;26;28;27m.[38;2;77;79;76m-[38;2;13;13;13m [38;2;13;13;13m [38;2;13;13;13m [0m
[38;2;13;13;13m [38;2;13;13;13m [38;2;13;13;13m [38;2;86;86;84m-[38;2;19;19;19m.[38;2;41;41;40m.[38;2;194;195;190m#[38;2;160;161;155m*[38;2;99;101;93m=[38;2;94;95;89m-[38;2;114;115;112m=[38;2;250;250;249m@[38;2;62;62;59m:[38;2;220;220;220m%[38;2;142;143;140m+[38;2;96;97;91m-[38;2;102;103;96m=[38;2;174;175;167m*[38;2;211;213;204m#[38;2;32;32;32m.[38;2;26;27;28m.[38;2;75;75;74m-[38;2;13;13;13m [38;2;13;13;13m [38;2;13;13;13m [0m
[38;2;13;13;13m [38;2;13;13;13m [38;2;13;13;13m [38;2;87;87;85m-[38;2;20;20;19m.[38;2;40;42;40m.[38;2;196;199;192m#[38;2;154;155;148m+[38;2;103;104;97m=[38;2;99;100;94m=[38;2;116;116;114m=[38;2;250;250;249m@[38;2;63;63;58m:[38;2;219;219;218m%[38;2;139;139;137m+[38;2;90;91;85m-[38;2;100;101;94m=[38;2;171;172;164m*[38;2;203;205;195m#[38;2;31;31;31m.[38;2;26;26;26m.[38;2;73;73;70m-[38;2;13;13;13m [38;2;13;13;13m [38;2;13;13;13m [0m
[38;2;13;13;13m [38;2;13;13;13m [38;2;13;13;13m [38;2;89;90;87m-[38;2;20;20;19m.[38;2;41;41;41m.[38;2;192;193;187m#[38;2;159;161;153m*[38;2;107;108;101m=[38;2;99;100;94m=[38;2;118;119;114m=[38;2;238;238;236m%[38;2;63;64;60m:[38;2;209;210;207m#[38;2;135;135;133m+[38;2;86;87;82m-[38;2;95;96;89m-[38;2;162;164;155m*[38;2;198;200;191m#[38;2;30;30;30m.[38;2;26;26;25m.[38;2;72;73;70m-[38;2;13;13;13m [38;2;13;13;13m [38;2;13;13;13m [0m
[38;2;13;13;13m [38;2;13;13;13m [38;2;13;13;13m [38;2;89;89;87m-[38;2;20;20;20m.[38;2;42;42;42m.[38;2;199;200;194m#[38;2;158;159;152m*[38;2;110;111;104m=[38;2;106;108;100m=[38;2;91;93;86m-[38;2;79;80;75m-[38;2;84;85;80m-[38;2;77;77;73m-[38;2;77;77;73m-[38;2;87;89;82m-[38;2;92;93;86m-[38;2;157;158;150m*[38;2;189;191;182m#[38;2;29;29;29m.[38;2;25;25;24m.[38;2;71;72;69m-[38;2;13;13;13m [38;2;13;13;13m [38;2;13;13;13m [0m
[38;2;13;13;13m [38;2;13;13;13m [38;2;13;13;13m [38;2;88;88;86m-[38;2;21;21;19m.[38;2;16;18;17m.[38;2;140;143;139m+[38;2;162;163;157m*[38;2;117;118;111m=[38;2;110;111;104m=[38;2;107;109;101m=[38;2;102;103;96m=[38;2;103;104;97m=[38;2;96;97;90m-[38;2;97;98;91m-[38;2;93;94;87m-[38;2;95;97;89m-[38;2;151;152;145m+[38;2;131;132;126m+[38;2;16;16;15m.[38;2;24;25;24m.[38;2;69;70;66m:[38;2;13;13;13m [38;2;13;13;13m [38;2;13;13;13m [0m
[38;2;13;13;13m [38;2;13;13;13m [38;2;13;13;13m [38;2;66;68;66m:[38;2;57;59;57m:[38;2;13;13;13m [38;2;20;21;20m.[38;2;116;116;112m=[38;2;121;122;115m=[38;2;114;115;108m=[38;2;110;111;104m=[38;2;105;106;99m=[38;2;102;103;96m=[38;2;99;100;93m=[38;2;98;99;92m-[38;2;97;98;91m-[38;2;98;99;92m-[38;2;98;99;95m-[38;2;18;19;16m.[38;2;13;13;12m [38;2;60;60;58m:[38;2;51;51;49m:[38;2;13;13;13m [38;2;13;13;13m [38;2;13;13;13m [0m
[38;2;13;13;13m [38;2;13;13;13m [38;2;13;13;13m [38;2;13;13;13m [38;2;85;85;84m-[38;2;62;62;62m:[38;2;13;13;13m [38;2;20;20;19m.[38;2;98;99;94m-[38;2;119;120;114m=[38;2;114;115;108m=[38;2;110;111;104m=[38;2;109;110;104m=[38;2;100;101;95m=[38;2;96;97;90m-[38;2;98;99;92m-[38;2;77;78;74m-[38;2;16;17;15m.[38;2;13;13;13m [38;2;59;59;56m:[38;2;68;69;65m:[38;2;13;13;12m [38;2;13;13;13m [38;2;13;13;13m [38;2;13;13;13m [0m
[38;2;13;13;13m [38;2;13;13;13m [38;2;13;13;13m [38;2;13;13;13m [38;2;13;13;13m [38;2;84;87;84m-[38;2;64;66;64m:[38;2;13;13;12m [38;2;21;21;19m.[38;2;95;96;91m-[38;2;113;114;108m=[38;2;92;93;88m-[38;2;33;33;30m.[38;2;92;93;88m-[38;2;98;99;93m-[38;2;79;80;75m-[38;2;17;18;16m.[38;2;13;12;13m [38;2;61;61;59m:[38;2;64;64;61m:[38;2;13;13;12m [38;2;13;13;13m [38;2;13;13;13m [38;2;13;13;13m [38;2;13;13;13m [0m
[38;2;6;6;6m [38;2;13;13;13m [38;2;13;13;13m [38;2;13;13;13m [38;2;13;13;13m [38;2;13;13;13m [38;2;85;86;85m-[38;2;71;71;71m-[38;2;13;13;13m [38;2;21;21;19m.[38;2;78;79;75m-[38;2;23;23;22m.[38;2;43;43;43m:[38;2;23;24;22m.[38;2;68;69;65m:[38;2;18;18;17m.[38;2;13;13;13m [38;2;63;64;60m:[38;2;65;65;61m:[38;2;13;13;12m [38;2;13;13;13m [38;2;13;13;13m [38;2;13;13;13m [38;2;13;13;13m [38;2;6;6;6m [0m
[38;2;0;0;0m [38;2;6;6;6m [38;2;13;13;13m [38;2;13;13;13m [38;2;13;13;13m [38;2;13;13;13m [38;2;13;13;13m [38;2;82;83;81m-[38;2;70;70;68m:[38;2;13;13;12m [38;2;14;14;14m [38;2;35;37;37m.[38;2;94;97;96m-[38;2;35;35;34m.[38;2;13;13;11m [38;2;13;13;14m [38;2;66;67;64m:[38;2;64;64;60m:[38;2;13;13;13m [38;2;13;13;13m [38;2;13;13;13m [38;2;13;13;13m [38;2;13;13;13m [38;2;6;6;6m [38;2;0;0;0m [0m
[38;2;0;0;0m [38;2;1;1;1m [38;2;6;6;6m [38;2;13;13;13m [38;2;13;13;13m [38;2;13;13;13m [38;2;13;13;13m [38;2;13;13;12m [38;2;75;77;74m-[38;2;69;70;68m:[38;2;13;13;13m [38;2;13;13;13m [38;2;13;13;13m [38;2;13;13;13m [38;2;13;13;13m [38;2;66;66;64m:[38;2;61;62;59m:[38;2;13;13;13m [38;2;13;13;13m [38;2;13;13;13m [38;2;13;13;13m [38;2;13;13;13m [38;2;6;6;6m [38;2;1;1;1m [38;2;0;0;0m [0m
[38;2;0;0;0m [38;2;0;0;0m [38;2;1;1;1m [38;2;6;6;6m [38;2;13;13;13m [38;2;13;13;13m [38;2;13;13;13m [38;2;13;13;13m [38;2;12;13;12m [38;2;69;70;67m:[38;2;71;71;69m-[38;2;21;21;19m.[38;2;20;20;19m.[38;2;20;20;19m.[38;2;67;67;64m:[38;2;59;59;57m:[38;2;13;13;13m [38;2;13;13;13m [38;2;13;13;13m [38;2;13;13;13m [38;2;13;13;13m [38;2;6;6;6m [38;2;1;1;1m [38;2;0;0;0m [38;2;0;0;0m [0m
[38;2;0;0;0m [38;2;0;0;0m [38;2;0;0;0m [38;2;1;1;1m [38;2;6;6;6m [38;2;13;13;13m [38;2;13;13;13m [38;2;13;13;13m [38;2;13;13;13m [38;2;13;13;13m [38;2;63;64;61m:[38;2;83;84;79m-[38;2;78;79;74m-[38;2;73;74;69m-[38;2;53;54;51m:[38;2;13;13;13m [38;2;13;13;13m [38;2;13;13;13m [38;2;13;13;13m [38;2;13;13;13m [38;2;6;6;6m [38;2;1;1;1m [38;2;0;0;0m [38;2;0;0;0m [38;2;0;0;0m [0m
[38;2;0;0;0m [38;2;0;0;0m [38;2;0;0;0m [38;2;0;0;0m [38;2;1;1;1m [38;2;6;6;6m [38;2;13;13;13m [38;2;13;13;13m [38;2;13;13;13m [38;2;13;13;13m [38;2;13;13;13m [38;2;13;13;13m [38;2;13;13;13m [38;2;13;13;13m [38;2;13;13;13m [38;2;13;13;13m [38;2;13;13;13m [38;2;13;13;13m [38;2;13;13;13m [38;2;6;6;6m [38;2;1;1;1m [38;2;0;0;0m [38;2;0;0;0m [38;2;0;0;0m [38;2;0;0;0m [0m
[38;2;0;0;0m [38;2;0;0;0m [38;2;0;0;0m [38;2;0;0;0m [38;2;0;0;0m [38;2;1;1;1m [38;2;7;7;7m [38;2;13;13;13m [38;2;13;13;13m [38;2;13;13;13m [38;2;13;13;13m [38;2;13;13;13m [38;2;13;13;13m [38;2;13;13;13m [38;2;13;13;13m [38;2;13;13;13m [38;2;13;13;13m [38;2;13;13;13m [38;2;7;7;7m [38;2;1;1;1m [38;2;0;0;0m [38;2;0;0;0m [38;2;0;0;0m [38;2;0;0;0m [38;2;0;0;0m [0m
[38;2;0;0;0m [38;2;0;0;0m [38;2;0;0;0m [38;2;0;0;0m [38;2;0;0;0m [38;2;0;0;0m [38;2;1;1;1m [38;2;7;7;7m [38;2;13;13;13m [38;2;13;13;13m [38;2;13;13;13m [38;2;13;13;13m [38;2;13;13;13m [38;2;13;13;13m [38;2;13;13;13m [38;2;13;13;13m [38;2;13;13;13m [38;2;7;7;7m [38;2;1;1;1m [38;2;0;0;0m [38;2;0;0;0m [38;2;0;0;0m [38;2;0;0;0m [38;2;0;0;0m [38;2;0;0;0m [0m
