[38;2;135;153;164m+[38;2;125;140;150m+[38;2;9;27;30m.[38;2;36;37;38m.[38;2;114;12;1m.[38;2;123;13;1m.[38;2;131;15;1m.[38;2;140;17;1m.[38;2;149;19;1m:[38;2;156;22;1m:[38;2;162;24;1m:[38;2;167;25;1m:[38;2;170;26;1m:[38;2;171;27;1m:[38;2;171;28;1m:[38;2;170;28;1m:[38;2;169;28;1m:[38;2;166;27;1m:[38;2;163;27;1m:[38;2;159;26;1m:[38;2;154;25;1m:[38;2;147;24;1m:[38;2;140;23;1m:[38;2;136;22;1m:[38;2;132;22;1m:[38;2;85;17;4m.[38;2;28;16;16m.[38;2;25;40;46m.[38;2;43;53;55m:[38;2;142;153;173m+[0m
[38;2;147;161;172m*[38;2;108;122;131m=[38;2;14;31;34m.[38;2;59;38;36m.[38;2;124;14;1m.[38;2;132;15;1m.[38;2;142;17;1m.[38;2;151;19;1m:[38;2;159;22;1m:[38;2;166;24;1m:[38;2;172;25;1m:[38;2;176;27;1m:[38;2;178;28;1m:[38;2;179;29;1m:[38;2;179;29;1m:[38;2;178;29;1m:[38;2;177;29;1m:[38;2;174;28;1m:[38;2;172;28;1m:[38;2;168;28;1m:[38;2;164;27;1m:[38;2;158;26;1m:[38;2;151;25;1m:[38;2;146;25;1m:[38;2;140;23;1m:[38;2;95;20;6m.[38;2;36;20;19m.[38;2;34;47;54m:[38;2;53;55;54m:[38;2;149;157;177m*[0m
[38;2;157;169;180m*[38;2;89;104;112m=[38;2;17;34;37m.[38;2;83;38;33m:[38;2;133;15;1m.[38;2;143;18;1m:[38;2;153;20;1m:[38;2;161;22;1m:[38;2;168;24;1m:[38;2;175;25;1m:[38;2;179;26;1m:[38;2;181;28;1m:[38;2;183;29;1m:[38;2;185;31;2m:[38;2;184;31;2m:[38;2;183;30;0m:[38;2;182;30;1m:[38;2;180;29;1m:[38;2;178;29;1m:[38;2;175;29;1m:[38;2;171;28;1m:[38;2;167;27;1m:[38;2;161;27;1m:[38;2;156;27;1m:[38;2;149;25;1m:[38;2;104;23;7m.[38;2;43;24;23m.[38;2;41;52;59m:[38;2;61;58;54m:[38;2;152;159;176m*[0m
[38;2;167;177;188m*[38;2;69;85;93m-[38;2;24;41;44m.[38;2;107;36;28m:[38;2;143;18;1m:[38;2;153;19;1m:[38;2;162;22;1m:[38;2;169;24;1m:[38;2;176;25;1m:[38;2;181;26;1m:[38;2;184;27;1m:[38;2;184;30;3m:[38;2;200;57;45m-[38;2;214;76;82m=[38;2;202;56;54m-[38;2;191;51;44m-[38;2;197;54;38m-[38;2;186;31;1m:[38;2;183;30;0m:[38;2;181;29;1m:[38;2;178;29;1m:[38;2;174;28;1m:[38;2;169;28;1m:[38;2;165;28;1m:[38;2;159;27;1m:[38;2;114;25;8m:[38;2;50;28;26m.[38;2;47;58;65m:[38;2;68;60;55m:[38;2;157;161;176m*[0m
[38;2;178;185;195m#[38;2;46;64;70m:[38;2;39;56;59m:[38;2;129;28;15m:[38;2;152;19;1m:[38;2;162;21;1m:[38;2;170;23;1m:[38;2;176;25;1m:[38;2;181;26;1m:[38;2;186;26;1m:[38;2;188;28;0m:[38;2;189;33;8m:[38;2;228;98;119m=[38;2;238;119;146m+[38;2;229;105;125m+[38;2;217;79;92m=[38;2;228;107;131m+[38;2;206;65;56m-[38;2;189;30;1m:[38;2;186;30;0m:[38;2;183;30;1m:[38;2;179;29;1m:[38;2;176;29;1m:[38;2;172;29;1m:[38;2;166;29;1m:[38;2;124;27;8m:[38;2;57;31;28m.[38;2;54;62;72m:[38;2;76;63;57m:[38;2;161;161;174m*[0m
[38;2;180;184;193m*[38;2;33;54;60m:[38;2;57;70;73m:[38;2;146;20;3m:[38;2;161;21;1m:[38;2;168;23;1m:[38;2;176;24;1m:[38;2;181;26;1m:[38;2;186;26;1m:[38;2;189;27;0m:[38;2;191;28;1m:[38;2;189;46;31m-[38;2;232;103;126m+[38;2;240;130;150m+[38;2;234;117;126m+[38;2;231;109;112m+[38;2;232;110;129m+[38;2;224;90;108m=[38;2;194;33;5m:[38;2;191;30;1m:[38;2;188;30;0m:[38;2;185;30;1m:[38;2;181;30;1m:[38;2;179;30;1m:[38;2;172;30;1m:[38;2;132;29;8m:[38;2;65;34;31m.[38;2;58;65;73m:[38;2;81;66;59m:[38;2;162;160;170m*[0m
[38;2;161;166;174m*[38;2;47;66;71m:[38;2;81;72;72m-[38;2;158;20;1m:[38;2;167;22;1m:[38;2;174;24;1m:[38;2;180;25;1m:[38;2;185;26;1m:[38;2;189;27;0m:[38;2;190;28;0m:[38;2;192;29;0m:[38;2;151;41;29m:[38;2;235;120;137m+[38;2;230;122;128m+[38;2;242;173;167m#[38;2;244;184;174m#[38;2;239;149;142m*[38;2;223;83;93m=[38;2;198;37;13m:[38;2;194;31;0m:[38;2;192;31;1m:[38;2;189;31;0m:[38;2;187;31;1m:[38;2;184;31;1m:[38;2;179;30;1m:[38;2;143;30;8m:[38;2;71;36;33m:[38;2;64;69;77m:[38;2;83;67;61m:[38;2;161;157;165m*[0m
[38;2;139;147;154m+[38;2;58;76;81m-[38;2;109;72;67m-[38;2;164;22;1m:[38;2;171;24;1m:[38;2;178;25;1m:[38;2;184;26;1m:[38;2;188;26;0m:[38;2;189;27;0m:[38;2;190;28;0m:[38;2;191;29;1m:[38;2;215;96;84m=[38;2;214;108;111m+[38;2;175;106;100m=[38;2;184;148;145m+[38;2;224;177;171m#[38;2;248;178;166m#[38;2;232;112;125m+[38;2;198;33;4m:[38;2;196;32;1m:[38;2;195;31;1m:[38;2;193;31;1m:[38;2;191;32;1m:[38;2;189;32;1m:[38;2;185;31;1m:[38;2;152;32;8m:[38;2;79;40;37m:[38;2;74;76;85m-[38;2;85;69;63m-[38;2;158;153;161m+[0m
[38;2;118;129;136m=[38;2;64;80;84m-[38;2;133;67;56m-[38;2;170;23;1m:[38;2;176;24;1m:[38;2;182;25;1m:[38;2;187;26;1m:[38;2;189;27;0m:[38;2;190;27;0m:[38;2;192;28;0m:[38;2;174;26;1m:[38;2;196;104;92m=[38;2;184;111;93m=[38;2;215;120;96m+[38;2;199;108;78m=[38;2;233;149;129m*[38;2;204;110;95m+[38;2;200;67;57m-[38;2;199;32;0m:[38;2;199;32;0m:[38;2;197;32;0m:[38;2;196;32;1m:[38;2;194;32;1m:[38;2;193;32;1m:[38;2;188;32;1m:[38;2;160;33;8m:[38;2;86;44;40m:[38;2;82;82;90m-[38;2;87;69;64m-[38;2;154;148;155m+[0m
[38;2;104;117;123m=[38;2;83;96;99m-[38;2;152;58;44m-[38;2;173;24;1m:[38;2;179;25;1m:[38;2;184;25;1m:[38;2;188;26;0m:[38;2;190;27;0m:[38;2;194;28;0m:[38;2;196;29;1m:[38;2;197;30;1m:[38;2;111;45;34m:[38;2;177;108;85m=[38;2;248;172;154m#[38;2;243;149;130m*[38;2;228;126;108m+[38;2;195;104;84m=[38;2;188;36;7m:[38;2;200;32;0m:[38;2;200;32;0m:[38;2;199;32;0m:[38;2;197;32;0m:[38;2;196;33;0m:[38;2;195;33;0m:[38;2;191;32;1m:[38;2;166;34;8m:[38;2;90;46;41m:[38;2;90;88;97m-[38;2;88;71;67m-[38;2;148;143;149m+[0m
[38;2;97;112;118m=[38;2;106;116;119m=[38;2;161;39;19m:[38;2;176;24;1m:[38;2;182;25;0m:[38;2;186;26;1m:[38;2;189;27;0m:[38;2;192;27;0m:[38;2;195;28;1m:[38;2;197;29;0m:[38;2;200;30;0m:[38;2;143;25;4m:[38;2;188;110;82m=[38;2;245;166;144m*[38;2;238;139;116m*[38;2;232;137;117m+[38;2;216;98;71m=[38;2;202;32;0m:[38;2;202;32;0m:[38;2;201;32;0m:[38;2;200;32;1m:[38;2;199;32;1m:[38;2;198;33;1m:[38;2;197;33;0m:[38;2;194;32;1m:[38;2;172;34;7m:[38;2;94;48;43m:[38;2;96;92;101m-[38;2;88;71;69m-[38;2;140;136;140m+[0m
[38;2;99;114;119m=[38;2;117;119;120m=[38;2;168;24;2m:[38;2;178;25;1m:[38;2;184;25;1m:[38;2;188;26;0m:[38;2;190;27;0m:[38;2;193;27;0m:[38;2;196;29;1m:[38;2;198;29;0m:[38;2;201;30;0m:[38;2;153;51;27m-[38;2;150;81;53m-[38;2;235;139;105m*[38;2;221;99;77m=[38;2;206;98;71m=[38;2;189;40;10m:[38;2;203;32;0m:[38;2;202;32;0m:[38;2;202;32;0m:[38;2;201;32;0m:[38;2;199;33;1m:[38;2;199;33;1m:[38;2;198;33;1m:[38;2;195;32;1m:[38;2;178;34;6m:[38;2;97;50;45m:[38;2;102;95;103m-[38;2;88;71;70m-[38;2;131;128;133m+[0m
[38;2;108;122;128m=[38;2;128;106;104m=[38;2;172;24;1m:[38;2;180;25;1m:[38;2;185;25;1m:[38;2;188;26;0m:[38;2;191;27;0m:[38;2;195;28;1m:[38;2;197;29;0m:[38;2;199;30;0m:[38;2;198;42;9m-[38;2;149;93;71m=[38;2;155;101;81m=[38;2;189;100;67m=[38;2;230;139;110m*[38;2;171;57;29m-[38;2;204;32;0m:[38;2;203;32;0m:[38;2;203;32;0m:[38;2;202;32;0m:[38;2;201;32;0m:[38;2;200;32;1m:[38;2;199;33;1m:[38;2;198;33;1m:[38;2;196;32;1m:[38;2;182;34;5m:[38;2;101;52;46m:[38;2;107;97;105m=[38;2;89;72;73m-[38;2;121;121;127m=[0m
[38;2;121;133;140m+[38;2;141;91;85m=[38;2;172;24;1m:[38;2;180;25;1m:[38;2;186;26;1m:[38;2;189;27;0m:[38;2;191;30;4m:[38;2;191;32;4m:[38;2;196;34;5m:[38;2;203;39;8m-[38;2;225;132;95m+[38;2;206;141;118m+[38;2;225;160;138m*[38;2;234;159;133m*[38;2;180;88;65m=[38;2;195;42;11m-[38;2;205;32;0m:[38;2;203;32;0m:[38;2;202;32;0m:[38;2;201;32;0m:[38;2;201;32;0m:[38;2;200;32;0m:[38;2;199;32;0m:[38;2;199;32;0m:[38;2;197;32;0m:[38;2;185;34;4m:[38;2;104;52;46m:[38;2;110;99;106m=[38;2;91;74;76m-[38;2;108;111;118m=[0m
[38;2;122;132;141m+[38;2;156;77;66m-[38;2;172;24;1m:[38;2;181;25;1m:[38;2;187;26;1m:[38;2;188;30;2m:[38;2;197;34;5m:[38;2;200;33;4m:[38;2;200;35;6m:[38;2;202;30;1m:[38;2;209;40;9m-[38;2;228;111;82m+[38;2;246;173;147m#[38;2;249;185;162m#[38;2;220;113;88m+[38;2;210;69;40m-[38;2;205;32;0m:[38;2;205;32;0m:[38;2;204;32;0m:[38;2;203;32;0m:[38;2;202;31;0m:[38;2;200;32;0m:[38;2;199;32;0m:[38;2;199;32;0m:[38;2;197;32;0m:[38;2;188;33;3m:[38;2;105;53;47m:[38;2;111;98;106m=[38;2;88;73;76m-[38;2;94;100;107m=[0m
[38;2;130;138;146m+[38;2;160;55;42m-[38;2;172;23;1m:[38;2;180;25;1m:[38;2;189;26;1m:[38;2;196;28;1m:[38;2;205;30;0m:[38;2;203;30;1m:[38;2;206;30;0m:[38;2;206;30;0m:[38;2;207;30;0m:[38;2;209;31;1m:[38;2;219;63;36m-[38;2;222;70;44m=[38;2;213;38;9m-[38;2;209;31;1m:[38;2;205;31;0m:[38;2;204;33;2m:[38;2;204;42;13m-[38;2;203;31;1m:[38;2;202;31;1m:[38;2;201;31;0m:[38;2;199;31;0m:[38;2;198;31;0m:[38;2;198;32;0m:[38;2;190;32;2m:[38;2;106;53;47m:[38;2;113;98;104m=[38;2;90;75;79m-[38;2;84;93;101m-[0m
[38;2;149;150;158m+[38;2;157;29;11m:[38;2;171;23;1m:[38;2;179;25;1m:[38;2;197;29;1m:[38;2;198;29;1m:[38;2;205;30;0m:[38;2;206;30;0m:[38;2;207;30;0m:[38;2;208;30;0m:[38;2;208;31;0m:[38;2;208;31;0m:[38;2;208;31;0m:[38;2;208;31;0m:[38;2;209;31;1m:[38;2;208;31;0m:[38;2;209;31;1m:[38;2;208;31;1m:[38;2;207;43;16m-[38;2;204;45;17m-[38;2;202;31;1m:[38;2;201;31;0m:[38;2;199;31;0m:[38;2;198;31;0m:[38;2;198;32;0m:[38;2;192;32;1m:[38;2;107;52;46m:[38;2;117;98;103m=[38;2;93;79;85m-[38;2;74;86;96m-[0m
[38;2;147;135;141m+[38;2;159;21;1m:[38;2;169;23;1m:[38;2;182;25;1m:[38;2;200;30;0m:[38;2;201;30;1m:[38;2;205;30;0m:[38;2;207;30;0m:[38;2;207;30;0m:[38;2;208;30;0m:[38;2;200;55;30m-[38;2;188;73;53m-[38;2;193;62;39m-[38;2;196;68;45m-[38;2;209;41;13m-[38;2;210;31;1m:[38;2;210;31;2m:[38;2;211;31;3m:[38;2;210;31;3m:[38;2;205;40;14m-[38;2;200;35;6m:[38;2;200;31;0m:[38;2;199;31;0m:[38;2;198;31;0m:[38;2;198;32;0m:[38;2;194;32;1m:[38;2;107;52;45m:[38;2;116;93;99m-[38;2;92;79;86m-[38;2;64;79;90m-[0m
[38;2;145;110;111m=[38;2;155;20;1m:[38;2;166;22;1m:[38;2;184;26;1m:[38;2;199;29;1m:[38;2;201;30;1m:[38;2;203;30;0m:[38;2;206;30;0m:[38;2;207;31;0m:[38;2;210;30;1m:[38;2;193;72;52m-[38;2;185;102;87m=[38;2;206;81;58m=[38;2;189;90;70m=[38;2;169;104;91m=[38;2;177;87;72m=[38;2;207;37;9m-[38;2;213;32;8m:[38;2;211;31;4m:[38;2;210;37;11m-[38;2;203;31;1m:[38;2;200;31;0m:[38;2;198;31;0m:[38;2;198;31;0m:[38;2;198;32;0m:[38;2;195;32;1m:[38;2;108;51;43m:[38;2;111;87;92m-[38;2;93;83;91m-[38;2;59;78;88m-[0m
[38;2;144;86;82m-[38;2;152;19;1m:[38;2;157;20;1m:[38;2;195;28;1m:[38;2;198;29;1m:[38;2;199;29;1m:[38;2;203;30;0m:[38;2;206;31;1m:[38;2;214;59;33m-[38;2;214;60;36m-[38;2;215;89;70m=[38;2;183;107;92m=[38;2;231;115;93m+[38;2;199;98;77m=[38;2;207;77;59m=[38;2;203;72;52m-[38;2;213;32;6m:[38;2;212;32;7m:[38;2;212;32;7m:[38;2;210;31;4m:[38;2;206;31;1m:[38;2;199;31;0m:[38;2;198;31;0m:[38;2;197;32;0m:[38;2;196;32;1m:[38;2;194;32;1m:[38;2;108;49;41m:[38;2;106;81;86m-[38;2;93;86;95m-[38;2;58;77;89m-[0m
[38;2;144;64;56m-[38;2;147;18;1m:[38;2;160;21;1m:[38;2;197;28;1m:[38;2;197;29;1m:[38;2;200;29;1m:[38;2;202;30;1m:[38;2;210;54;26m-[38;2;192;73;53m-[38;2;180;67;49m-[38;2;209;90;74m=[38;2;197;103;94m=[38;2;172;114;100m=[38;2;240;169;150m*[38;2;238;176;159m#[38;2;222;133;114m+[38;2;206;92;78m=[38;2;210;39;15m-[38;2;213;32;8m:[38;2;210;31;3m:[38;2;208;31;1m:[38;2;202;31;0m:[38;2;197;31;0m:[38;2;196;32;1m:[38;2;196;32;1m:[38;2;194;32;1m:[38;2;109;47;39m:[38;2;100;76;79m-[38;2;91;90;101m-[38;2;57;77;89m-[0m
[38;2;130;32;21m:[38;2;139;17;1m.[38;2;168;22;1m:[38;2;196;28;1m:[38;2;199;29;1m:[38;2;199;29;1m:[38;2;201;34;5m:[38;2;228;147;135m*[38;2;206;162;158m*[38;2;236;189;186m#[38;2;228;156;148m*[38;2;193;148;140m*[38;2;245;186;175m#[38;2;238;196;188m#[38;2;229;179;167m#[38;2;234;176;162m#[38;2;237;185;174m#[38;2;211;138;127m+[38;2;185;65;40m-[38;2;209;33;5m:[38;2;208;31;0m:[38;2;208;31;1m:[38;2;196;31;1m:[38;2;195;31;1m:[38;2;194;32;1m:[38;2;192;32;1m:[38;2;108;45;37m:[38;2;94;69;72m-[38;2;88;94;108m-[38;2;55;74;87m-[0m
[38;2;126;16;1m.[38;2;135;16;1m.[38;2;177;24;1m:[38;2;187;26;1m:[38;2;208;71;48m-[38;2;204;46;20m-[38;2;197;32;5m:[38;2;131;48;35m:[38;2;87;18;6m.[38;2;117;53;39m:[38;2;106;91;81m-[38;2;153;129;119m+[38;2;229;171;164m*[38;2;243;201;193m#[38;2;220;178;169m#[38;2;229;175;163m#[38;2;231;173;161m#[38;2;215;139;121m+[38;2;216;142;129m*[38;2;207;78;58m=[38;2;209;31;3m:[38;2;208;31;1m:[38;2;198;31;1m:[38;2;193;31;0m:[38;2;192;31;1m:[38;2;190;32;1m:[38;2;108;43;35m:[38;2;84;60;64m:[38;2;88;99;115m-[38;2;53;71;85m:[0m
[38;2;126;19;2m.[38;2;139;18;1m.[38;2;183;38;13m:[38;2;185;84;66m=[38;2;205;90;68m=[38;2;172;42;20m:[38;2;152;28;6m:[38;2;86;34;20m:[38;2;131;81;67m-[38;2;127;103;103m=[38;2;131;121;118m=[38;2;153;131;125m+[38;2;214;159;150m*[38;2;245;195;182m#[38;2;216;169;158m*[38;2;192;136;125m+[38;2;167;126;116m+[38;2;121;64;52m-[38;2;166;117;111m=[38;2;116;79;73m-[38;2;203;32;4m:[38;2;207;31;1m:[38;2;203;31;1m:[38;2;191;31;1m:[38;2;189;32;1m:[38;2;187;32;1m:[38;2;108;41;33m:[38;2;72;49;53m:[38;2;87;102;120m=[38;2;53;71;85m:[0m
[38;2;122;21;2m.[38;2;117;37;25m:[38;2;80;33;26m.[38;2;176;28;5m:[38;2;185;26;1m:[38;2;167;35;9m:[38;2;114;64;42m-[38;2;93;49;39m:[38;2;122;72;58m-[38;2;139;107;108m=[38;2;118;112;111m=[38;2;146;121;114m=[38;2;196;140;131m+[38;2;238;178;164m#[38;2;201;128;113m+[38;2;176;128;118m+[38;2;166;119;113m+[38;2;164;85;74m=[38;2;184;125;121m+[38;2;83;84;87m-[38;2;133;32;14m:[38;2;221;103;88m=[38;2;197;33;3m:[38;2;187;31;1m:[38;2;185;31;1m:[38;2;183;31;1m:[38;2;106;39;29m:[38;2;63;42;47m:[38;2;83;102;121m=[38;2;47;66;80m:[0m
[38;2;117;22;5m.[38;2;63;9;3m.[38;2;158;76;63m-[38;2;174;24;1m:[38;2;180;25;1m:[38;2;125;48;27m:[38;2;120;75;54m-[38;2;105;74;59m-[38;2;107;64;53m-[38;2;145;86;77m-[38;2;124;106;104m=[38;2;150;60;45m-[38;2;158;52;34m-[38;2;152;35;18m:[38;2;163;65;47m-[38;2;128;102;95m=[38;2;143;72;63m-[38;2;209;94;79m=[38;2;186;94;83m=[38;2;110;84;83m-[38;2;152;57;41m-[38;2;214;103;86m=[38;2;197;70;47m-[38;2;183;31;1m:[38;2;181;31;1m:[38;2;178;31;1m:[38;2;104;36;27m:[38;2;58;39;44m:[38;2;78;99;119m-[38;2;43;63;78m:[0m
[38;2;115;24;10m.[38;2;52;7;1m.[38;2;135;56;45m-[38;2;156;20;1m:[38;2;155;22;2m:[38;2;77;46;31m:[38;2;96;62;45m:[38;2;83;32;19m.[38;2;154;27;5m:[38;2;210;69;43m-[38;2;134;109;105m=[38;2;188;31;4m:[38;2;204;119;106m+[38;2;187;64;46m-[38;2;208;37;9m-[38;2;155;139;138m+[38;2;118;33;22m:[38;2;211;32;7m:[38;2;184;49;28m-[38;2;106;78;76m-[38;2;82;43;39m:[38;2;193;35;7m:[38;2;196;99;82m=[38;2;178;30;1m:[38;2;165;37;11m:[38;2;105;66;58m-[38;2;83;65;62m:[38;2;63;58;59m:[38;2;68;73;79m-[38;2;50;69;81m:[0m
[38;2;113;30;21m:[38;2;45;10;5m.[38;2;119;49;40m:[38;2;132;15;1m.[38;2;128;20;3m.[38;2;99;24;9m.[38;2;139;23;5m:[38;2;198;29;1m:[38;2;201;30;1m:[38;2;202;63;38m-[38;2;110;68;62m-[38;2;185;74;55m-[38;2;196;56;32m-[38;2;211;32;5m:[38;2;191;34;9m:[38;2;137;117;115m=[38;2;109;18;6m.[38;2;211;32;5m:[38;2;188;29;1m:[38;2;156;46;27m:[38;2;120;58;48m:[38;2;185;57;35m-[38;2;167;54;32m-[38;2;172;29;1m:[38;2;167;50;26m-[38;2;127;127;127m=[38;2;148;148;148m+[38;2;134;134;134m+[38;2;134;134;134m+[38;2;80;96;106m-[0m
[38;2;111;48;45m:[38;2;103;37;31m:[38;2;39;13;12m.[38;2;74;7;1m.[38;2;143;18;1m:[38;2;172;24;1m:[38;2;174;24;1m:[38;2;199;29;0m:[38;2;201;30;1m:[38;2;177;71;52m-[38;2;165;29;7m:[38;2;91;45;38m:[38;2;169;88;75m=[38;2;184;93;80m=[38;2;188;164;160m*[38;2;95;78;78m-[38;2;157;25;4m:[38;2;210;31;3m:[38;2;202;31;0m:[38;2;175;28;1m:[38;2;139;23;4m:[38;2;145;50;34m:[38;2;141;24;1m:[38;2;165;28;1m:[38;2;160;48;25m:[38;2;116;116;116m=[38;2;144;144;144m+[38;2;126;126;126m=[38;2;142;142;142m+[38;2;84;99;108m-[0m
[38;2;1;5;9m [38;2;4;5;7m [38;2;75;21;15m.[38;2;82;19;8m.[38;2;45;8;4m.[38;2;108;12;2m.[38;2;195;28;1m:[38;2;196;28;1m:[38;2;200;30;1m:[38;2;174;72;55m-[38;2;167;49;30m-[38;2;121;111;109m=[38;2;85;78;77m-[38;2;104;95;92m-[38;2;68;62;61m:[38;2;84;33;25m:[38;2;207;31;1m:[38;2;208;31;1m:[38;2;193;40;12m:[38;2;164;69;53m-[38;2;114;48;37m:[38;2;88;30;21m.[38;2;161;27;1m:[38;2;158;27;1m:[38;2;149;31;7m:[38;2;108;43;29m:[38;2;78;42;36m:[38;2;43;38;41m.[38;2;60;71;81m:[38;2;40;56;68m:[0m
