[38;2;247;215;207m%[38;2;191;159;151m*[38;2;192;101;87m=[38;2;170;79;65m-[38;2;177;137;129m+[38;2;255;225;217m%[38;2;249;251;252m@[38;2;82;84;85m-[38;2;37;37;39m.[38;2;128;128;130m+[38;2;173;170;179m*[38;2;178;175;184m*[38;2;183;143;146m+[38;2;189;149;152m*[38;2;190;188;193m#[38;2;201;199;204m#[38;2;203;203;207m#[38;2;209;209;213m#[38;2;230;230;234m%[38;2;234;234;238m%[38;2;140;142;143m+[38;2;62;64;65m:[38;2;61;63;62m:[38;2;69;71;70m:[38;2;22;28;24m.[38;2;19;25;21m.[38;2;208;185;182m#[38;2;211;188;185m#[38;2;174;136;129m+[38;2;251;213;206m%[0m
[38;2;255;199;192m#[38;2;145;85;78m-[38;2;179;88;74m=[38;2;155;64;50m-[38;2;158;91;77m=[38;2;242;175;161m#[38;2;252;252;252m@[38;2;81;81;81m-[38;2;78;76;81m-[38;2;182;180;185m*[38;2;190;187;196m#[38;2;186;183;192m#[38;2;189;147;153m*[38;2;187;145;151m+[38;2;181;178;186m*[38;2;179;176;184m*[38;2;200;200;204m#[38;2;210;210;214m#[38;2;200;200;202m#[38;2;239;239;241m%[38;2;239;239;243m%[38;2;232;232;236m%[38;2;232;232;236m%[38;2;213;213;217m%[38;2;52;54;53m:[38;2;58;60;59m:[38;2;235;161;154m*[38;2;160;86;79m=[38;2;145;74;72m-[38;2;125;54;52m:[0m
[38;2;255;187;183m#[38;2;149;80;76m-[38;2;169;70;58m-[38;2;173;74;62m-[38;2;157;87;81m=[38;2;236;166;160m*[38;2;228;228;228m%[38;2;32;32;32m.[38;2;128;126;131m=[38;2;207;205;210m#[38;2;205;202;211m#[38;2;198;195;204m#[38;2;198;195;204m#[38;2;197;194;203m#[38;2;189;186;194m#[38;2;167;164;172m*[38;2;181;179;184m*[38;2;226;224;229m%[38;2;118;116;117m=[38;2;153;151;152m+[38;2;247;247;249m@[38;2;251;251;253m@[38;2;251;251;251m@[38;2;178;178;178m*[38;2;56;56;58m:[38;2;209;209;211m#[38;2;241;171;173m#[38;2;182;112;114m=[38;2;167;88;87m=[38;2;195;116;115m+[0m
[38;2;255;233;231m%[38;2;191;162;160m*[38;2;176;79;72m-[38;2;163;66;59m-[38;2;169;130;127m+[38;2;212;173;170m*[38;2;103;104;102m=[38;2;31;32;30m.[38;2;171;171;175m*[38;2;222;222;226m%[38;2;214;213;220m%[38;2;208;207;214m#[38;2;205;202;211m#[38;2;206;203;212m#[38;2;214;213;220m%[38;2;201;200;207m#[38;2;121;119;120m=[38;2;108;106;107m=[38;2;162;162;162m*[38;2;65;65;65m:[38;2;227;225;226m%[38;2;202;200;201m#[38;2;154;156;157m+[38;2;187;189;190m#[38;2;238;238;238m%[38;2;253;253;253m@[38;2;255;234;240m%[38;2;210;175;181m*[38;2;160;105;105m=[38;2;236;181;181m#[0m
[38;2;107;104;101m=[38;2;91;88;85m-[38;2;170;154;156m*[38;2;214;198;200m#[38;2;231;229;230m%[38;2;34;32;33m.[38;2;21;23;22m.[38;2;70;72;71m-[38;2;234;234;238m%[38;2;237;237;241m%[38;2;219;217;220m%[38;2;193;191;194m#[38;2;221;221;225m%[38;2;223;223;227m%[38;2;227;227;231m%[38;2;227;227;231m%[38;2;157;159;160m*[38;2;47;49;50m:[38;2;47;48;46m:[38;2;28;29;27m.[38;2;107;109;110m=[38;2;192;194;195m#[38;2;252;252;252m@[38;2;254;254;254m@[38;2;254;254;254m@[38;2;254;254;254m@[38;2;254;254;254m@[38;2;253;253;253m@[38;2;227;219;220m%[38;2;94;86;87m-[0m
[38;2;55;57;58m:[38;2;21;23;24m.[38;2;21;21;21m.[38;2;126;126;126m=[38;2;226;226;228m%[38;2;28;28;30m.[38;2;38;38;38m.[38;2;88;88;88m-[38;2;226;224;225m%[38;2;207;205;206m#[38;2;63;68;68m:[38;2;62;67;67m:[38;2;111;109;110m=[38;2;153;151;152m+[38;2;92;90;91m-[38;2;180;178;179m*[38;2;222;222;224m%[38;2;134;134;136m+[38;2;219;221;224m%[38;2;202;204;207m#[38;2;254;254;254m@[38;2;254;254;254m@[38;2;254;254;254m@[38;2;243;243;243m@[38;2;122;123;121m=[38;2;88;89;87m-[38;2;105;104;101m=[38;2;187;186;183m#[38;2;119;119;119m=[38;2;172;172;172m*[0m
[38;2;45;47;48m:[38;2;22;24;25m.[38;2;60;65;67m:[38;2;59;64;66m:[38;2;173;173;175m*[38;2;190;190;192m#[38;2;64;66;67m:[38;2;64;66;67m:[38;2;145;147;148m+[38;2;113;115;116m=[38;2;67;72;72m-[38;2;93;98;98m-[38;2;212;214;217m%[38;2;139;141;144m+[38;2;108;108;110m=[38;2;215;215;217m%[38;2;152;152;152m+[38;2;250;250;250m@[38;2;254;254;254m@[38;2;254;254;254m@[38;2;255;255;255m@[38;2;241;241;241m@[38;2;229;229;229m%[38;2;182;182;182m*[38;2;222;222;226m%[38;2;194;194;198m#[38;2;135;140;140m+[38;2;34;39;39m.[38;2;28;29;27m.[38;2;113;114;112m=[0m
[38;2;44;46;47m:[38;2;28;30;31m.[38;2;189;189;193m#[38;2;225;225;229m%[38;2;139;139;141m+[38;2;239;239;241m%[38;2;251;251;253m@[38;2;246;246;248m@[38;2;248;248;250m@[38;2;185;185;187m#[38;2;78;80;81m-[38;2;171;173;174m*[38;2;252;252;254m@[38;2;252;252;254m@[38;2;230;232;233m%[38;2;145;147;148m+[38;2;239;239;239m%[38;2;254;254;254m@[38;2;197;198;196m#[38;2;112;113;111m=[38;2;112;114;113m=[38;2;81;83;82m-[38;2;222;222;222m%[38;2;145;145;145m+[38;2;240;240;244m%[38;2;218;218;222m%[38;2;211;211;215m#[38;2;107;107;111m=[38;2;35;38;35m.[38;2;40;43;40m.[0m
[38;2;48;50;51m:[38;2;22;24;25m.[38;2;124;122;125m=[38;2;227;225;228m%[38;2;233;233;235m%[38;2;175;175;177m*[38;2;253;253;255m@[38;2;220;220;222m%[38;2;89;91;90m-[38;2;65;67;66m:[38;2;131;133;134m+[38;2;251;253;254m@[38;2;253;253;253m@[38;2;254;254;254m@[38;2;252;252;252m@[38;2;255;255;255m@[38;2;232;234;233m%[38;2;150;152;151m+[38;2;106;111;111m=[38;2;127;132;132m+[38;2;49;54;52m:[38;2;64;69;67m:[38;2;131;131;131m+[38;2;134;134;134m+[38;2;239;239;243m%[38;2;228;228;232m%[38;2;214;214;216m%[38;2;123;123;125m=[38;2;39;42;39m.[38;2;25;28;25m.[0m
[38;2;51;53;54m:[38;2;19;21;22m.[38;2;80;78;81m-[38;2;210;208;211m#[38;2;235;235;237m%[38;2;161;161;163m*[38;2;253;253;253m@[38;2;250;250;250m@[38;2;61;66;64m:[38;2;38;43;41m.[38;2;140;140;140m+[38;2;210;210;210m#[38;2;197;197;197m#[38;2;163;163;163m*[38;2;115;118;115m=[38;2;110;113;110m=[38;2;75;78;75m-[38;2;145;148;145m+[38;2;113;116;113m=[38;2;72;75;72m-[38;2;45;50;50m:[38;2;168;173;173m*[38;2;88;93;91m-[38;2;88;93;91m-[38;2;197;197;199m#[38;2;229;229;231m%[38;2;223;223;227m%[38;2;151;151;155m+[38;2;26;31;29m.[38;2;22;27;25m.[0m
[38;2;55;57;58m:[38;2;32;34;35m.[38;2;94;92;95m-[38;2;203;201;204m#[38;2;227;227;231m%[38;2;175;175;179m*[38;2;222;222;224m%[38;2;213;213;215m%[38;2;41;47;49m:[38;2;75;81;83m-[38;2;48;53;53m:[38;2;65;70;70m:[38;2;88;90;89m-[38;2;157;159;158m*[38;2;69;74;74m-[38;2;125;130;130m+[38;2;85;90;90m-[38;2;91;96;96m-[38;2;87;92;92m-[38;2;48;53;53m:[38;2;85;87;88m-[38;2;243;245;246m@[38;2;228;230;231m%[38;2;110;112;113m=[38;2;217;217;221m%[38;2;227;227;231m%[38;2;221;221;223m%[38;2;135;135;137m+[38;2;28;33;31m.[38;2;22;27;25m.[0m
[38;2;67;69;68m:[38;2;76;78;77m-[38;2;123;121;122m=[38;2;104;102;103m=[38;2;47;48;46m:[38;2;55;56;54m:[38;2;153;153;155m+[38;2;217;217;219m%[38;2;58;63;63m:[38;2;124;129;129m+[38;2;62;67;67m:[38;2;122;127;127m=[38;2;91;96;96m-[38;2;119;124;124m=[38;2;238;238;240m%[38;2;209;209;211m#[38;2;100;106;106m=[38;2;47;53;53m:[38;2;125;127;126m=[38;2;133;135;134m+[38;2;112;114;115m=[38;2;250;252;253m@[38;2;202;202;204m#[38;2;177;177;179m*[38;2;229;229;233m%[38;2;219;219;223m%[38;2;197;197;197m#[38;2;86;86;86m-[38;2;31;37;33m.[38;2;21;27;23m.[0m
[38;2;67;67;67m:[38;2;98;98;98m-[38;2;90;88;89m-[38;2;70;68;69m:[38;2;88;88;88m-[38;2;32;32;32m.[38;2;141;141;143m+[38;2;252;252;254m@[38;2;104;106;107m=[38;2;235;237;238m%[38;2;78;80;81m-[38;2;106;108;109m=[38;2;71;73;74m-[38;2;207;209;210m#[38;2;238;226;218m%[38;2;246;234;226m%[38;2;237;234;233m%[38;2;207;204;203m#[38;2;142;147;147m+[38;2;87;92;92m-[38;2;136;138;139m+[38;2;243;245;246m@[38;2;214;214;214m%[38;2;174;174;174m*[38;2;228;228;232m%[38;2;211;211;215m#[38;2;179;181;182m*[38;2;55;57;58m:[38;2;58;31;28m.[38;2;60;33;30m.[0m
[38;2;70;70;70m:[38;2;84;84;84m-[38;2;137;135;140m+[38;2;188;186;191m#[38;2;124;126;129m=[38;2;117;119;122m=[38;2;108;108;108m=[38;2;235;235;235m%[38;2;169;171;172m*[38;2;199;201;202m#[38;2;80;85;85m-[38;2;37;42;42m.[38;2;197;182;179m#[38;2;216;201;198m#[38;2;158;71;56m-[38;2;159;72;57m-[38;2;141;84;69m-[38;2;226;169;154m*[38;2;175;177;176m*[38;2;128;130;129m+[38;2;231;233;234m%[38;2;168;170;171m*[38;2;132;132;132m+[38;2;86;86;86m-[38;2;214;214;216m%[38;2;209;209;211m#[38;2;169;169;171m*[38;2;85;85;87m-[38;2;52;33;29m.[38;2;50;31;27m.[0m
[38;2;58;49;48m:[38;2;61;52;51m:[38;2;154;152;157m+[38;2;218;216;221m%[38;2;222;222;226m%[38;2;222;222;226m%[38;2;208;208;210m#[38;2;125;125;127m=[38;2;222;222;224m%[38;2;188;188;190m#[38;2;75;80;80m-[38;2;124;129;129m+[38;2;255;223;216m%[38;2;155;112;105m=[38;2;146;64;54m-[38;2;140;58;48m-[38;2;123;57;45m:[38;2;131;65;53m-[38;2;235;232;231m%[38;2;157;154;153m+[38;2;123;125;126m=[38;2;166;168;169m*[38;2;86;88;87m-[38;2;59;61;60m:[38;2;223;223;227m%[38;2;211;211;215m#[38;2;171;171;173m*[38;2;103;103;105m=[38;2;59;61;60m:[38;2;35;37;36m.[0m
[38;2;89;54;54m:[38;2;136;101;101m=[38;2;175;173;178m*[38;2;212;210;215m#[38;2;219;219;223m%[38;2;224;224;228m%[38;2;224;224;228m%[38;2;198;198;202m#[38;2;120;120;120m=[38;2;131;131;131m+[38;2;89;89;89m-[38;2;208;208;208m#[38;2;223;157;149m*[38;2;144;78;70m-[38;2;138;64;55m-[38;2;132;58;49m-[38;2;126;56;46m:[38;2;133;63;53m-[38;2;172;155;150m*[38;2;179;162;157m*[38;2;94;96;97m-[38;2;227;229;230m%[38;2;237;239;240m%[38;2;117;119;120m=[38;2;109;109;109m=[38;2;193;193;193m#[38;2;195;195;199m#[38;2;140;140;144m+[38;2;75;78;75m-[38;2;44;47;44m:[0m
[38;2;135;101;102m=[38;2;168;134;135m+[38;2;183;181;186m*[38;2;205;203;208m#[38;2;215;215;219m%[38;2;222;222;226m%[38;2;98;97;96m-[38;2;104;103;102m=[38;2;114;116;117m=[38;2;133;135;136m+[38;2;183;185;186m#[38;2;87;89;90m-[38;2;250;225;223m%[38;2;187;162;160m*[38;2;156;77;66m-[38;2;146;67;56m-[38;2;129;75;69m-[38;2;196;142;136m+[38;2;176;175;174m*[38;2;45;44;43m:[38;2;66;68;69m:[38;2;204;206;207m#[38;2;220;220;222m%[38;2;232;232;234m%[38;2;87;89;90m-[38;2;216;218;219m%[38;2;197;199;202m#[38;2;172;174;177m*[38;2;95;97;96m-[38;2;45;47;46m:[0m
[38;2;188;151;151m*[38;2;176;139;139m+[38;2;176;174;177m*[38;2;197;195;198m#[38;2;210;210;214m#[38;2;221;221;225m%[38;2;169;171;174m*[38;2;123;125;128m=[38;2;249;251;252m@[38;2;171;173;174m*[38;2;183;184;182m*[38;2;130;131;129m+[38;2;140;139;138m+[38;2;232;231;230m%[38;2;238;215;214m%[38;2;199;176;175m*[38;2;236;233;232m%[38;2;201;198;197m#[38;2;60;65;65m:[38;2;89;94;94m-[38;2;116;116;118m=[38;2;250;250;252m@[38;2;143;145;146m+[38;2;210;212;213m#[38;2;69;69;71m:[38;2;186;186;188m#[38;2;164;164;168m*[38;2;186;186;190m#[38;2;98;100;99m=[38;2;59;61;60m:[0m
[38;2;202;165;165m*[38;2;189;152;152m*[38;2;191;189;194m#[38;2;201;199;204m#[38;2;206;206;210m#[38;2;216;216;220m%[38;2;216;216;218m%[38;2;101;101;103m=[38;2;251;251;253m@[38;2;245;245;247m@[38;2;76;82;84m-[38;2;79;85;87m-[38;2;78;80;79m-[38;2;83;85;84m-[38;2;161;162;160m*[38;2;224;225;223m%[38;2;238;238;238m%[38;2;152;152;152m+[38;2;94;99;99m-[38;2;92;97;97m-[38;2;97;97;97m-[38;2;225;225;225m%[38;2;99;101;102m=[38;2;235;237;238m%[38;2;98;98;98m-[38;2;178;178;178m*[38;2;145;145;145m+[38;2;92;92;92m-[38;2;84;86;85m-[38;2;42;44;43m:[0m
[38;2;209;189;192m#[38;2;196;176;179m*[38;2;204;204;208m#[38;2;206;206;210m#[38;2;202;202;206m#[38;2;214;214;218m%[38;2;133;133;133m+[38;2;221;221;221m%[38;2;254;254;254m@[38;2;250;250;250m@[38;2;125;127;126m=[38;2;92;94;93m-[38;2;104;109;111m=[38;2;81;86;88m-[38;2;85;87;86m-[38;2;163;165;164m*[38;2;85;90;90m-[38;2;170;175;175m*[38;2;29;34;32m.[38;2;52;57;55m:[38;2;61;66;64m:[38;2;117;122;120m=[38;2;69;74;74m-[38;2;138;143;143m+[38;2;145;147;148m+[38;2;122;124;125m=[38;2;170;172;175m*[38;2;168;170;173m*[38;2;74;76;75m-[38;2;37;39;38m.[0m
[38;2;207;207;209m#[38;2;204;204;206m#[38;2;198;198;200m#[38;2;195;195;197m#[38;2;196;196;200m#[38;2;194;194;198m#[38;2;94;96;95m-[38;2;116;118;117m=[38;2;162;163;161m*[38;2;217;218;216m%[38;2;42;47;47m:[38;2;69;74;74m-[38;2;137;139;138m+[38;2;129;131;130m+[38;2;96;101;99m=[38;2;77;82;80m-[38;2;130;132;131m+[38;2;166;168;167m*[38;2;140;145;147m+[38;2;173;178;180m*[38;2;74;79;79m-[38;2;42;47;47m:[38;2;55;60;58m:[38;2;107;112;110m=[38;2;237;237;239m%[38;2;158;158;160m*[38;2;228;228;232m%[38;2;198;198;202m#[38;2;105;107;106m=[38;2;33;35;34m.[0m
[38;2;202;202;204m#[38;2;202;202;204m#[38;2;166;162;165m*[38;2;165;161;164m*[38;2;174;174;176m*[38;2;221;221;223m%[38;2;127;129;132m+[38;2;99;101;104m=[38;2;84;86;85m-[38;2;68;70;69m:[38;2;50;52;53m:[38;2;147;149;150m+[38;2;228;227;226m%[38;2;237;236;235m%[38;2;246;246;248m@[38;2;245;245;247m@[38;2;229;229;229m%[38;2;225;225;225m%[38;2;243;243;243m@[38;2;251;251;251m@[38;2;249;251;252m@[38;2;161;163;164m*[38;2;57;62;62m:[38;2;27;32;32m.[38;2;191;191;193m#[38;2;213;213;215m%[38;2;172;172;174m*[38;2;224;224;226m%[38;2;190;192;195m#[38;2;91;93;96m-[0m
[38;2;113;112;109m=[38;2;174;173;170m*[38;2;190;188;191m#[38;2;135;133;136m+[38;2;163;161;164m*[38;2;221;219;222m%[38;2;186;186;188m#[38;2;130;130;132m+[38;2;147;152;152m+[38;2;37;42;42m.[38;2;35;40;40m.[38;2;53;58;58m:[38;2;121;126;128m=[38;2;183;188;190m#[38;2;231;231;231m%[38;2;253;253;253m@[38;2;170;170;172m*[38;2;151;151;153m+[38;2;120;121;119m=[38;2;244;245;243m@[38;2;232;234;233m%[38;2;93;95;94m-[38;2;93;98;100m-[38;2;220;225;227m%[38;2;216;216;218m%[38;2;252;252;254m@[38;2;229;229;231m%[38;2;153;153;155m+[38;2;203;203;205m#[38;2;223;223;225m%[0m
[38;2;49;51;52m:[38;2;22;24;25m.[38;2;76;75;74m-[38;2;125;124;123m=[38;2;124;122;123m=[38;2;210;208;209m#[38;2;162;162;164m*[38;2;249;249;251m@[38;2;170;172;173m*[38;2;209;211;212m#[38;2;223;225;228m%[38;2;247;249;252m@[38;2;227;226;223m%[38;2;181;180;177m*[38;2;201;202;198m#[38;2;117;118;114m=[38;2;164;164;168m*[38;2;165;165;169m*[38;2;111;113;112m=[38;2;95;97;96m-[38;2;68;70;71m:[38;2;74;76;77m-[38;2;146;146;146m+[38;2;92;92;92m-[38;2;233;232;231m%[38;2;247;246;245m@[38;2;252;252;254m@[38;2;248;248;250m@[38;2;172;174;175m*[38;2;139;141;142m+[0m
[38;2;51;53;54m:[38;2;49;51;52m:[38;2;187;188;194m#[38;2;96;97;103m-[38;2;41;42;40m.[38;2;77;78;76m-[38;2;117;117;117m=[38;2;253;253;253m@[38;2;254;254;254m@[38;2;254;254;254m@[38;2;241;242;240m@[38;2;146;147;145m+[38;2;50;52;51m:[38;2;60;62;61m:[38;2;69;69;69m:[38;2;112;112;112m=[38;2;232;232;236m%[38;2;218;218;222m%[38;2;162;164;167m*[38;2;233;235;238m%[38;2;216;217;223m%[38;2;135;136;142m+[38;2;158;160;163m*[38;2;188;190;193m#[38;2;123;125;126m=[38;2;87;89;90m-[38;2;224;224;224m%[38;2;253;253;253m@[38;2;252;254;253m@[38;2;250;252;251m@[0m
[38;2;63;63;65m:[38;2;196;196;198m#[38;2;228;190;184m#[38;2;229;191;185m#[38;2;226;227;233m%[38;2;157;158;164m*[38;2;216;216;216m%[38;2;239;239;239m%[38;2;218;217;214m%[38;2;156;155;152m+[38;2;144;144;148m+[38;2;227;227;231m%[38;2;133;133;135m+[38;2;171;171;173m*[38;2;133;133;137m+[38;2;155;155;159m+[38;2;234;234;236m%[38;2;235;235;237m%[38;2;232;232;234m%[38;2;232;232;234m%[38;2;232;232;236m%[38;2;231;231;235m%[38;2;230;230;232m%[38;2;157;157;159m*[38;2;139;140;138m+[38;2;106;107;105m=[38;2;119;118;115m=[38;2;147;146;143m+[38;2;146;143;138m+[38;2;191;188;183m#[0m
[38;2;197;167;169m*[38;2;202;172;174m*[38;2;185;96;94m=[38;2;193;104;102m=[38;2;232;218;219m%[38;2;255;250;251m@[38;2;225;226;224m%[38;2;46;47;45m:[38;2;87;89;92m-[38;2;204;206;209m#[38;2;235;235;237m%[38;2;232;232;234m%[38;2;192;192;194m#[38;2;107;107;109m=[38;2;227;227;231m%[38;2;228;228;232m%[38;2;228;228;232m%[38;2;226;226;230m%[38;2;225;225;229m%[38;2;224;224;228m%[38;2;228;228;232m%[38;2;230;230;234m%[38;2;227;229;232m%[38;2;185;187;190m#[38;2;175;177;180m*[38;2;175;177;180m*[38;2;169;171;172m*[38;2;175;177;178m*[38;2;165;154;152m*[38;2;170;159;157m*[0m
[38;2;251;221;215m%[38;2;117;87;81m-[38;2;185;87;88m=[38;2;183;85;86m=[38;2;175;134;136m+[38;2;255;239;241m@[38;2;87;89;88m-[38;2;22;24;23m.[38;2;162;160;161m*[38;2;200;198;199m#[38;2;178;176;177m*[38;2;207;205;206m#[38;2;221;221;225m%[38;2;198;198;202m#[38;2;215;215;219m%[38;2;223;223;227m%[38;2;221;223;226m%[38;2;214;216;219m%[38;2;215;217;220m%[38;2;218;220;223m%[38;2;223;223;227m%[38;2;228;228;232m%[38;2;224;226;229m%[38;2;172;174;177m*[38;2;189;191;192m#[38;2;198;200;201m#[38;2;176;176;178m*[38;2;191;191;193m#[38;2;194;177;174m*[38;2;171;154;151m*[0m
[38;2;227;190;188m#[38;2;94;57;55m:[38;2;169;63;56m-[38;2;174;68;61m-[38;2;141;91;88m=[38;2;255;214;211m%[38;2;19;24;22m.[38;2;17;22;20m.[38;2;84;83;82m-[38;2;121;120;119m=[38;2;50;51;47m:[38;2;58;59;55m:[38;2;149;149;149m+[38;2;195;195;195m#[38;2;201;185;187m#[38;2;192;176;178m*[38;2;206;176;176m*[38;2;214;184;184m#[38;2;215;217;220m%[38;2;222;224;227m%[38;2;225;227;230m%[38;2;226;228;231m%[38;2;227;227;229m%[38;2;111;111;113m=[38;2;112;115;112m=[38;2;93;96;93m-[38;2;89;90;88m-[38;2;108;109;107m=[38;2;104;99;97m=[38;2;147;142;140m+[0m
[38;2;253;244;243m@[38;2;220;211;210m%[38;2;167;89;88m=[38;2;240;162;161m*[38;2;242;238;239m%[38;2;190;186;187m#[38;2;19;24;22m.[38;2;22;27;25m.[38;2;29;32;29m.[38;2;33;36;33m.[38;2;17;23;19m.[38;2;18;24;20m.[38;2;39;42;39m.[38;2;61;64;61m:[38;2;51;42;39m:[38;2;59;50;47m:[38;2;111;81;79m-[38;2;204;174;172m*[38;2;222;222;226m%[38;2;225;225;229m%[38;2;228;230;233m%[38;2;229;231;234m%[38;2;226;228;229m%[38;2;114;116;117m=[38;2;30;36;32m.[38;2;29;35;31m.[38;2;39;42;39m.[38;2;106;109;106m=[38;2;157;159;160m*[38;2;196;198;199m#[0m
