[38;2;95;61;55m:[38;2;99;64;57m-[38;2;102;67;60m-[38;2;100;67;61m-[38;2;103;69;63m-[38;2;105;69;62m-[38;2;105;70;63m-[38;2;108;70;64m-[38;2;110;72;64m-[38;2;107;73;67m-[38;2;108;77;73m-[38;2;108;76;72m-[38;2;105;73;69m-[38;2;102;69;63m-[38;2;104;66;59m-[38;2;103;67;59m-[38;2;104;69;62m-[38;2;114;79;73m-[38;2;138;101;92m=[38;2;133;99;91m=[38;2;113;85;80m-[38;2;109;84;80m-[38;2;111;87;84m-[38;2;108;86;83m-[38;2;111;87;84m-[38;2;109;85;80m-[38;2;102;77;71m-[38;2;98;72;66m-[38;2;85;57;51m:[38;2;82;55;49m:[0m
[38;2;94;62;56m:[38;2;99;66;60m-[38;2;107;70;63m-[38;2;104;69;64m-[38;2;107;73;69m-[38;2;109;75;69m-[38;2;113;80;75m-[38;2;116;81;76m-[38;2;118;84;79m-[38;2;123;95;94m=[38;2;122;94;93m=[38;2;122;89;85m-[38;2;118;90;88m-[38;2;110;82;79m-[38;2;100;67;60m-[38;2;100;67;59m-[38;2;102;68;60m-[38;2;112;75;66m-[38;2;145;105;95m=[38;2;158;119;108m=[38;2;144;106;97m=[38;2;141;103;95m=[38;2;142;104;97m=[38;2;139;106;100m=[38;2;124;90;83m-[38;2;107;74;68m-[38;2;105;71;65m-[38;2;101;69;63m-[38;2;85;57;52m:[38;2;80;55;48m:[0m
[38;2;104;68;61m-[38;2;110;74;68m-[38;2;115;79;73m-[38;2;114;80;74m-[38;2;116;82;76m-[38;2;118;82;77m-[38;2;119;84;79m-[38;2;124;86;82m-[38;2;122;84;80m-[38;2;116;82;77m-[38;2;117;84;79m-[38;2;118;85;80m-[38;2;115;83;80m-[38;2;111;78;73m-[38;2;107;70;62m-[38;2;108;71;63m-[38;2;109;72;64m-[38;2;112;76;69m-[38;2;127;92;84m-[38;2;141;104;94m=[38;2;136;98;92m=[38;2;123;95;100m=[38;2;126;93;90m=[38;2;147;111;104m=[38;2;137;106;102m=[38;2;115;89;85m-[38;2;112;85;79m-[38;2;109;80;74m-[38;2;95;64;57m:[38;2;92;61;53m:[0m
[38;2;99;68;62m-[38;2;106;71;65m-[38;2;115;79;73m-[38;2;111;78;73m-[38;2;115;83;78m-[38;2;116;85;79m-[38;2;118;88;83m-[38;2;125;89;85m-[38;2;125;85;82m-[38;2;117;87;83m-[38;2;117;92;87m-[38;2;122;94;88m=[38;2;116;91;87m-[38;2;110;83;77m-[38;2;107;70;61m-[38;2;108;71;62m-[38;2;109;73;64m-[38;2;114;78;69m-[38;2;118;81;72m-[38;2;152;115;106m=[38;2;69;58;84m:[38;2;58;56;104m:[38;2;50;45;86m:[38;2;55;48;69m:[38;2;122;94;87m=[38;2;139;106;102m=[38;2;121;87;81m-[38;2;109;74;68m-[38;2;91;64;59m:[38;2;86;60;55m:[0m
[38;2;104;71;65m-[38;2;109;75;69m-[38;2;115;78;73m-[38;2;117;80;75m-[38;2;121;85;82m-[38;2;125;88;85m-[38;2;127;89;86m-[38;2;134;89;88m-[38;2;140;90;90m=[38;2;132;97;95m=[38;2;134;104;103m=[38;2;138;110;109m=[38;2;132;101;99m=[38;2;125;90;85m-[38;2;117;75;67m-[38;2;119;77;69m-[38;2;121;81;72m-[38;2;133;93;86m=[38;2;153;115;106m=[38;2;109;84;91m-[38;2;55;50;94m:[38;2;67;64;116m:[38;2;61;57;105m:[38;2;49;44;83m:[38;2;41;35;47m.[38;2;145;110;102m=[38;2;124;92;85m-[38;2;122;90;83m-[38;2;131;94;89m=[38;2;126;93;90m=[0m
[38;2;97;67;62m-[38;2;104;71;66m-[38;2;112;79;72m-[38;2;107;75;69m-[38;2;112;80;74m-[38;2;114;82;77m-[38;2;114;82;77m-[38;2;119;82;77m-[38;2;122;80;76m-[38;2;114;83;78m-[38;2;111;85;80m-[38;2;120;91;86m-[38;2;116;88;85m-[38;2;114;83;77m-[38;2;123;79;69m-[38;2;120;77;67m-[38;2;118;77;67m-[38;2;125;84;75m-[38;2;151;114;105m=[38;2;71;58;81m:[38;2;61;56;104m:[38;2;72;68;122m-[38;2;67;63;113m:[38;2;55;49;92m:[38;2;39;35;61m.[38;2;71;52;50m:[38;2;116;79;72m-[38;2;115;79;72m-[38;2;124;97;94m=[38;2;141;108;104m=[0m
[38;2;113;74;68m-[38;2;117;78;72m-[38;2;124;85;79m-[38;2;124;88;83m-[38;2;126;90;84m-[38;2;130;94;89m=[38;2;135;96;92m=[38;2;141;94;93m=[38;2;147;92;94m=[38;2;140;104;102m=[38;2;142;115;113m=[38;2;145;121;119m=[38;2;135;103;99m=[38;2;128;94;88m=[38;2;115;79;72m-[38;2;116;79;71m-[38;2;119;84;76m-[38;2;112;82;75m-[38;2;73;58;55m:[38;2;49;43;71m:[38;2;64;59;106m:[38;2;75;71;125m-[38;2;68;64;116m:[38;2;57;52;96m:[38;2;42;38;68m.[38;2;36;32;55m.[38;2;55;47;45m:[38;2;101;75;70m-[38;2;136;103;98m=[38;2;140;102;96m=[0m
[38;2;109;74;67m-[38;2;112;75;68m-[38;2;121;83;75m-[38;2;118;81;74m-[38;2;121;84;77m-[38;2;124;87;79m-[38;2;125;86;79m-[38;2;126;83;78m-[38;2;124;81;78m-[38;2;123;88;82m-[38;2;120;89;84m-[38;2;148;124;120m+[38;2;137;107;103m=[38;2;122;85;78m-[38;2;124;81;70m-[38;2;123;80;69m-[38;2;126;91;82m-[38;2;29;27;27m.[38;2;42;41;45m.[38;2;49;44;72m:[38;2;65;59;107m:[38;2;76;71;125m-[38;2;72;68;121m-[38;2;57;51;95m:[38;2;45;40;73m:[38;2;53;48;89m:[38;2;25;25;31m.[38;2;22;22;22m.[38;2;126;97;93m=[38;2;149;113;106m=[0m
[38;2;113;78;72m-[38;2;120;80;74m-[38;2;130;89;83m-[38;2;128;89;83m-[38;2;131;93;87m=[38;2;135;97;92m=[38;2;140;101;97m=[38;2;147;102;100m=[38;2;148;100;100m=[38;2;145;112;110m=[38;2;144;118;116m=[38;2;159;134;132m+[38;2;148;120;117m=[38;2;141;108;103m=[38;2;130;91;81m-[38;2;136;96;88m=[38;2;93;74;70m-[38;2;52;52;56m:[38;2;63;63;67m:[38;2;47;42;71m:[38;2;60;55;99m:[38;2;75;71;125m-[38;2;72;68;121m-[38;2;62;57;104m:[38;2;54;49;90m:[38;2;55;51;94m:[38;2;44;41;62m:[38;2;41;41;46m.[38;2;128;99;97m=[38;2;120;89;86m-[0m
[38;2;119;79;72m-[38;2;124;80;73m-[38;2;127;86;78m-[38;2;130;89;81m-[38;2;129;89;82m-[38;2;132;91;85m=[38;2;132;92;85m=[38;2;137;90;86m=[38;2;139;87;85m-[38;2;133;97;93m=[38;2;130;100;96m=[38;2;133;104;100m=[38;2;125;92;88m-[38;2;124;88;81m-[38;2;125;82;71m-[38;2;126;83;72m-[38;2;47;37;35m.[38;2;59;59;63m:[38;2;77;84;86m-[38;2;58;52;83m:[38;2;60;56;99m:[38;2;68;64;111m:[38;2;63;58;96m:[38;2;47;44;70m:[38;2;35;32;43m.[38;2;43;41;52m.[38;2;69;69;76m:[38;2;55;55;60m:[38;2;130;100;94m=[38;2;146;110;100m=[0m
[38;2;116;81;75m-[38;2;122;84;78m-[38;2;127;88;82m-[38;2;128;91;84m-[38;2;129;93;87m=[38;2;123;89;84m-[38;2;129;94;89m=[38;2;139;99;96m=[38;2;140;100;97m=[38;2;138;111;107m=[38;2;137;116;113m=[38;2;139;116;112m=[38;2;136;114;111m=[38;2;128;99;94m=[38;2;122;88;79m-[38;2;130;92;83m=[38;2;47;42;43m:[38;2;36;37;39m.[38;2;75;94;92m-[38;2;165;172;159m*[38;2;86;85;91m-[38;2;46;42;43m:[38;2;63;45;43m:[38;2;56;55;58m:[38;2;45;42;43m:[38;2;65;63;68m:[38;2;58;57;61m:[38;2;56;56;61m:[38;2;78;53;49m:[38;2;83;56;51m:[0m
[38;2;119;77;72m-[38;2;124;82;76m-[38;2;130;88;82m-[38;2;131;90;82m-[38;2;131;91;84m-[38;2;94;64;59m:[38;2;65;48;44m:[38;2;62;45;42m:[38;2;68;43;41m:[38;2;134;103;99m=[38;2;148;119;115m=[38;2;149;120;115m=[38;2;143;113;108m=[38;2;134;98;91m=[38;2;131;85;74m-[38;2;135;88;77m-[38;2;57;54;56m:[38;2;52;51;55m:[38;2;46;45;47m:[38;2;41;44;47m:[38;2;62;62;66m:[38;2;93;91;96m-[38;2;29;30;32m.[38;2;76;76;80m-[38;2;111;110;116m=[38;2;73;73;77m-[38;2;27;28;30m.[38;2;41;42;46m.[38;2;84;55;52m:[38;2;90;58;54m:[0m
[38;2;113;77;72m-[38;2;120;82;75m-[38;2;126;86;80m-[38;2;125;86;79m-[38;2;80;61;58m:[38;2;52;49;51m:[38;2;34;28;26m.[38;2;48;37;33m.[38;2;25;24;24m.[38;2;45;35;31m.[38;2;134;103;97m=[38;2;134;107;101m=[38;2;128;98;93m=[38;2;125;90;83m-[38;2;125;85;74m-[38;2;129;86;75m-[38;2;52;52;54m:[38;2;45;45;48m:[38;2;57;54;55m:[38;2;19;20;21m.[38;2;25;25;27m.[38;2;29;30;31m.[38;2;48;49;53m:[38;2;30;30;32m.[38;2;42;35;38m.[38;2;22;22;23m.[38;2;19;20;21m.[38;2;43;44;48m:[38;2;86;60;57m:[38;2;86;57;52m:[0m
[38;2;121;81;75m-[38;2;126;84;78m-[38;2;135;91;86m=[38;2;125;88;82m-[38;2;55;49;50m:[38;2;50;49;52m:[38;2;10;10;9m [38;2;9;9;8m [38;2;38;37;39m.[38;2;15;15;15m.[38;2;88;67;63m-[38;2;142;110;104m=[38;2;139;107;102m=[38;2;135;98;92m=[38;2;121;82;72m-[38;2;105;73;64m-[38;2;34;34;37m.[38;2;62;62;66m:[38;2;29;29;31m.[38;2;18;18;19m.[38;2;20;20;21m.[38;2;29;29;32m.[38;2;34;34;36m.[38;2;37;31;33m.[38;2;54;42;45m:[38;2;15;15;16m.[38;2;21;22;24m.[38;2;57;59;64m:[38;2;86;60;57m:[38;2;84;52;46m:[0m
[38;2;115;77;71m-[38;2;125;83;76m-[38;2;106;74;69m-[38;2;38;35;37m.[38;2;29;29;31m.[38;2;56;55;59m:[38;2;28;27;28m.[38;2;31;30;31m.[38;2;43;43;46m:[38;2;18;18;18m.[38;2;35;34;34m.[38;2;99;75;70m-[38;2;122;89;83m-[38;2;124;88;80m-[38;2;129;88;78m-[38;2;106;74;65m-[38;2;32;33;35m.[38;2;46;46;49m:[38;2;27;24;24m.[38;2;18;19;20m.[38;2;24;25;26m.[38;2;50;50;53m:[38;2;62;62;66m:[38;2;75;73;77m-[38;2;29;29;31m.[38;2;18;18;19m.[38;2;26;27;29m.[38;2;60;61;65m:[38;2;90;62;59m:[38;2;88;54;47m:[0m
[38;2;119;82;76m-[38;2;123;87;82m-[38;2;44;40;42m.[38;2;36;36;40m.[38;2;21;21;23m.[38;2;25;25;26m.[38;2;74;72;78m-[38;2;62;61;65m:[38;2;15;15;15m.[38;2;19;19;19m.[38;2;34;34;37m.[38;2;44;38;37m.[38;2;132;104;99m=[38;2;128;98;91m=[38;2;117;86;78m-[38;2;99;73;67m-[38;2;39;39;41m.[38;2;41;41;44m.[38;2;26;25;25m.[38;2;28;28;31m.[38;2;29;29;32m.[38;2;47;47;51m:[38;2;57;58;61m:[38;2;67;67;71m:[38;2;47;46;50m:[38;2;26;27;29m.[38;2;22;23;25m.[38;2;62;63;68m:[38;2;91;64;61m:[38;2;89;57;51m:[0m
[38;2;115;78;74m-[38;2;108;77;72m-[38;2;31;31;34m.[38;2;37;36;41m.[38;2;29;29;32m.[38;2;11;10;9m [38;2;13;13;12m [38;2;12;12;12m [38;2;17;14;13m.[38;2;28;28;31m.[38;2;32;32;35m.[38;2;32;28;28m.[38;2;122;94;89m=[38;2;122;91;85m-[38;2;115;83;75m-[38;2;83;61;55m:[38;2;66;66;69m:[38;2;39;39;41m.[38;2;19;19;21m.[38;2;21;22;24m.[38;2;39;39;43m.[38;2;60;59;64m:[38;2;55;54;58m:[38;2;58;58;63m:[38;2;55;55;61m:[38;2;28;28;30m.[38;2;25;26;28m.[38;2;60;61;65m:[38;2;88;57;53m:[38;2;94;60;53m:[0m
[38;2;114;81;76m-[38;2;116;82;76m-[38;2;28;28;31m.[38;2;31;31;34m.[38;2;30;31;34m.[38;2;64;55;57m:[38;2;116;90;87m-[38;2;99;76;74m-[38;2;55;56;61m:[38;2;32;32;35m.[38;2;29;29;32m.[38;2;38;31;30m.[38;2;119;87;80m-[38;2;122;89;81m-[38;2;120;91;83m-[38;2;91;69;64m-[38;2;75;74;77m-[38;2;33;33;36m.[38;2;16;17;18m.[38;2;25;26;29m.[38;2;24;24;27m.[38;2;53;53;57m:[38;2;66;66;71m:[38;2;87;86;90m-[38;2;40;40;44m.[38;2;15;15;17m.[38;2;23;24;26m.[38;2;58;59;64m:[38;2;87;56;51m:[38;2;99;64;57m-[0m
[38;2;117;83;79m-[38;2;121;87;83m-[38;2;41;37;38m.[38;2;26;26;28m.[38;2;26;26;29m.[38;2;73;67;73m:[38;2;131;127;141m+[38;2;126;124;136m=[38;2;62;65;72m:[38;2;27;28;30m.[38;2;27;27;29m.[38;2;47;40;38m.[38;2;134;105;101m=[38;2;124;94;88m=[38;2;116;84;76m-[38;2;91;68;63m-[38;2;79;78;82m-[38;2;34;34;37m.[38;2;16;17;17m.[38;2;25;26;29m.[38;2;41;41;45m.[38;2;41;41;44m.[38;2;56;55;59m:[38;2;77;76;81m-[38;2;20;20;22m.[38;2;17;17;19m.[38;2;29;30;33m.[38;2;69;69;74m:[38;2;87;53;47m:[38;2;100;60;53m:[0m
[38;2;103;71;66m-[38;2;104;73;68m-[38;2;50;42;42m:[38;2;28;28;31m.[38;2;23;23;25m.[38;2;149;105;97m=[38;2;129;136;154m+[38;2;121;131;148m+[38;2;75;78;86m-[38;2;22;23;25m.[38;2;28;28;30m.[38;2;59;47;45m:[38;2;120;91;86m-[38;2;126;94;87m=[38;2;134;94;84m=[38;2;108;77;69m-[38;2;90;90;94m-[38;2;36;36;39m.[38;2;66;64;72m:[38;2;48;47;53m:[38;2;54;54;59m:[38;2;60;61;67m:[38;2;67;67;73m:[38;2;59;60;67m:[38;2;57;56;64m:[38;2;60;57;67m:[38;2;45;46;50m:[38;2;66;65;69m:[38;2;88;56;49m:[38;2;103;65;58m-[0m
[38;2;102;71;67m-[38;2;106;76;71m-[38;2;61;49;48m:[38;2;27;28;30m.[38;2;22;22;25m.[38;2;114;89;95m-[38;2;134;113;118m=[38;2;112;115;127m=[38;2;83;85;93m-[38;2;25;25;27m.[38;2;28;29;31m.[38;2;68;54;52m:[38;2;126;96;90m=[38;2;127;94;87m=[38;2;134;96;87m=[38;2;126;92;85m-[38;2;70;66;90m:[38;2;53;51;70m:[38;2;151;156;166m+[38;2;171;182;197m*[38;2;135;158;191m+[38;2;137;163;197m*[38;2;147;166;195m*[38;2;134;160;194m*[38;2;148;170;198m*[38;2;122;133;152m+[38;2;69;71;75m-[38;2;33;33;36m.[38;2;86;54;48m:[38;2;103;65;58m-[0m
[38;2;102;69;65m-[38;2;103;72;67m-[38;2;79;61;59m:[38;2;28;28;32m.[38;2;30;30;34m.[38;2;94;92;100m-[38;2;102;99;107m=[38;2;102;107;121m=[38;2;94;94;103m-[38;2;44;44;48m:[38;2;29;29;31m.[38;2;35;31;31m.[38;2;126;100;95m=[38;2;125;96;90m=[38;2;127;87;78m-[38;2;128;88;79m-[38;2;124;88;92m-[38;2;120;91;92m-[38;2;180;184;192m*[38;2;201;205;214m#[38;2;157;177;205m*[38;2;176;192;214m#[38;2;192;200;214m#[38;2;165;184;211m*[38;2;180;196;217m#[38;2;119;124;140m=[38;2;86;87;100m-[38;2;22;21;23m.[38;2;98;60;52m:[38;2;105;65;57m-[0m
[38;2;102;66;62m-[38;2;104;71;66m-[38;2;90;66;62m:[38;2;30;30;33m.[38;2;38;38;42m.[38;2;59;59;65m:[38;2;67;66;74m:[38;2;77;75;81m-[38;2;62;61;67m:[38;2;35;34;38m.[38;2;28;28;31m.[38;2;80;65;63m:[38;2;120;91;86m-[38;2;120;89;83m-[38;2;130;97;89m=[38;2;134;98;89m=[38;2;160;107;93m=[38;2;179;135;126m+[38;2;195;196;201m#[38;2;195;202;213m#[38;2;159;178;206m*[38;2;167;184;208m*[38;2;152;165;188m*[38;2;167;187;213m#[38;2;188;201;220m#[38;2;150;154;180m+[38;2;61;62;109m:[38;2;64;55;70m:[38;2;102;68;61m-[38;2;109;73;65m-[0m
[38;2;102;71;66m-[38;2;104;72;66m-[38;2;106;76;71m-[38;2;28;28;31m.[38;2;38;38;42m.[38;2;60;59;66m:[38;2;51;50;56m:[38;2;56;56;61m:[38;2;54;54;60m:[38;2;32;32;35m.[38;2;31;31;34m.[38;2;89;69;67m-[38;2;122;91;86m-[38;2;119;86;79m-[38;2;145;125;115m+[38;2;131;101;93m=[38;2;166;108;93m=[38;2;222;150;134m*[38;2;189;187;191m#[38;2;191;201;215m#[38;2;151;173;203m*[38;2;146;167;195m*[38;2;131;146;169m+[38;2;164;184;210m*[38;2;182;193;212m#[38;2;210;172;167m*[38;2;142;105;106m=[38;2;103;75;71m-[38;2;111;70;62m-[38;2;109;71;63m-[0m
[38;2;117;79;74m-[38;2;112;75;70m-[38;2;116;79;74m-[38;2;32;31;33m.[38;2;38;38;42m.[38;2;64;63;70m:[38;2;52;52;58m:[38;2;37;37;42m.[38;2;47;47;52m:[38;2;31;31;33m.[38;2;35;35;39m.[38;2;93;74;71m-[38;2;127;99;94m=[38;2;120;89;83m-[38;2;124;83;72m-[38;2;128;87;76m-[38;2;182;116;102m+[38;2;215;134;118m+[38;2;172;173;183m*[38;2;184;195;211m#[38;2;150;170;199m*[38;2;124;148;181m+[38;2;122;117;125m=[38;2;132;154;183m+[38;2;201;151;147m*[38;2;230;158;141m*[38;2;148;129;131m+[38;2;102;79;74m-[38;2;98;64;57m:[38;2;102;66;58m-[0m
[38;2;119;77;71m-[38;2;119;79;72m-[38;2;119;78;72m-[38;2;43;37;38m.[38;2;42;41;45m.[38;2;73;72;78m-[38;2;55;55;61m:[38;2;45;39;42m.[38;2;40;40;45m.[38;2;30;31;33m.[38;2;48;48;53m:[38;2;91;69;67m-[38;2;121;89;83m-[38;2;116;84;78m-[38;2;116;83;74m-[38;2;119;85;76m-[38;2;150;103;92m=[38;2;201;129;117m+[38;2;179;182;195m*[38;2;189;198;213m#[38;2;154;173;199m*[38;2;119;137;163m+[38;2;121;100;100m=[38;2;145;143;161m+[38;2;211;136;124m+[38;2;202;130;116m+[38;2;152;157;170m*[38;2;105;76;67m-[38;2;108;72;65m-[38;2;115;77;69m-[0m
[38;2;114;79;74m-[38;2;110;77;72m-[38;2;116;81;77m-[38;2;60;47;47m:[38;2;41;40;45m.[38;2;73;72;78m-[38;2;61;60;67m:[38;2;56;48;50m:[38;2;82;73;74m-[38;2;63;60;62m:[38;2;54;54;60m:[38;2;107;85;83m-[38;2;122;97;92m=[38;2;116;88;82m-[38;2;109;74;65m-[38;2;111;75;66m-[38;2;118;80;70m-[38;2;130;103;99m=[38;2;184;191;204m#[38;2;189;198;213m#[38;2;162;179;203m*[38;2;117;121;137m=[38;2;130;99;92m=[38;2;147;137;152m+[38;2;199;137;129m+[38;2;187;172;177m*[38;2;146;153;169m+[38;2;114;82;73m-[38;2;104;67;59m-[38;2;107;70;62m-[0m
[38;2;122;82;75m-[38;2;104;71;66m-[38;2;101;71;65m-[38;2;140;100;93m=[38;2;154;128;125m+[38;2;70;68;74m:[38;2;64;64;70m:[38;2;46;40;43m.[38;2;216;172;165m*[38;2;120;102;101m=[38;2;53;52;57m:[38;2;97;73;69m-[38;2;114;86;82m-[38;2;116;86;79m-[38;2;119;83;74m-[38;2;120;84;75m-[38;2;127;90;81m-[38;2;133;108;105m=[38;2;182;189;201m#[38;2;187;197;211m#[38;2;160;177;200m*[38;2;112;104;112m=[38;2;134;102;95m=[38;2;127;140;163m+[38;2;158;171;190m*[38;2;183;190;203m#[38;2;135;142;156m+[38;2;107;77;69m-[38;2;99;70;64m-[38;2;107;78;72m-[0m
[38;2;114;77;72m-[38;2;106;70;64m-[38;2;100;67;61m-[38;2;157;111;104m=[38;2;189;145;140m+[38;2;64;63;69m:[38;2;70;70;76m:[38;2;80;62;65m:[38;2;202;149;143m*[38;2;96;83;84m-[38;2;45;44;49m:[38;2;109;78;72m-[38;2;110;79;72m-[38;2;101;72;65m-[38;2;95;67;60m-[38;2;99;69;61m-[38;2;108;75;66m-[38;2;117;91;87m-[38;2;172;180;194m*[38;2;181;191;207m#[38;2;157;173;195m*[38;2;101;87;88m-[38;2;119;88;80m-[38;2;117;117;129m=[38;2;156;169;190m*[38;2;181;188;202m#[38;2;121;125;139m=[38;2;111;77;68m-[38;2;99;69;61m-[38;2;106;75;67m-[0m
[38;2;116;79;73m-[38;2;103;71;66m-[38;2;104;73;68m-[38;2;146;101;96m=[38;2;66;54;58m:[38;2;63;57;61m:[38;2;68;67;73m:[38;2;88;66;70m-[38;2;116;85;85m-[38;2;62;61;67m:[38;2;43;41;44m.[38;2;130;99;94m=[38;2;128;97;92m=[38;2;119;86;79m-[38;2;115;75;64m-[38;2;119;78;67m-[38;2;122;82;72m-[38;2;124;86;76m-[38;2;160;170;186m*[38;2;177;186;203m#[38;2;138;156;181m+[38;2;110;85;81m-[38;2;132;99;91m=[38;2;121;108;112m=[38;2;152;166;187m*[38;2;187;194;208m#[38;2;111;116;130m=[38;2;99;76;69m-[38;2;96;65;58m-[38;2;102;69;61m-[0m
