[38;2;0;0;0m [38;2;0;0;0m [38;2;0;0;0m [38;2;0;0;0m [38;2;0;0;0m [38;2;0;0;0m [38;2;0;0;0m [38;2;0;0;0m [38;2;0;0;0m [38;2;0;0;0m [38;2;0;0;0m [38;2;0;0;0m [38;2;0;0;0m [38;2;0;0;0m [38;2;0;0;0m [38;2;0;0;0m [38;2;0;0;0m [38;2;0;0;0m [38;2;0;0;0m [38;2;0;0;0m [38;2;0;0;0m [38;2;0;0;0m [38;2;0;0;0m [38;2;0;0;0m [38;2;0;0;0m [38;2;0;0;0m [38;2;0;0;0m [38;2;14;14;14m [38;2;74;79;77m-[38;2;138;143;141m+[0m
[38;2;0;0;0m [38;2;0;0;0m [38;2;0;0;0m [38;2;0;0;0m [38;2;0;0;0m [38;2;0;0;0m [38;2;0;0;0m [38;2;0;0;0m [38;2;0;0;0m [38;2;0;0;0m [38;2;0;0;0m [38;2;0;0;0m [38;2;0;0;0m [38;2;0;0;0m [38;2;0;0;0m [38;2;0;0;0m [38;2;0;0;0m [38;2;0;0;0m [38;2;0;0;0m [38;2;0;0;0m [38;2;0;0;0m [38;2;0;0;0m [38;2;0;0;0m [38;2;2;2;2m [38;2;22;24;23m.[38;2;64;66;65m:[38;2;154;156;155m+[38;2;213;215;214m%[38;2;203;209;207m#[38;2;191;197;195m#[0m
[38;2;49;49;49m:[38;2;3;3;3m [38;2;0;0;0m [38;2;0;0;0m [38;2;0;0;0m [38;2;0;0;0m [38;2;0;0;0m [38;2;0;0;0m [38;2;0;0;0m [38;2;0;0;0m [38;2;0;0;0m [38;2;0;0;0m [38;2;0;0;0m [38;2;0;0;0m [38;2;0;0;0m [38;2;0;0;0m [38;2;0;0;0m [38;2;0;0;0m [38;2;0;0;0m [38;2;0;0;0m [38;2;0;0;0m [38;2;25;25;25m.[38;2;130;132;131m+[38;2;206;208;207m#[38;2;224;226;225m%[38;2;220;222;221m%[38;2;213;218;216m%[38;2;203;208;206m#[38;2;194;200;198m#[38;2;195;201;199m#[0m
[38;2;227;230;227m%[38;2;200;203;200m#[38;2;146;148;147m+[38;2;71;73;72m-[38;2;0;0;0m [38;2;0;0;0m [38;2;0;0;0m [38;2;0;0;0m [38;2;0;0;0m [38;2;0;0;0m [38;2;0;0;0m [38;2;0;0;0m [38;2;0;0;0m [38;2;0;0;0m [38;2;0;0;0m [38;2;0;0;0m [38;2;0;0;0m [38;2;0;0;0m [38;2;0;0;0m [38;2;0;0;0m [38;2;43;45;44m:[38;2;209;211;210m#[38;2;211;216;214m%[38;2;211;216;214m%[38;2;206;212;210m#[38;2;206;212;210m#[38;2;200;206;204m#[38;2;192;198;196m#[38;2;187;196;193m#[38;2;193;202;199m#[0m
[38;2;217;219;218m%[38;2;222;224;223m%[38;2;209;214;212m%[38;2;215;220;218m%[38;2;147;147;147m+[38;2;16;16;16m.[38;2;0;0;0m [38;2;0;0;0m [38;2;0;0;0m [38;2;0;0;0m [38;2;0;0;0m [38;2;0;0;0m [38;2;15;12;1m [38;2;75;72;61m-[38;2;139;125;92m=[38;2;145;131;98m+[38;2;130;117;87m=[38;2;93;80;50m-[38;2;20;19;16m.[38;2;44;43;40m:[38;2;214;219;217m%[38;2;205;210;208m#[38;2;183;192;189m#[38;2;191;200;197m#[38;2;194;200;198m#[38;2;195;201;199m#[38;2;184;191;187m#[38;2;183;190;186m#[38;2;187;196;193m#[38;2;202;211;208m#[0m
[38;2;213;218;216m%[38;2;208;213;211m#[38;2;212;217;215m%[38;2;205;210;208m#[38;2;214;216;215m%[38;2;207;209;208m#[38;2;65;65;65m:[38;2;0;0;0m [38;2;0;0;0m [38;2;0;0;0m [38;2;0;1;0m [38;2;20;21;19m.[38;2;149;150;138m+[38;2;206;207;195m#[38;2;217;220;217m%[38;2;217;220;217m%[38;2;198;188;165m#[38;2;192;182;159m*[38;2;171;165;145m*[38;2;182;176;156m*[38;2;218;224;222m%[38;2;176;182;180m*[38;2;183;189;187m#[38;2;198;204;202m#[38;2;195;202;198m#[38;2;189;196;192m#[38;2;185;194;191m#[38;2;186;195;192m#[38;2;188;197;194m#[38;2;195;204;201m#[0m
[38;2;213;218;216m%[38;2;210;215;213m%[38;2;203;208;206m#[38;2;188;193;191m#[38;2;174;181;177m*[38;2;206;213;209m#[38;2;223;225;224m%[38;2;46;48;47m:[38;2;0;0;0m [38;2;0;0;0m [38;2;3;3;0m [38;2;138;138;128m+[38;2;180;186;180m#[38;2;159;165;159m*[38;2;188;191;188m#[38;2;214;217;214m%[38;2;221;224;221m%[38;2;208;211;208m#[38;2;195;198;193m#[38;2;178;181;176m*[38;2;185;194;191m#[38;2;159;168;165m*[38;2;188;194;192m#[38;2;190;196;194m#[38;2;180;190;185m#[38;2;179;189;184m#[38;2;183;192;189m#[38;2;189;198;195m#[38;2;198;207;208m#[38;2;200;209;210m#[0m
[38;2;195;201;197m#[38;2;200;206;202m#[38;2;192;199;195m#[38;2;191;198;194m#[38;2;169;179;174m*[38;2;178;188;183m#[38;2;212;214;213m%[38;2;167;169;168m*[38;2;0;0;0m [38;2;0;0;0m [38;2;69;72;69m-[38;2;197;200;197m#[38;2;179;183;173m*[38;2;59;63;53m:[38;2;80;82;71m-[38;2;187;189;178m#[38;2;211;214;209m%[38;2;151;154;149m+[38;2;112;118;110m=[38;2;141;147;139m+[38;2;154;164;159m*[38;2;165;175;170m*[38;2;188;197;194m#[38;2;185;194;191m#[38;2;173;182;179m*[38;2;184;193;190m#[38;2;177;186;183m*[38;2;189;198;195m#[38;2;200;209;210m#[38;2;201;210;211m#[0m
[38;2;169;178;175m*[38;2;187;196;193m#[38;2;189;196;192m#[38;2;194;201;197m#[38;2;172;182;177m*[38;2;164;174;169m*[38;2;183;188;186m#[38;2;223;228;226m%[38;2;50;50;50m:[38;2;0;0;0m [38;2;140;146;142m+[38;2;202;208;204m#[38;2;223;226;223m%[38;2;126;129;126m+[38;2;90;90;80m-[38;2;194;194;184m#[38;2;184;187;180m#[38;2;55;58;51m:[38;2;49;52;47m:[38;2;168;171;166m*[38;2;158;168;163m*[38;2;159;169;164m*[38;2;190;199;196m#[38;2;177;186;183m*[38;2;167;176;173m*[38;2;167;176;173m*[38;2;185;194;193m#[38;2;199;208;207m#[38;2;202;211;212m#[38;2;208;217;218m%[0m
[38;2;137;147;140m+[38;2;148;158;151m+[38;2;192;201;198m#[38;2;196;205;202m#[38;2;172;182;177m*[38;2;157;167;162m*[38;2;160;166;164m*[38;2;208;214;212m%[38;2;151;154;151m+[38;2;23;26;23m.[38;2;179;185;181m*[38;2;205;211;207m#[38;2;225;227;226m%[38;2;228;230;229m%[38;2;192;189;174m#[38;2;156;153;138m+[38;2;152;153;139m+[38;2;155;156;142m+[38;2;211;213;212m%[38;2;217;219;218m%[38;2;177;186;183m*[38;2;174;183;180m*[38;2;174;183;180m*[38;2;159;168;165m*[38;2;165;174;171m*[38;2;189;198;195m#[38;2;199;208;207m#[38;2;197;206;205m#[38;2;204;213;214m#[38;2;198;207;208m#[0m
[38;2;132;142;135m+[38;2;138;148;141m+[38;2;178;187;184m#[38;2;182;191;188m#[38;2;177;187;182m#[38;2;152;162;157m*[38;2;151;161;156m*[38;2;192;202;197m#[38;2;226;229;226m%[38;2;116;119;116m=[38;2;178;184;182m*[38;2;195;201;199m#[38;2;216;219;216m%[38;2;223;226;223m%[38;2;220;215;197m%[38;2;118;113;95m=[38;2;130;128;110m=[38;2;203;201;183m#[38;2;223;226;223m%[38;2;208;211;208m#[38;2;171;180;177m*[38;2;162;171;168m*[38;2;160;172;166m*[38;2;139;151;145m+[38;2;170;179;178m*[38;2;187;196;195m#[38;2;186;195;194m#[38;2;203;212;211m#[38;2;193;202;203m#[38;2;206;215;216m%[0m
[38;2;155;167;161m*[38;2;136;148;142m+[38;2;138;147;144m+[38;2;180;189;186m#[38;2;181;190;187m#[38;2;164;173;170m*[38;2;158;167;164m*[38;2;169;178;175m*[38;2;218;224;220m%[38;2;175;181;177m*[38;2;165;176;174m*[38;2;166;177;175m*[38;2;179;182;175m*[38;2;206;209;202m#[38;2;222;224;213m%[38;2;158;160;149m*[38;2;154;156;147m+[38;2;218;220;211m%[38;2;215;218;215m%[38;2;201;204;201m#[38;2;187;198;196m#[38;2;160;171;169m*[38;2;133;145;139m+[38;2;137;149;143m+[38;2;153;164;160m*[38;2;175;186;182m*[38;2;190;199;198m#[38;2;179;188;187m#[38;2;206;215;214m%[38;2;192;201;200m#[0m
[38;2;167;179;173m*[38;2;113;125;119m=[38;2;112;124;118m=[38;2;164;176;170m*[38;2;173;183;178m*[38;2;146;156;151m+[38;2;139;151;145m+[38;2;152;164;158m*[38;2;189;199;194m#[38;2;137;147;142m+[38;2;137;149;147m+[38;2;165;177;175m*[38;2;108;115;102m=[38;2;91;98;85m-[38;2;120;124;112m=[38;2;153;157;145m+[38;2;177;180;173m*[38;2;182;185;178m*[38;2;168;174;168m*[38;2;180;186;180m#[38;2;177;188;186m#[38;2;153;164;162m*[38;2;124;134;127m+[38;2;121;131;124m+[38;2;170;181;177m*[38;2;147;158;154m+[38;2;179;190;190m#[38;2;191;202;202m#[38;2;165;176;174m*[38;2;198;209;207m#[0m
[38;2;146;158;152m+[38;2;99;111;105m=[38;2;84;96;90m-[38;2;149;161;155m*[38;2;155;167;161m*[38;2;130;142;136m+[38;2;134;146;140m+[38;2;128;140;134m+[38;2;148;160;154m*[38;2;98;110;104m=[38;2;112;124;122m=[38;2;157;169;167m*[38;2;147;157;150m+[38;2;94;104;97m=[38;2;71;79;64m-[38;2;74;82;67m-[38;2;81;89;74m-[38;2;93;101;86m-[38;2;127;137;132m+[38;2;183;193;188m#[38;2;160;171;169m*[38;2;152;163;161m*[38;2;109;121;115m=[38;2;144;156;150m+[38;2;139;150;148m+[38;2;183;194;192m#[38;2;137;148;144m+[38;2;172;183;179m*[38;2;195;204;203m#[38;2;152;161;160m*[0m
[38;2;127;139;133m+[38;2;116;128;122m=[38;2;79;91;83m-[38;2;125;137;129m+[38;2;147;159;155m*[38;2;135;147;143m+[38;2;117;127;120m=[38;2;102;112;105m=[38;2;105;115;106m=[38;2;75;85;76m-[38;2;80;92;86m-[38;2;159;171;165m*[38;2;187;198;198m#[38;2;172;183;183m*[38;2;140;151;147m+[38;2;137;148;144m+[38;2;134;143;140m+[38;2;165;174;171m*[38;2;185;194;193m#[38;2;192;201;200m#[38;2;156;168;166m*[38;2;146;158;156m+[38;2;115;126;122m=[38;2;163;174;170m*[38;2;149;158;155m*[38;2;156;165;162m*[38;2;184;195;191m#[38;2;122;133;129m+[38;2;152;163;163m*[38;2;194;205;205m#[0m
[38;2;157;168;166m*[38;2;196;207;205m#[38;2;173;179;175m*[38;2;192;198;194m#[38;2;206;212;210m#[38;2;189;195;193m#[38;2;165;171;167m*[38;2;186;192;188m#[38;2;175;181;177m*[38;2;162;168;164m*[38;2;187;192;190m#[38;2;215;220;218m%[38;2;209;214;212m%[38;2;215;220;218m%[38;2;203;212;209m#[38;2;163;172;169m*[38;2;177;186;185m*[38;2;174;183;182m*[38;2;177;188;186m#[38;2;174;185;183m*[38;2;166;178;176m*[38;2;134;146;144m+[38;2;152;164;164m*[38;2;170;182;182m*[38;2;188;198;193m#[38;2;122;132;127m+[38;2;160;171;171m*[38;2;181;192;192m#[38;2;104;114;107m=[38;2;118;128;121m=[0m
[38;2;153;162;161m*[38;2;207;216;215m%[38;2;207;209;208m#[38;2;215;217;216m%[38;2;219;225;221m%[38;2;171;177;173m*[38;2;108;114;106m=[38;2;155;161;153m*[38;2;174;177;174m*[38;2;188;191;188m#[38;2;198;201;198m#[38;2;239;242;239m@[38;2;209;214;212m%[38;2;210;215;213m%[38;2;223;229;227m%[38;2;152;158;156m*[38;2;147;157;152m+[38;2;146;156;151m+[38;2;145;157;151m+[38;2;139;151;145m+[38;2;139;151;147m+[38;2;135;147;143m+[38;2;176;187;187m#[38;2;186;197;197m#[38;2;178;187;186m#[38;2;166;175;174m*[38;2;99;111;105m=[38;2;151;163;157m*[38;2;171;182;178m*[38;2;93;104;100m=[0m
[38;2;153;165;163m*[38;2;181;193;191m#[38;2;148;158;153m+[38;2;116;126;121m=[38;2;139;148;145m+[38;2;138;147;144m+[38;2;110;117;109m=[38;2;89;96;88m-[38;2;99;105;97m=[38;2;105;111;103m=[38;2;101;107;99m=[38;2;93;99;91m-[38;2;109;116;110m=[38;2;127;134;128m+[38;2;138;148;141m+[38;2;114;124;117m=[38;2;110;120;111m=[38;2;122;132;123m+[38;2;126;136;129m+[38;2;122;132;125m+[38;2;135;147;145m+[38;2;159;171;169m*[38;2;185;196;196m#[38;2;190;201;201m#[38;2;173;184;184m*[38;2;179;190;190m#[38;2;140;147;143m+[38;2;35;42;38m.[38;2;69;78;79m-[38;2;56;65;66m:[0m
[38;2;163;175;175m*[38;2;177;189;189m#[38;2;152;163;159m*[38;2;117;128;124m=[38;2;118;129;125m=[38;2;151;162;158m*[38;2;134;144;137m+[38;2;91;101;94m-[38;2;90;96;88m-[38;2;97;103;95m=[38;2;94;100;92m-[38;2;62;68;60m:[38;2;56;63;52m:[38;2;68;75;64m-[38;2;81;89;78m-[38;2;87;95;84m-[38;2;94;104;95m=[38;2;108;118;109m=[38;2;122;132;123m+[38;2;107;117;108m=[38;2;148;160;158m*[38;2;170;182;180m*[38;2;193;204;204m#[38;2;183;194;194m#[38;2;179;191;191m#[38;2;147;159;159m*[38;2;127;133;131m+[38;2;9;15;13m [38;2;0;0;0m [38;2;0;0;0m [0m
[38;2;159;171;171m*[38;2;175;187;187m#[38;2;168;180;178m*[38;2;150;162;160m*[38;2;108;118;113m=[38;2;133;143;138m+[38;2;135;147;143m+[38;2;112;124;120m=[38;2;69;79;70m-[38;2;66;76;67m-[38;2;72;79;71m-[38;2;56;63;55m:[38;2;47;54;43m:[38;2;52;59;48m:[38;2;64;71;58m:[38;2;76;83;70m-[38;2;83;91;80m-[38;2;93;101;90m-[38;2;106;116;109m=[38;2;125;135;128m+[38;2;147;159;157m*[38;2;147;159;157m*[38;2;189;200;200m#[38;2;180;191;191m#[38;2;168;180;180m*[38;2;133;145;145m+[38;2;45;47;46m:[38;2;0;1;0m [38;2;0;0;0m [38;2;0;0;0m [0m
[38;2;165;177;177m*[38;2;171;183;183m*[38;2;172;184;184m*[38;2;162;174;174m*[38;2;130;140;135m+[38;2;102;112;107m=[38;2;145;160;159m*[38;2;124;139;138m+[38;2;89;99;92m-[38;2;62;72;65m:[38;2;72;79;71m-[38;2;55;62;54m:[38;2;53;59;51m:[38;2;67;73;65m-[38;2;76;83;75m-[38;2;91;98;90m-[38;2;105;115;108m=[38;2;122;132;125m+[38;2;121;131;124m+[38;2;108;118;111m=[38;2;129;141;139m+[38;2;170;182;180m*[38;2;154;165;163m*[38;2;181;192;190m#[38;2;157;166;163m*[38;2;49;58;55m:[38;2;0;0;0m [38;2;0;0;0m [38;2;0;0;0m [38;2;0;0;0m [0m
[38;2;156;168;166m*[38;2;154;166;164m*[38;2;163;178;177m*[38;2;152;167;166m*[38;2;131;143;137m+[38;2;94;106;100m=[38;2;131;146;143m+[38;2;107;122;119m=[38;2;91;101;94m-[38;2;59;69;62m:[38;2;71;78;70m-[38;2;52;59;51m:[38;2;50;56;48m:[38;2;60;66;58m:[38;2;76;84;73m-[38;2;90;98;87m-[38;2;110;120;111m=[38;2;120;130;121m=[38;2;105;116;104m=[38;2;99;110;98m=[38;2;125;137;135m+[38;2;182;194;192m#[38;2;162;173;169m*[38;2;134;145;141m+[38;2;111;117;117m=[38;2;14;20;20m.[38;2;0;0;0m [38;2;0;0;0m [38;2;0;0;0m [38;2;0;0;0m [0m
[38;2;133;145;143m+[38;2;161;173;171m*[38;2;148;160;156m*[38;2;145;157;153m+[38;2;173;185;185m*[38;2;141;153;153m+[38;2;90;100;93m-[38;2;83;93;86m-[38;2;78;85;77m-[38;2;55;62;54m:[38;2;66;76;67m-[38;2;55;65;56m:[38;2;53;59;51m:[38;2;62;68;60m:[38;2;76;83;70m-[38;2;76;83;70m-[38;2;82;89;76m-[38;2;91;98;85m-[38;2;99;109;100m=[38;2;107;117;108m=[38;2;127;139;137m+[38;2;184;196;194m#[38;2;157;169;167m*[38;2;121;133;131m+[38;2;5;5;5m [38;2;0;0;0m [38;2;0;0;0m [38;2;0;0;0m [38;2;0;0;0m [38;2;0;0;0m [0m
[38;2;128;143;140m+[38;2;136;151;148m+[38;2;132;143;139m+[38;2;178;189;185m#[38;2;163;175;173m*[38;2;141;153;151m+[38;2;76;86;79m-[38;2;84;94;87m-[38;2;63;70;64m:[38;2;40;47;41m:[38;2;60;67;59m:[38;2;51;58;50m:[38;2;56;63;55m:[38;2;75;82;74m-[38;2;101;109;98m=[38;2;93;101;90m-[38;2;77;85;70m-[38;2;90;98;83m-[38;2;129;141;133m+[38;2;120;132;124m+[38;2;145;157;157m+[38;2;183;195;195m#[38;2;177;191;193m#[38;2;114;128;130m=[38;2;0;0;0m [38;2;0;0;0m [38;2;0;0;0m [38;2;0;0;0m [38;2;0;0;0m [38;2;0;0;0m [0m
[38;2;0;3;1m [38;2;107;112;110m=[38;2;175;187;185m#[38;2;157;169;167m*[38;2;170;182;180m*[38;2;142;154;152m+[38;2;125;140;137m+[38;2;119;134;131m+[38;2;67;74;68m-[38;2;40;47;41m:[38;2;56;62;54m:[38;2;50;56;48m:[38;2;52;59;51m:[38;2;95;102;94m=[38;2;114;124;115m=[38;2;97;107;98m=[38;2;72;80;65m-[38;2;96;104;89m=[38;2;155;165;158m*[38;2;97;107;100m=[38;2;142;154;154m+[38;2;183;195;195m#[38;2;175;187;187m#[38;2;64;76;76m-[38;2;0;0;0m [38;2;0;0;0m [38;2;0;0;0m [38;2;0;0;0m [38;2;0;0;0m [38;2;0;0;0m [0m
[38;2;0;0;0m [38;2;8;8;8m [38;2;128;140;138m+[38;2;168;180;178m*[38;2;144;156;156m+[38;2;176;188;188m#[38;2;169;184;183m*[38;2;142;157;156m+[38;2;100;107;101m=[38;2;37;44;38m.[38;2;51;57;49m:[38;2;50;56;48m:[38;2;48;55;44m:[38;2;69;76;65m-[38;2;142;152;145m+[38;2;111;121;114m=[38;2;68;76;59m-[38;2;103;111;94m=[38;2;139;149;140m+[38;2;92;102;93m=[38;2;125;140;139m+[38;2;172;187;186m*[38;2;151;160;159m*[38;2;1;10;9m [38;2;0;0;0m [38;2;0;0;0m [38;2;0;0;0m [38;2;0;0;0m [38;2;0;0;0m [38;2;0;0;0m [0m
[38;2;0;0;0m [38;2;0;0;0m [38;2;19;25;23m.[38;2;114;120;118m=[38;2;173;187;189m#[38;2;171;185;187m*[38;2;171;186;185m*[38;2;140;155;154m+[38;2;96;103;97m=[38;2;29;36;30m.[38;2;51;58;50m:[38;2;50;57;49m:[38;2;49;56;45m:[38;2;61;68;57m:[38;2;140;151;147m+[38;2;135;146;142m+[38;2;88;96;85m-[38;2;135;143;132m+[38;2;130;142;134m+[38;2;94;106;98m=[38;2;128;143;142m+[38;2;106;121;120m=[38;2;35;37;36m.[38;2;0;1;0m [38;2;0;0;0m [38;2;0;0;0m [38;2;0;0;0m [38;2;0;0;0m [38;2;0;0;0m [38;2;0;0;0m [0m
[38;2;0;0;0m [38;2;0;0;0m [38;2;6;11;11m [38;2;93;98;98m-[38;2;158;172;174m*[38;2;181;195;197m#[38;2;164;179;178m*[38;2;131;146;145m+[38;2;62;69;65m:[38;2;28;35;31m.[38;2;71;81;72m-[38;2;52;62;53m:[38;2;49;56;45m:[38;2;58;65;54m:[38;2;94;104;97m=[38;2;140;150;143m+[38;2;119;129;120m=[38;2;143;153;144m+[38;2;110;120;111m=[38;2;93;103;94m=[38;2;153;165;163m*[38;2;90;102;100m=[38;2;0;0;0m [38;2;0;0;0m [38;2;0;0;0m [38;2;0;0;0m [38;2;0;0;0m [38;2;0;0;0m [38;2;0;0;0m [38;2;0;0;0m [0m
[38;2;60;60;60m:[38;2;88;88;88m-[38;2;63;63;63m:[38;2;5;5;5m [38;2;69;78;77m-[38;2;118;127;126m=[38;2;105;116;112m=[38;2;63;74;70m-[38;2;0;5;3m [38;2;55;60;58m:[38;2;114;126;118m=[38;2;63;75;67m-[38;2;55;62;51m:[38;2;53;60;49m:[38;2;66;74;63m-[38;2;111;119;108m=[38;2;143;153;144m+[38;2;108;118;109m=[38;2;92;103;91m=[38;2;92;103;91m=[38;2;152;164;162m*[38;2;152;164;162m*[38;2;24;24;24m.[38;2;0;0;0m [38;2;0;0;0m [38;2;0;0;0m [38;2;0;0;0m [38;2;0;0;0m [38;2;0;0;0m [38;2;0;0;0m [0m
[38;2;41;41;41m.[38;2;63;63;63m:[38;2;48;48;48m:[38;2;1;1;1m [38;2;1;1;1m [38;2;1;1;1m [38;2;1;1;1m [38;2;1;1;1m [38;2;0;3;1m [38;2;74;79;77m-[38;2;122;134;126m+[38;2;70;82;74m-[38;2;63;71;60m:[38;2;57;65;54m:[38;2;75;82;74m-[38;2;150;157;149m+[38;2;154;162;151m*[38;2;114;122;111m=[38;2;101;111;102m=[38;2;93;103;94m=[38;2;142;154;152m+[38;2;165;177;175m*[38;2;128;134;132m+[38;2;2;8;6m [38;2;1;1;1m [38;2;1;1;1m [38;2;1;1;1m [38;2;1;1;1m [38;2;1;1;1m [38;2;1;1;1m [0m
