[38;2;74;69;16m:[38;2;93;88;35m-[38;2;94;104;33m-[38;2;101;111;40m=[38;2;103;124;47m=[38;2;111;132;55m=[38;2;120;143;67m+[38;2;131;154;78m+[38;2;143;165;94m+[38;2;145;167;96m*[38;2;153;175;110m*[38;2;157;179;114m*[38;2;161;183;120m*[38;2;164;186;123m*[38;2;167;188;129m*[38;2;169;190;131m*[38;2;172;191;139m*[38;2;174;193;141m#[38;2;169;192;142m*[38;2;165;188;138m*[38;2;163;185;140m*[38;2;159;181;136m*[38;2;158;177;134m*[38;2;156;175;132m*[38;2;157;170;128m*[38;2;155;168;126m*[38;2;154;163;123m*[38;2;144;153;113m+[38;2;137;141;106m+[38;2;119;123;88m=[0m
[38;2;59;69;11m:[38;2;83;93;35m-[38;2;85;107;36m-[38;2;95;117;46m=[38;2;103;131;59m=[38;2;113;141;69m+[38;2;120;151;80m+[38;2;131;162;91m+[38;2;141;171;105m*[38;2;145;175;109m*[38;2;155;181;120m*[38;2;159;185;124m*[38;2;158;187;132m*[38;2;159;188;133m*[38;2;161;189;140m*[38;2;164;192;143m*[38;2;164;192;145m*[38;2;165;193;146m*[38;2;166;193;150m*[38;2;164;191;148m*[38;2;164;190;149m*[38;2;162;188;147m*[38;2;162;185;145m*[38;2;159;182;142m*[38;2;156;177;140m*[38;2;152;173;136m*[38;2;150;164;132m*[38;2;144;158;126m+[38;2;141;151;120m+[38;2;123;133;102m+[0m
[38;2;58;77;13m:[38;2;85;104;40m-[38;2;92;118;46m=[38;2;104;130;58m=[38;2;113;144;71m+[38;2;123;154;81m+[38;2;131;162;94m+[38;2;141;172;104m*[38;2;152;181;121m*[38;2;156;185;125m*[38;2;162;190;135m*[38;2;167;195;140m#[38;2;167;195;146m#[38;2;168;196;147m#[38;2;169;199;152m#[38;2;171;201;154m#[38;2;173;200;159m#[38;2;173;200;159m#[38;2;173;200;159m#[38;2;172;199;158m#[38;2;171;198;159m#[38;2;169;196;157m#[38;2;168;193;157m#[38;2;165;190;154m*[38;2;163;185;150m*[38;2;159;181;146m*[38;2;156;173;140m*[38;2;151;168;135m*[38;2;150;161;131m*[38;2;133;144;114m+[0m
[38;2;67;90;22m-[38;2;94;117;49m=[38;2;102;130;57m=[38;2;115;143;70m+[38;2;122;154;83m+[38;2;132;164;93m+[38;2;142;173;108m*[38;2;150;181;116m*[38;2;159;189;131m*[38;2;163;193;135m*[38;2;174;199;148m#[38;2;167;192;141m*[38;2;170;197;151m#[38;2;169;196;150m#[38;2;165;192;151m*[38;2;179;206;165m#[38;2;179;206;167m#[38;2;170;197;158m#[38;2;178;203;167m#[38;2;170;195;159m#[38;2;179;204;169m#[38;2;169;194;159m#[38;2;175;197;163m#[38;2;164;186;152m*[38;2;168;188;154m*[38;2;160;180;146m*[38;2;157;173;140m*[38;2;153;169;136m*[38;2;150;164;133m*[38;2;141;155;124m+[0m
[38;2;75;103;31m-[38;2;102;130;58m=[38;2;112;143;70m+[38;2;123;154;81m+[38;2;134;165;99m+[38;2;143;174;108m*[38;2;150;182;121m*[38;2;158;190;129m*[38;2;167;196;142m#[38;2;171;200;146m#[38;2;185;203;159m#[38;2;151;169;125m*[38;2;161;176;137m*[38;2;157;172;133m*[38;2;159;181;146m*[38;2;189;211;176m#[38;2;169;189;156m*[38;2;176;196;163m#[38;2;157;177;143m*[38;2;182;202;168m#[38;2;166;183;150m*[38;2;170;187;154m*[38;2;169;184;147m*[38;2;148;163;126m*[38;2;162;177;140m*[38;2;147;162;125m*[38;2;154;166;132m*[38;2;148;160;126m+[38;2;146;157;126m+[38;2;152;163;132m*[0m
[38;2;83;114;40m=[38;2;113;144;70m+[38;2;123;154;83m+[38;2;132;163;92m+[38;2;142;173;108m*[38;2;150;181;116m*[38;2;158;190;131m*[38;2;165;197;138m#[38;2;174;202;153m#[38;2;178;206;157m#[38;2;187;209;165m#[38;2;160;182;138m*[38;2;169;187;151m*[38;2;167;185;149m*[38;2;169;195;162m#[38;2;191;217;184m#[38;2;174;194;163m#[38;2;171;191;160m#[38;2;168;185;155m*[38;2;178;195;165m#[38;2;177;197;166m#[38;2;169;189;158m*[38;2;175;195;164m#[38;2;169;189;158m*[38;2;170;186;153m*[38;2;158;174;141m*[38;2;165;180;145m*[38;2;151;166;131m*[38;2;150;164;133m*[38;2;157;171;140m*[0m
[38;2;95;126;53m=[38;2;121;152;79m+[38;2;130;161;93m+[38;2;140;171;103m*[38;2;149;181;118m*[38;2;157;189;126m*[38;2;165;196;141m#[38;2;172;203;148m#[38;2;180;208;162m#[38;2;184;212;166m#[38;2;189;216;177m#[38;2;191;218;179m#[38;2;189;220;185m#[38;2;190;221;186m#[38;2;191;221;191m#[38;2;192;222;192m%[38;2;193;222;196m%[38;2;192;221;195m%[38;2;192;221;195m%[38;2;192;221;195m%[38;2;191;220;194m#[38;2;189;218;192m#[38;2;189;215;190m#[38;2;186;212;187m#[38;2;184;208;184m#[38;2;181;205;181m#[38;2;177;201;173m#[38;2;173;197;169m#[38;2;172;191;165m#[38;2;160;179;153m*[0m
[38;2;101;132;59m=[38;2;127;158;85m+[38;2;125;152;88m+[38;2;149;176;112m*[38;2;142;165;112m*[38;2;149;172;119m*[38;2;151;170;124m*[38;2;160;179;133m*[38;2;176;197;156m#[38;2;168;189;148m*[38;2;180;197;164m#[38;2;177;194;161m#[38;2;180;201;172m#[38;2;181;202;173m#[38;2;174;199;172m#[38;2;199;224;197m%[38;2;195;225;201m%[38;2;195;225;201m%[38;2;195;225;203m%[38;2;194;224;202m%[38;2;194;223;199m%[38;2;192;221;197m%[38;2;193;219;196m#[38;2;190;216;193m#[38;2;189;213;191m#[38;2;185;209;187m#[38;2;182;205;181m#[38;2;177;200;176m#[38;2;175;196;170m#[38;2;164;185;159m*[0m
[38;2;108;140;67m+[38;2;133;165;92m+[38;2;126;152;91m+[38;2;155;181;120m*[38;2;144;164;113m*[38;2;151;171;120m*[38;2;143;161;118m+[38;2;162;180;137m*[38;2;171;186;151m*[38;2;166;181;146m*[38;2;175;189;158m*[38;2;175;189;158m*[38;2;175;190;163m#[38;2;178;193;166m#[38;2;167;190;166m*[38;2;203;226;202m%[38;2;198;228;206m%[38;2;198;228;206m%[38;2;198;227;207m%[38;2;197;226;206m%[38;2;197;225;205m%[38;2;195;223;203m%[38;2;193;222;200m%[38;2;191;220;198m#[38;2;191;217;196m#[38;2;187;213;192m#[38;2;184;208;186m#[38;2;179;203;181m#[38;2;179;200;174m#[38;2;169;190;164m*[0m
[38;2;113;147;75m+[38;2;137;171;99m*[38;2;142;172;110m*[38;2;157;187;125m*[38;2;154;182;128m*[38;2;162;190;136m*[38;2;176;204;158m#[38;2;184;212;166m#[38;2;185;211;175m#[38;2;189;215;179m#[38;2;193;218;188m#[38;2;194;219;189m#[38;2;192;221;195m%[38;2;193;222;196m%[38;2;193;223;199m%[38;2;200;230;206m%[38;2;199;231;210m%[38;2;199;231;210m%[38;2;200;229;211m%[38;2;199;228;210m%[38;2;198;227;209m%[38;2;197;226;208m%[38;2;196;224;204m%[38;2;194;222;202m%[38;2;193;219;198m#[38;2;190;216;195m#[38;2;187;211;191m#[38;2;182;206;186m#[38;2;182;202;179m#[38;2;173;193;170m#[0m
[38;2;118;152;80m+[38;2;142;176;104m*[38;2;151;183;122m*[38;2;161;193;132m*[38;2;169;200;147m#[38;2;176;207;154m#[38;2;180;212;167m#[38;2;186;218;173m#[38;2;191;222;185m%[38;2;194;225;188m%[38;2;199;229;199m%[38;2;200;230;200m%[38;2;198;231;206m%[38;2;199;232;207m%[38;2;200;232;211m%[38;2;201;233;212m%[38;2;201;233;214m%[38;2;201;233;214m%[38;2;202;230;215m%[38;2;201;229;214m%[38;2;200;228;213m%[38;2;198;226;211m%[38;2;198;226;208m%[38;2;196;224;206m%[38;2;195;220;201m%[38;2;192;217;198m#[38;2;190;214;194m#[38;2;185;209;189m#[38;2;184;204;183m#[38;2;176;196;175m#[0m
[38;2;125;155;89m+[38;2;127;157;91m+[38;2;110;118;71m=[38;2;108;116;69m=[38;2;131;140;97m+[38;2;126;135;92m+[38;2;167;183;141m*[38;2;122;138;96m+[38;2;190;205;170m#[38;2;140;155;120m+[38;2;177;197;166m#[38;2;184;204;173m#[38;2;200;233;210m%[38;2;201;234;211m%[38;2;202;234;213m%[38;2;203;235;214m%[38;2;202;234;215m%[38;2;202;234;215m%[38;2;202;233;217m%[38;2;201;232;216m%[38;2;201;229;214m%[38;2;200;228;213m%[38;2;198;227;209m%[38;2;196;225;207m%[38;2;195;223;205m%[38;2;192;220;202m%[38;2;191;214;196m#[38;2;187;210;192m#[38;2;187;207;186m#[38;2;179;199;178m#[0m
[38;2;127;158;90m+[38;2;145;176;108m*[38;2;143;153;105m+[38;2;110;120;72m=[38;2;182;189;149m#[38;2;88;95;55m-[38;2;165;163;127m*[38;2;79;77;41m-[38;2;197;196;169m#[38;2;105;104;77m=[38;2;156;175;149m*[38;2;210;229;203m%[38;2;201;234;211m%[38;2;202;235;212m%[38;2;203;237;217m%[38;2;203;237;217m%[38;2;203;236;219m%[38;2;203;236;219m%[38;2;203;234;218m%[38;2;202;233;217m%[38;2;202;230;215m%[38;2;201;229;214m%[38;2;199;227;212m%[38;2;197;225;210m%[38;2;196;224;206m%[38;2;193;221;203m%[38;2;192;215;197m#[38;2;188;211;193m#[38;2;186;209;189m#[38;2;179;202;182m#[0m
[38;2;129;162;93m+[38;2;150;183;114m*[38;2;146;153;111m+[38;2;103;110;68m=[38;2;190;197;157m#[38;2;88;95;55m-[38;2;179;176;143m*[38;2;81;78;45m-[38;2;201;200;173m#[38;2;107;106;79m=[38;2;187;212;185m#[38;2;197;222;195m%[38;2;201;235;213m%[38;2;203;237;215m%[38;2;204;238;218m%[38;2;205;239;219m%[38;2;204;237;220m%[38;2;204;237;220m%[38;2;203;234;220m%[38;2;203;234;220m%[38;2;201;232;218m%[38;2;200;231;217m%[38;2;200;228;213m%[38;2;198;226;211m%[38;2;196;224;206m%[38;2;193;221;203m%[38;2;192;217;198m#[38;2;188;213;194m#[38;2;187;210;190m#[38;2;180;203;183m#[0m
[38;2;130;163;94m+[38;2;151;184;115m*[38;2;147;167;115m*[38;2;127;147;95m+[38;2;179;201;156m#[38;2;135;157;112m+[38;2;179;197;159m#[38;2;140;158;120m+[38;2;194;211;181m#[38;2;156;173;143m*[38;2;179;198;173m#[38;2;190;209;184m#[38;2;202;236;214m%[38;2;204;238;216m%[38;2;204;240;219m%[38;2;205;241;220m%[38;2;205;238;221m%[38;2;204;237;220m%[38;2;203;236;219m%[38;2;202;235;218m%[38;2;201;232;218m%[38;2;200;231;217m%[38;2;200;228;213m%[38;2;198;226;211m%[38;2;197;225;207m%[38;2;193;221;203m%[38;2;193;218;199m#[38;2;188;213;194m#[38;2;188;211;191m#[38;2;180;203;183m#[0m
[38;2;131;164;97m+[38;2;151;184;117m*[38;2;159;191;132m*[38;2;168;200;141m#[38;2;176;206;158m#[38;2;182;212;164m#[38;2;185;216;178m#[38;2;191;222;184m%[38;2;197;227;197m%[38;2;199;229;199m%[38;2;202;232;208m%[38;2;204;234;210m%[38;2;202;236;214m%[38;2;204;238;216m%[38;2;204;240;219m%[38;2;205;241;220m%[38;2;205;238;221m%[38;2;204;237;220m%[38;2;204;235;221m%[38;2;203;234;220m%[38;2;201;232;218m%[38;2;200;231;217m%[38;2;200;228;213m%[38;2;198;226;211m%[38;2;196;223;208m%[38;2;193;220;205m%[38;2;192;217;198m#[38;2;188;213;194m#[38;2;188;211;191m#[38;2;180;203;183m#[0m
[38;2;131;164;97m+[38;2;146;179;112m*[38;2;110;123;74m=[38;2;127;140;91m+[38;2;171;204;155m#[38;2;179;212;163m#[38;2;134;154;120m+[38;2;197;217;183m#[38;2;156;172;140m*[38;2;191;207;175m#[38;2;193;217;190m#[38;2;184;208;181m#[38;2;171;183;165m*[38;2;187;199;181m#[38;2;193;225;206m%[38;2;205;237;218m%[38;2;204;237;220m%[38;2;203;236;219m%[38;2;202;235;220m%[38;2;201;234;219m%[38;2;201;232;218m%[38;2;199;230;216m%[38;2;199;227;212m%[38;2;197;225;210m%[38;2;196;224;206m%[38;2;193;221;203m%[38;2;192;217;198m#[38;2;188;213;194m#[38;2;188;211;191m#[38;2;180;203;183m#[0m
[38;2;128;161;92m+[38;2;147;180;111m*[38;2;95;92;53m-[38;2;97;94;55m-[38;2;166;196;146m#[38;2;172;202;152m#[38;2;94;102;67m-[38;2;183;191;156m#[38;2;167;168;140m*[38;2;143;144;116m+[38;2;192;213;187m#[38;2;179;200;174m#[38;2;125;124;110m=[38;2;202;201;187m#[38;2;200;234;214m%[38;2;203;237;217m%[38;2;203;236;219m%[38;2;202;235;218m%[38;2;202;233;217m%[38;2;201;232;216m%[38;2;200;231;217m%[38;2;198;229;215m%[38;2;199;227;212m%[38;2;197;225;210m%[38;2;195;223;205m%[38;2;192;220;202m%[38;2;191;216;197m#[38;2;187;212;193m#[38;2;186;209;187m#[38;2;178;201;179m#[0m
[38;2;125;158;89m+[38;2;141;174;105m*[38;2;90;92;49m-[38;2;100;102;59m-[38;2;160;189;137m*[38;2;155;184;132m*[38;2;146;157;119m+[38;2;125;136;98m+[38;2;208;211;183m#[38;2;104;107;79m=[38;2;196;217;190m#[38;2;178;199;172m#[38;2;132;134;115m+[38;2;190;192;173m#[38;2;197;231;209m%[38;2;201;235;213m%[38;2;201;235;215m%[38;2;200;234;214m%[38;2;201;232;216m%[38;2;200;231;215m%[38;2;198;229;213m%[38;2;197;228;212m%[38;2;198;227;209m%[38;2;195;224;206m%[38;2;194;222;202m%[38;2;191;219;199m#[38;2;190;213;195m#[38;2;186;209;191m#[38;2;184;207;185m#[38;2;175;198;176m#[0m
[38;2;122;154;83m+[38;2;129;161;90m+[38;2;104;121;70m=[38;2;131;148;97m+[38;2;137;168;112m*[38;2;146;177;121m*[38;2;186;204;161m#[38;2;110;128;85m=[38;2;199;216;180m#[38;2;142;159;123m+[38;2;178;202;172m#[38;2;194;218;188m#[38;2;149;164;139m*[38;2;188;203;178m#[38;2;178;207;185m#[38;2;203;232;210m%[38;2;200;232;213m%[38;2;200;232;213m%[38;2;199;230;214m%[38;2;198;229;213m%[38;2;199;227;212m%[38;2;198;226;211m%[38;2;196;225;207m%[38;2;194;223;205m%[38;2;192;220;200m%[38;2;189;217;197m#[38;2;188;212;192m#[38;2;184;208;188m#[38;2;182;205;181m#[38;2;173;196;172m#[0m
[38;2;117;149;78m+[38;2;136;168;97m*[38;2;146;178;115m*[38;2;155;187;124m*[38;2;162;196;140m#[38;2;169;203;147m#[38;2;175;208;160m#[38;2;180;213;165m#[38;2;189;218;178m#[38;2;186;215;175m#[38;2;188;218;186m#[38;2;197;227;195m%[38;2;194;227;200m%[38;2;195;228;201m%[38;2;196;229;206m%[38;2;196;229;206m%[38;2;197;229;208m%[38;2;197;229;208m%[38;2;196;228;207m%[38;2;195;227;206m%[38;2;197;226;208m%[38;2;195;224;206m%[38;2;194;223;203m%[38;2;191;220;200m#[38;2;189;218;196m#[38;2;186;215;193m#[38;2;186;210;188m#[38;2;181;205;183m#[38;2;181;201;178m#[38;2;172;192;169m#[0m
[38;2;111;143;72m+[38;2;126;158;87m+[38;2;106;127;68m=[38;2;123;144;85m+[38;2;132;157;104m+[38;2;153;178;125m*[38;2;119;138;95m+[38;2;174;193;150m#[38;2;183;215;172m#[38;2;186;218;175m#[38;2;191;222;187m%[38;2;194;225;190m%[38;2;191;225;195m%[38;2;192;226;196m%[38;2;193;226;201m%[38;2;194;227;202m%[38;2;194;227;204m%[38;2;194;227;204m%[38;2;194;227;204m%[38;2;193;226;203m%[38;2;194;223;203m%[38;2;192;221;201m%[38;2;192;221;199m%[38;2;189;218;196m#[38;2;189;215;192m#[38;2;186;212;189m#[38;2;182;206;182m#[38;2;178;202;178m#[38;2;178;199;173m#[38;2;168;189;163m*[0m
[38;2;112;131;69m=[38;2;82;101;39m-[38;2;99;120;63m=[38;2;151;172;115m*[38;2;69;83;36m-[38;2;163;177;130m*[38;2;102;114;72m=[38;2;138;150;108m+[38;2;161;194;146m*[38;2;182;215;167m#[38;2;187;218;181m#[38;2;189;220;183m#[38;2;189;220;188m#[38;2;190;221;189m#[38;2;192;223;194m%[38;2;193;224;195m%[38;2;191;224;199m%[38;2;191;224;199m%[38;2;193;223;201m%[38;2;192;222;200m%[38;2;191;221;197m%[38;2;189;219;195m#[38;2;188;217;193m#[38;2;186;215;191m#[38;2;185;211;188m#[38;2;182;208;185m#[38;2;179;204;177m#[38;2;174;199;172m#[38;2;175;196;169m#[38;2;164;185;158m*[0m
[38;2;103;124;59m=[38;2;83;104;39m-[38;2;82;100;46m-[38;2;141;159;105m+[38;2;63;76;29m:[38;2;156;169;122m*[38;2;152;165;118m*[38;2;86;99;52m-[38;2;151;181;131m*[38;2;179;209;159m#[38;2;182;214;173m#[38;2;184;216;175m#[38;2;185;217;182m#[38;2;186;218;183m#[38;2;188;219;189m#[38;2;189;220;190m#[38;2;189;220;191m#[38;2;189;220;191m#[38;2;189;219;193m#[38;2;188;218;192m#[38;2;187;217;191m#[38;2;185;215;189m#[38;2;184;213;187m#[38;2;182;211;185m#[38;2;181;208;180m#[38;2;177;204;176m#[38;2;175;199;171m#[38;2;170;194;166m#[38;2;170;189;161m*[38;2;158;177;149m*[0m
[38;2;86;117;43m=[38;2;106;137;63m=[38;2;101;123;58m=[38;2;108;130;65m=[38;2;129;162;96m+[38;2;142;175;109m*[38;2;128;160;101m+[38;2;154;186;127m*[38;2;126;148;101m+[38;2;178;200;153m#[38;2;176;208;163m#[38;2;179;211;166m#[38;2;180;212;174m#[38;2;182;214;176m#[38;2;183;215;180m#[38;2;184;216;181m#[38;2;185;216;186m#[38;2;185;216;186m#[38;2;185;216;186m#[38;2;183;214;184m#[38;2;183;213;183m#[38;2;182;212;182m#[38;2;182;209;181m#[38;2;179;206;178m#[38;2;177;202;174m#[38;2;174;199;171m#[38;2;169;193;163m#[38;2;165;189;159m*[38;2;163;183;152m*[38;2;151;171;140m*[0m
[38;2;75;103;31m-[38;2;98;126;54m=[38;2;106;137;64m=[38;2;117;148;75m+[38;2;129;162;95m+[38;2;136;169;102m*[38;2;143;178;116m*[38;2;152;187;125m*[38;2;161;192;137m*[38;2;164;195;140m#[38;2;170;200;152m#[38;2;173;203;155m#[38;2;173;205;162m#[38;2;176;208;165m#[38;2;178;209;171m#[38;2;175;206;168m#[38;2;175;207;172m#[38;2;179;211;176m#[38;2;180;210;178m#[38;2;179;209;177m#[38;2;178;208;176m#[38;2;177;207;175m#[38;2;177;204;173m#[38;2;174;201;170m#[38;2;171;196;166m#[38;2;167;192;162m#[38;2;163;188;155m*[38;2;158;183;150m*[38;2;158;175;143m*[38;2;144;161;129m+[0m
[38;2;66;89;21m-[38;2;83;106;38m-[38;2;58;57;15m:[38;2;91;90;48m-[38;2;98;112;59m=[38;2;80;94;41m-[38;2;57;58;18m:[38;2;112;113;73m=[38;2;119;127;82m=[38;2;94;102;57m-[38;2;118;121;80m=[38;2;97;100;59m-[38;2;109;125;80m=[38;2;138;154;109m+[38;2;125;143;100m+[38;2;138;156;113m+[38;2;147;174;131m*[38;2;152;179;136m*[38;2;172;203;165m#[38;2;172;203;165m#[38;2;174;202;166m#[38;2;172;200;164m#[38;2;170;198;162m#[38;2;167;195;159m#[38;2;164;190;155m*[38;2;160;186;151m*[38;2;158;180;146m*[38;2;152;174;140m*[38;2;151;167;135m*[38;2;137;153;121m+[0m
[38;2;58;77;13m:[38;2;82;101;37m-[38;2;59;51;16m:[38;2;75;67;32m:[38;2;108;140;69m+[38;2;114;146;75m+[38;2;45;51;7m:[38;2;143;149;105m+[38;2;149;166;115m*[38;2;86;103;52m-[38;2;115;124;81m=[38;2;115;124;81m=[38;2;94;103;60m-[38;2;124;133;90m+[38;2;162;174;133m*[38;2;103;115;74m=[38;2;85;86;48m-[38;2;132;133;95m+[38;2;165;197;154m#[38;2;165;197;154m#[38;2;165;194;154m#[38;2;164;193;153m*[38;2;162;188;152m*[38;2;159;185;149m*[38;2;157;182;146m*[38;2;152;177;141m*[38;2;150;170;136m*[38;2;144;164;130m*[38;2;144;158;126m+[38;2;127;141;109m+[0m
[38;2;57;67;9m:[38;2;78;88;30m-[38;2;58;54;13m:[38;2;89;85;44m-[38;2;75;91;31m-[38;2;111;127;67m=[38;2;48;54;8m:[38;2;132;138;92m+[38;2;142;156;103m+[38;2;73;87;34m-[38;2;113;126;77m=[38;2;111;124;75m=[38;2;84;92;47m-[38;2;123;131;86m=[38;2;110;124;77m=[38;2;125;139;92m+[38;2;138;157;108m+[38;2;104;123;74m=[38;2;158;188;141m*[38;2;158;188;141m*[38;2;158;185;142m*[38;2;157;184;141m*[38;2;154;181;140m*[38;2;151;178;137m*[38;2;151;174;136m*[38;2;145;168;130m*[38;2;143;160;124m+[38;2;138;155;119m+[38;2;136;148;114m+[38;2;116;128;94m=[0m
[38;2;46;47;7m:[38;2;56;57;17m:[38;2;54;69;12m:[38;2;71;86;29m-[38;2;75;106;35m-[38;2;87;118;47m=[38;2;95;129;57m=[38;2;105;139;67m=[38;2;113;146;77m+[38;2;113;146;77m+[38;2;117;152;88m+[38;2;127;162;98m+[38;2;122;157;95m+[38;2;123;158;96m+[38;2;127;162;106m+[38;2;129;164;108m+[38;2;120;155;101m+[38;2;136;171;117m*[38;2;139;173;124m*[38;2;139;173;124m*[38;2;141;171;124m*[38;2;139;169;122m*[38;2;138;165;124m*[38;2;134;161;120m+[38;2;131;157;118m+[38;2;125;151;112m+[38;2;124;142;106m+[38;2;116;134;98m+[38;2;112;123;92m=[38;2;97;108;77m=[0m
