[38;2;51;27;19m.[38;2;87;63;55m:[38;2;63;34;24m.[38;2;87;58;48m:[38;2;114;74;51m-[38;2;121;81;58m-[38;2;117;78;67m-[38;2;80;41;30m:[38;2;95;56;45m:[38;2;76;37;26m:[38;2;123;80;49m-[38;2;149;106;75m=[38;2;139;99;76m=[38;2;124;84;61m-[38;2;60;26;18m.[38;2;94;60;52m:[38;2;121;83;66m-[38;2;100;62;45m:[38;2;49;22;17m.[38;2;82;55;50m:[38;2;77;54;43m:[38;2;58;35;24m.[38;2;37;14;13m.[38;2;62;39;38m:[38;2;54;29;29m.[38;2;39;14;14m.[38;2;44;18;23m.[38;2;38;12;17m.[38;2;19;4;9m [38;2;23;8;13m [0m
[38;2;70;42;25m:[38;2;95;67;50m-[38;2;70;36;15m.[38;2;129;95;74m=[38;2;133;90;60m-[38;2;133;90;60m-[38;2;118;80;61m-[38;2;85;47;28m:[38;2;106;70;48m-[38;2;86;50;28m:[38;2;149;104;71m=[38;2;158;113;80m=[38;2;158;108;77m=[38;2;142;92;61m=[38;2;71;33;16m.[38;2;112;74;57m-[38;2;146;100;78m=[38;2;117;71;49m-[38;2;57;26;9m.[38;2;111;80;63m-[38;2;88;64;56m:[38;2;58;34;26m.[38;2;47;20;15m.[38;2;76;49;44m:[38;2;57;32;32m.[38;2;38;13;13m.[38;2;47;21;24m.[38;2;37;11;14m.[38;2;22;6;10m [38;2;27;11;15m.[0m
[38;2;79;51;39m:[38;2;84;56;44m:[38;2;100;63;39m:[38;2;132;95;71m=[38;2;130;89;63m-[38;2;136;95;69m=[38;2;125;91;68m-[38;2;84;50;27m:[38;2;116;81;55m-[38;2;101;66;40m-[38;2;172;131;90m+[38;2;173;132;91m+[38;2;163;119;86m=[38;2;142;98;65m=[38;2;71;33;12m.[38;2;146;108;87m=[38;2;160;117;89m=[38;2;131;88;60m-[38;2;71;34;19m.[38;2;127;90;75m-[38;2;97;69;60m-[38;2;61;33;24m.[38;2;64;35;23m.[38;2;85;56;44m:[38;2;58;37;34m.[38;2;37;16;13m.[38;2;51;27;31m.[38;2;37;13;17m.[38;2;21;5;9m [38;2;30;14;18m.[0m
[38;2;83;54;44m:[38;2;86;57;47m:[38;2;101;66;41m-[38;2;140;105;80m=[38;2;148;103;74m=[38;2;151;106;77m=[38;2;148;114;83m=[38;2;98;64;33m:[38;2;104;71;45m-[38;2;126;93;67m-[38;2;195;152;109m*[38;2;188;145;102m+[38;2;176;135;94m+[38;2;151;110;69m=[38;2;80;44;12m:[38;2;165;129;97m+[38;2;164;120;95m+[38;2;126;82;57m-[38;2;86;45;22m:[38;2;152;111;88m=[38;2;114;85;75m-[38;2;65;36;26m.[38;2;89;58;44m:[38;2;99;68;54m-[38;2;71;44;39m:[38;2;49;22;17m.[38;2;50;29;28m.[38;2;35;14;13m.[38;2;24;6;10m [38;2;33;15;19m.[0m
[38;2;114;78;68m-[38;2;81;45;35m:[38;2;133;87;58m-[38;2;149;103;74m=[38;2;167;126;85m+[38;2;168;127;86m+[38;2;142;106;76m=[38;2;110;74;44m-[38;2;99;56;28m:[38;2;167;124;96m+[38;2;190;144;99m+[38;2;191;145;100m+[38;2;189;146;105m+[38;2;152;109;68m=[38;2;99;63;30m:[38;2;169;133;100m+[38;2;177;135;99m+[38;2;122;80;44m-[38;2;106;62;40m:[38;2;170;126;104m+[38;2;130;97;82m=[38;2;76;43;28m:[38;2;92;58;48m:[38;2;104;70;60m-[38;2;74;47;42m:[38;2;56;29;24m.[38;2;61;36;34m.[38;2;40;15;13m.[38;2;29;7;11m [38;2;42;20;24m.[0m
[38;2;138;105;92m=[38;2;78;45;32m:[38;2;141;95;71m=[38;2;177;131;107m+[38;2;178;140;95m+[38;2;174;136;91m+[38;2;147;113;79m=[38;2;100;66;32m:[38;2;112;66;36m-[38;2;172;126;96m+[38;2;192;147;110m+[38;2;204;159;122m*[38;2;194;156;121m*[38;2;132;94;59m=[38;2;112;74;37m-[38;2;171;133;96m+[38;2;185;145;113m+[38;2;128;88;56m-[38;2;114;68;46m-[38;2;174;128;106m+[38;2;152;118;99m=[38;2;73;39;20m:[38;2;113;77;59m-[38;2;113;77;59m-[38;2;77;51;41m:[38;2;57;31;21m.[38;2;68;40;39m:[38;2;44;16;15m.[38;2;38;15;14m.[38;2;43;20;19m.[0m
[38;2;137;106;89m=[38;2;79;48;31m:[38;2;163;125;90m+[38;2;183;145;110m+[38;2;183;150;101m+[38;2;202;169;120m*[38;2;149;119;85m=[38;2;122;92;58m-[38;2;113;74;43m-[38;2;175;136;105m+[38;2;214;177;129m*[38;2;216;179;131m*[38;2;207;165;129m*[38;2;132;90;54m-[38;2;134;93;52m-[38;2;182;141;100m+[38;2;178;144;111m+[38;2;130;96;63m=[38;2;133;91;55m-[38;2;182;140;104m+[38;2;161;127;106m+[38;2;72;38;17m:[38;2;141;100;80m=[38;2;139;98;78m=[38;2;100;71;59m-[38;2;71;42;30m:[38;2;72;50;45m:[38;2;43;21;16m.[38;2;40;17;14m.[38;2;51;28;25m.[0m
[38;2;123;91;72m-[38;2;106;74;55m-[38;2;171;131;99m+[38;2;178;138;106m+[38;2;186;149;107m+[38;2;187;150;108m+[38;2;117;83;60m-[38;2;121;87;64m-[38;2;147;108;73m=[38;2;177;138;103m+[38;2;223;182;138m#[38;2;222;181;137m#[38;2;195;152;122m*[38;2;120;77;47m-[38;2;157;119;74m=[38;2;204;166;121m*[38;2;188;152;120m*[38;2;129;93;61m-[38;2;158;114;81m=[38;2;197;153;120m*[38;2;169;131;112m+[38;2;76;38;19m:[38;2;165;121;99m+[38;2;153;109;87m=[38;2;105;71;63m-[38;2;83;49;41m:[38;2;80;58;53m:[38;2;43;21;16m.[38;2;45;20;20m.[38;2;53;28;28m.[0m
[38;2;107;70;46m-[38;2;162;125;101m+[38;2;170;137;96m+[38;2;187;154;113m*[38;2;185;145;96m+[38;2;188;148;99m+[38;2;149;115;81m=[38;2;130;96;62m=[38;2;150;112;75m=[38;2;215;177;140m*[38;2;220;182;143m#[38;2;220;182;143m#[38;2;206;159;120m*[38;2;135;88;49m-[38;2;117;82;66m-[38;2;85;50;34m:[38;2;52;32;27m.[38;2;46;26;21m.[38;2;89;49;26m:[38;2;179;139;116m+[38;2;174;138;118m+[38;2;76;40;20m:[38;2;178;139;102m+[38;2;163;124;87m+[38;2;86;55;41m:[38;2;104;73;59m-[38;2;94;67;60m-[38;2;46;19;12m.[38;2;53;31;22m.[38;2;56;34;25m.[0m
[38;2;95;61;38m:[38;2;186;152;129m*[38;2;165;124;83m+[38;2;191;150;109m+[38;2;199;162;114m*[38;2;195;158;110m*[38;2;152;117;81m=[38;2;139;104;68m=[38;2;169;130;91m+[38;2;223;184;145m#[38;2;221;190;148m#[38;2;206;175;133m*[38;2;187;153;120m*[38;2;90;56;23m:[38;2;28;10;12m [38;2;25;7;9m [38;2;28;3;3m [38;2;52;27;27m.[38;2;47;20;17m.[38;2;58;31;28m.[38;2;152;113;84m=[38;2;108;69;40m-[38;2;189;146;116m+[38;2;170;127;97m+[38;2;93;63;41m:[38;2;110;80;58m-[38;2;96;70;59m-[38;2;40;14;3m.[38;2;67;40;35m:[38;2;64;37;32m.[0m
[38;2;101;66;50m-[38;2;156;121;105m=[38;2;185;149;116m+[38;2;193;157;124m*[38;2;211;174;126m*[38;2;201;164;116m*[38;2;168;130;95m+[38;2;144;106;71m=[38;2;183;148;110m+[38;2;236;201;163m#[38;2;228;193;155m#[38;2;207;172;134m*[38;2;156;127;115m+[38;2;43;14;2m.[38;2;29;9;12m [38;2;28;8;11m [38;2;89;31;11m.[38;2;186;128;108m+[38;2;165;113;103m=[38;2;61;9;0m.[38;2;75;42;27m:[38;2;123;90;75m-[38;2;196;152;117m*[38;2;167;123;88m+[38;2;97;65;44m:[38;2;124;92;71m-[38;2;92;66;56m:[38;2;41;15;5m.[38;2;68;39;37m:[38;2;67;38;36m:[0m
[38;2;112;78;55m-[38;2;156;122;99m+[38;2;189;151;116m*[38;2;203;165;130m*[38;2;211;170;126m*[38;2;192;151;107m*[38;2;144;98;74m=[38;2;155;109;85m=[38;2;218;179;142m#[38;2;203;164;127m*[38;2;213;176;151m*[38;2;199;162;137m*[38;2;100;76;68m-[38;2;34;10;2m.[38;2;41;13;14m.[38;2;41;13;14m.[38;2;159;92;63m=[38;2;220;153;124m*[38;2;202;149;135m*[38;2;90;37;23m:[38;2;38;10;0m.[38;2;153;125;110m+[38;2;202;158;123m*[38;2;178;134;99m+[38;2;107;73;50m-[38;2;137;103;80m=[38;2;105;78;73m-[38;2;48;21;16m.[38;2;71;41;35m:[38;2;78;48;42m:[0m
[38;2;120;84;64m-[38;2;160;124;104m+[38;2;208;173;137m*[38;2;204;169;133m*[38;2;213;171;135m*[38;2;181;139;103m+[38;2;137;96;73m=[38;2;156;115;92m=[38;2;217;179;142m#[38;2;215;177;140m*[38;2;216;179;152m#[38;2;191;154;127m*[38;2;46;23;22m.[38;2;37;14;13m.[38;2;63;13;11m.[38;2;79;29;27m.[38;2;196;119;95m+[38;2;223;146;122m*[38;2;207;153;144m*[38;2;91;37;28m:[38;2;38;4;0m [38;2;127;93;85m=[38;2;198;153;126m*[38;2;168;123;96m+[38;2;98;63;50m:[38;2;136;101;88m=[38;2;114;88;78m-[38;2;43;17;7m.[38;2;89;59;53m:[38;2;69;39;33m:[0m
[38;2;159;123;101m+[38;2;195;159;137m*[38;2;195;156;127m*[38;2;208;169;140m*[38;2;233;195;150m#[38;2;170;132;87m+[38;2;141;96;66m=[38;2;185;140;110m+[38;2;204;166;124m*[38;2;224;186;144m#[38;2;103;72;58m-[38;2;145;114;100m=[38;2;28;6;10m [38;2;41;19;23m.[38;2;92;7;4m.[38;2;152;67;64m-[38;2;202;102;96m=[38;2;233;133;127m+[38;2;164;109;106m=[38;2;74;19;16m.[38;2;43;11;0m.[38;2;122;90;79m-[38;2;193;153;122m*[38;2;193;153;122m*[38;2;115;79;61m-[38;2;147;111;93m=[38;2;118;90;80m-[38;2;53;25;15m.[38;2;94;65;56m:[38;2;67;38;29m:[0m
[38;2;169;129;103m+[38;2;184;144;118m+[38;2;202;159;128m*[38;2;204;161;130m*[38;2;189;144;114m+[38;2;163;118;88m=[38;2;147;107;78m=[38;2;171;131;102m+[38;2;202;168;134m*[38;2;185;151;117m+[38;2;20;4;4m [38;2;60;44;44m:[38;2;18;6;10m [38;2;23;11;15m [38;2;140;16;21m:[38;2;196;72;77m-[38;2;209;107;114m+[38;2;226;124;131m+[38;2;159;99;93m=[38;2;89;29;23m.[38;2;59;19;11m.[38;2;141;101;93m=[38;2;205;166;134m*[38;2;189;150;118m*[38;2;134;98;76m=[38;2;159;123;101m+[38;2;112;80;71m-[38;2;65;33;24m.[38;2;112;83;71m-[38;2;79;50;38m:[0m
[38;2;160;127;98m+[38;2;202;169;140m*[38;2;193;157;127m*[38;2;189;153;123m*[38;2;208;169;132m*[38;2;175;136;99m+[38;2;135;97;62m=[38;2;192;154;119m*[38;2;201;169;135m*[38;2;175;143;109m+[38;2;14;5;8m [38;2;26;17;20m.[38;2;16;5;15m [38;2;63;52;62m:[38;2;138;45;44m:[38;2;225;132;131m+[38;2;229;148;149m*[38;2;207;126;127m+[38;2;165;97;86m=[38;2;113;45;34m:[38;2;69;27;15m.[38;2;152;110;98m=[38;2;207;167;141m*[38;2;189;149;123m+[38;2;118;84;63m-[38;2;167;133;112m+[38;2;120;91;81m-[38;2;61;32;22m.[38;2;109;81;72m-[38;2;77;49;40m:[0m
[38;2;171;136;110m+[38;2;181;146;120m+[38;2;190;155;119m*[38;2;212;177;141m*[38;2;210;169;128m*[38;2;190;149;108m+[38;2;160;120;91m=[38;2;197;157;128m*[38;2;214;186;150m#[38;2;164;136;100m+[38;2;12;6;10m [38;2;12;6;10m [38;2;19;4;13m [38;2;58;43;52m:[38;2;146;62;51m-[38;2;214;130;119m+[38;2;199;106;93m=[38;2;223;130;117m+[38;2;175;99;85m=[38;2;136;60;46m-[38;2;59;20;7m.[38;2;150;111;98m=[38;2;203;163;140m*[38;2;174;134;111m+[38;2;134;100;81m=[38;2;169;135;116m+[38;2;98;69;60m-[38;2;88;59;50m:[38;2;102;73;69m-[38;2;77;48;44m:[0m
[38;2;163;128;102m+[38;2;180;145;119m+[38;2;185;149;116m+[38;2;214;178;145m*[38;2;212;174;135m*[38;2;189;151;112m*[38;2;171;133;98m+[38;2;212;174;139m*[38;2;215;189;161m#[38;2;113;87;59m-[38;2;12;6;10m [38;2;11;5;9m [38;2;30;15;24m.[38;2;46;31;40m.[38;2;143;67;50m-[38;2;205;129;112m+[38;2;205;118;93m+[38;2;221;134;109m+[38;2;151;85;73m-[38;2;99;33;21m:[38;2;59;18;2m.[38;2;149;108;92m=[38;2;202;162;136m*[38;2;174;134;108m+[38;2;134;103;77m=[38;2;166;135;109m+[38;2;93;65;53m:[38;2;95;67;55m-[38;2;112;84;72m-[38;2;88;60;48m:[0m
[38;2;171;138;109m+[38;2;176;143;114m+[38;2;197;161;128m*[38;2;199;163;130m*[38;2;187;153;122m*[38;2;155;121;90m=[38;2;166;130;97m+[38;2;204;168;135m*[38;2;219;201;180m#[38;2;43;25;4m.[38;2;19;1;1m [38;2;53;35;35m.[38;2;81;55;62m:[38;2;62;36;43m.[38;2;145;69;50m-[38;2;182;106;87m=[38;2;203;114;100m+[38;2;209;120;106m+[38;2;105;45;39m:[38;2;83;23;17m.[38;2;62;24;7m.[38;2;174;136;119m+[38;2;200;164;134m*[38;2;170;134;104m+[38;2;144;110;87m=[38;2;165;131;108m+[38;2;84;57;50m:[38;2;91;64;57m:[38;2;120;92;80m-[38;2;91;63;51m:[0m
[38;2;164;131;105m+[38;2;169;136;110m+[38;2;185;151;117m+[38;2;198;164;130m*[38;2;169;137;105m+[38;2;142;110;78m=[38;2;185;156;118m*[38;2;223;194;156m#[38;2;176;158;148m*[38;2;22;4;0m [38;2;25;1;0m [38;2;105;81;75m-[38;2;49;24;32m.[38;2;44;19;27m.[38;2;143;78;60m-[38;2;188;123;105m+[38;2;206;118;100m+[38;2;183;95;77m=[38;2;105;48;40m:[38;2;77;20;12m.[38;2;90;55;30m:[38;2;194;159;134m*[38;2;189;152;127m*[38;2;155;118;93m=[38;2;155;121;100m=[38;2;164;130;109m+[38;2;79;51;42m:[38;2;83;55;46m:[38;2;125;97;85m=[38;2;83;55;43m:[0m
[38;2;186;152;129m*[38;2;189;155;132m*[38;2;204;175;137m*[38;2;200;171;133m*[38;2;156;125;96m+[38;2;139;108;79m=[38;2;184;157;118m*[38;2;218;191;152m#[38;2;129;113;102m=[38;2;21;5;0m [38;2;29;0;0m [38;2;133;103;97m=[38;2;47;16;23m.[38;2;84;53;60m:[38;2;154;92;73m=[38;2;177;115;96m=[38;2;220;151;122m*[38;2;163;94;65m=[38;2;109;61;47m:[38;2;70;22;8m.[38;2;112;75;48m-[38;2;182;145;118m+[38;2;194;159;134m*[38;2;125;90;65m-[38;2;147;115;94m=[38;2;160;128;107m+[38;2;75;52;41m:[38;2;87;64;53m:[38;2;119;96;82m=[38;2;78;55;41m:[0m
[38;2;175;142;113m+[38;2;187;154;125m*[38;2;177;145;113m+[38;2;169;137;105m+[38;2;153;129;89m+[38;2;141;117;77m=[38;2;186;158;122m*[38;2;197;169;133m*[38;2;58;49;46m:[38;2;14;5;2m [38;2;44;4;0m [38;2;139;99;91m=[38;2;120;73;67m-[38;2;109;62;56m-[38;2;191;130;106m+[38;2;159;98;74m=[38;2;178;113;83m=[38;2;142;77;47m-[38;2;99;51;41m:[38;2;65;17;7m.[38;2;137;97;65m=[38;2;186;146;114m+[38;2;210;177;150m*[38;2;150;117;90m=[38;2;153;126;103m+[38;2;163;136;113m+[38;2;72;49;35m:[38;2;101;78;64m-[38;2;119;98;83m=[38;2;67;46;31m:[0m
[38;2;169;137;114m+[38;2;176;144;121m+[38;2;180;148;116m+[38;2;174;142;110m+[38;2;142;117;81m=[38;2;154;129;93m+[38;2;179;159;138m*[38;2;94;74;53m-[38;2;12;6;8m [38;2;12;6;8m [38;2;105;49;30m:[38;2;198;142;123m+[38;2;224;164;139m*[38;2;215;155;130m*[38;2;194;137;112m+[38;2;146;89;64m=[38;2;172;113;83m=[38;2;135;76;46m-[38;2;83;43;35m:[38;2;59;19;11m.[38;2;127;87;61m-[38;2;200;160;134m*[38;2;208;175;146m*[38;2;147;114;85m=[38;2;163;139;117m+[38;2;157;133;111m+[38;2;62;41;29m:[38;2;110;89;77m-[38;2;112;91;78m-[38;2;75;54;41m:[0m
[38;2;158;125;110m+[38;2;156;123;108m+[38;2;170;137;108m+[38;2;195;162;133m*[38;2;165;139;110m+[38;2;130;104;75m=[38;2;182;166;147m*[38;2;33;17;0m.[38;2;19;3;7m [38;2;46;30;34m.[38;2;200;135;107m+[38;2;208;143;115m+[38;2;217;157;129m*[38;2;217;157;129m*[38;2;218;163;137m*[38;2;151;96;70m=[38;2;195;139;110m+[38;2;121;65;36m-[38;2;77;38;35m:[38;2;54;15;12m.[38;2;149;109;78m=[38;2;181;141;110m+[38;2;198;168;134m*[38;2;130;100;66m=[38;2;159;135;113m+[38;2;164;140;118m+[38;2;62;38;30m:[38;2;119;95;87m=[38;2;122;99;85m=[38;2;83;60;46m:[0m
[38;2;156;126;104m+[38;2;164;134;112m+[38;2;172;142;107m+[38;2;197;167;132m*[38;2;149;124;95m=[38;2;132;107;78m=[38;2;129;117;107m=[38;2;19;7;0m [38;2;24;1;0m [38;2;80;57;54m:[38;2;177;112;84m=[38;2;221;156;128m*[38;2;222;168;138m*[38;2;222;168;138m*[38;2;206;147;115m*[38;2;196;137;105m+[38;2;199;142;116m+[38;2;107;50;24m:[38;2;68;31;29m.[38;2;53;16;14m.[38;2;118;79;50m-[38;2;171;132;103m+[38;2;177;145;122m+[38;2;125;93;70m-[38;2;170;145;127m+[38;2;146;121;103m=[38;2;63;42;30m:[38;2;114;93;81m-[38;2;118;96;79m=[38;2;80;58;41m:[0m
[38;2;150;122;104m=[38;2;165;137;119m+[38;2;179;147;112m+[38;2;190;158;123m*[38;2;151;125;97m+[38;2;151;125;97m+[38;2;123;111;101m=[38;2;19;7;0m [38;2;32;2;0m [38;2;115;85;79m-[38;2;197;131;99m+[38;2;216;150;118m*[38;2;226;173;141m*[38;2;217;164;132m*[38;2;198;142;111m+[38;2;215;159;128m*[38;2;187;131;102m+[38;2;119;63;34m-[38;2;56;19;15m.[38;2;66;29;25m.[38;2;50;23;16m.[38;2;75;48;41m:[38;2;117;86;70m-[38;2;118;87;71m-[38;2;157;132;113m+[38;2;146;121;102m=[38;2;64;47;34m:[38;2;101;84;71m-[38;2;117;96;81m=[38;2;77;56;41m:[0m
[38;2;154;128;107m+[38;2;159;133;112m+[38;2;165;132;106m+[38;2;152;119;93m=[38;2;122;96;67m=[38;2;164;138;109m+[38;2;126;110;101m=[38;2;26;10;1m [38;2;35;3;0m [38;2;166;134;123m+[38;2;160;108;89m=[38;2;160;108;89m=[38;2;221;165;132m*[38;2;216;160;127m*[38;2;185;126;94m+[38;2;215;156;124m*[38;2;182;126;97m+[38;2;137;81;52m-[38;2;47;11;4m.[38;2;89;53;46m:[38;2;93;58;56m:[38;2;103;68;66m-[38;2;154;100;74m=[38;2;150;96;70m=[38;2;148;120;103m=[38;2;130;102;85m=[38;2;70;49;36m:[38;2;130;109;96m=[38;2;108;85;71m-[38;2;82;59;45m:[0m
[38;2;157;133;109m+[38;2;165;141;117m+[38;2;141;110;84m=[38;2;153;122;96m=[38;2;134;103;76m=[38;2;184;153;126m*[38;2;132;114;106m=[38;2;26;8;0m [38;2;32;3;0m [38;2;161;132;122m+[38;2;87;58;62m:[38;2;44;15;19m.[38;2;201;142;107m+[38;2;207;148;113m*[38;2;185;122;93m+[38;2;185;122;93m+[38;2;151;94;69m=[38;2;130;73;48m-[38;2;42;12;14m.[38;2;86;56;58m:[38;2;207;169;162m*[38;2;157;119;112m=[38;2;199;138;113m+[38;2;190;129;104m+[38;2;135;100;84m=[38;2;133;98;82m=[38;2;56;35;22m.[38;2;141;120;107m=[38;2;128;108;90m=[38;2;83;63;45m:[0m
[38;2;158;138;108m+[38;2;177;157;127m*[38;2;146;119;96m=[38;2;135;108;85m=[38;2;127;96;70m=[38;2;184;153;127m*[38;2;102;78;72m-[38;2;35;11;5m.[38;2;27;1;0m [38;2;159;133;123m+[38;2;79;57;61m:[38;2;35;13;17m.[38;2;182;127;90m+[38;2;199;144;107m+[38;2;188;125;94m+[38;2;173;110;79m=[38;2;178;120;100m+[38;2;121;63;43m-[38;2;69;44;44m:[38;2;145;120;120m=[38;2;221;178;166m#[38;2;167;124;112m+[38;2;202;143;113m+[38;2;193;134;104m+[38;2;135;99;79m=[38;2;126;90;70m-[38;2;67;46;33m:[38;2;127;106;93m=[38;2;111;90;78m-[38;2;66;45;33m:[0m
[38;2;143;124;100m=[38;2;135;116;92m=[38;2;153;127;104m+[38;2;123;97;74m=[38;2;142;113;86m=[38;2;169;140;113m+[38;2;58;34;30m.[38;2;39;15;11m.[38;2;32;3;0m [38;2;145;116;106m=[38;2;112;81;81m-[38;2;57;26;26m.[38;2;182;128;94m+[38;2;198;144;110m+[38;2;191;131;99m+[38;2;166;106;74m=[38;2;127;79;68m-[38;2;106;58;47m:[38;2;181;162;158m*[38;2;185;166;162m*[38;2;214;166;150m*[38;2;185;137;121m+[38;2;202;146;115m+[38;2;186;130;99m+[38;2;136;104;83m=[38;2;114;82;61m-[38;2;67;45;36m:[38;2;145;123;114m=[38;2;108;85;73m-[38;2;84;61;49m:[0m
