[38;2;255;255;255m@[38;2;255;255;255m@[38;2;255;255;255m@[38;2;255;255;255m@[38;2;255;255;255m@[38;2;255;255;255m@[38;2;255;255;255m@[38;2;255;255;255m@[38;2;255;255;255m@[38;2;255;255;255m@[38;2;255;255;255m@[38;2;255;255;255m@[38;2;255;255;255m@[38;2;255;255;255m@[38;2;255;255;255m@[38;2;255;255;255m@[38;2;255;255;255m@[38;2;255;255;255m@[38;2;255;255;255m@[38;2;255;254;253m@[38;2;255;255;255m@[38;2;255;255;255m@[38;2;255;255;255m@[38;2;255;255;255m@[38;2;255;255;255m@[38;2;255;255;255m@[38;2;255;255;255m@[38;2;255;255;255m@[38;2;255;255;255m@[38;2;255;255;255m@[0m
[38;2;255;255;255m@[38;2;254;255;255m@[38;2;255;255;255m@[38;2;254;255;255m@[38;2;255;255;255m@[38;2;255;255;255m@[38;2;255;255;255m@[38;2;255;255;255m@[38;2;255;255;255m@[38;2;255;255;255m@[38;2;255;255;255m@[38;2;255;255;255m@[38;2;255;255;255m@[38;2;255;255;255m@[38;2;255;255;255m@[38;2;255;255;255m@[38;2;255;255;255m@[38;2;255;255;255m@[38;2;255;255;254m@[38;2;255;255;254m@[38;2;255;255;255m@[38;2;255;255;255m@[38;2;255;255;255m@[38;2;255;255;255m@[38;2;255;255;255m@[38;2;255;255;255m@[38;2;255;255;255m@[38;2;255;255;255m@[38;2;255;255;255m@[38;2;255;255;255m@[0m
[38;2;254;255;255m@[38;2;254;255;255m@[38;2;255;255;255m@[38;2;255;255;255m@[38;2;252;254;254m@[38;2;255;255;255m@[38;2;255;255;255m@[38;2;255;255;255m@[38;2;255;255;255m@[38;2;255;255;255m@[38;2;255;255;255m@[38;2;255;255;255m@[38;2;255;255;255m@[38;2;255;255;255m@[38;2;255;255;255m@[38;2;255;255;255m@[38;2;255;255;255m@[38;2;255;255;255m@[38;2;255;255;255m@[38;2;254;254;254m@[38;2;252;249;250m@[38;2;252;248;248m@[38;2;255;255;255m@[38;2;255;255;255m@[38;2;255;255;255m@[38;2;254;254;254m@[38;2;255;255;255m@[38;2;255;255;255m@[38;2;255;255;255m@[38;2;255;255;255m@[0m
[38;2;253;254;255m@[38;2;243;243;243m@[38;2;218;218;218m%[38;2;233;233;233m%[38;2;221;222;221m%[38;2;212;212;211m#[38;2;217;217;217m%[38;2;216;216;216m%[38;2;216;216;216m%[38;2;246;246;246m@[38;2;255;255;255m@[38;2;255;255;255m@[38;2;255;255;255m@[38;2;255;255;255m@[38;2;255;255;255m@[38;2;255;255;255m@[38;2;255;255;255m@[38;2;255;255;255m@[38;2;255;254;255m@[38;2;253;252;251m@[38;2;152;133;136m+[38;2;169;150;155m+[38;2;255;255;255m@[38;2;254;253;253m@[38;2;237;224;227m%[38;2;255;255;255m@[38;2;255;255;255m@[38;2;255;255;255m@[38;2;255;255;255m@[38;2;255;255;255m@[0m
[38;2;254;255;255m@[38;2;236;236;237m%[38;2;195;195;195m#[38;2;225;226;225m%[38;2;209;209;208m#[38;2;194;194;193m#[38;2;208;208;207m#[38;2;216;216;215m%[38;2;194;194;193m#[38;2;243;243;243m@[38;2;255;255;255m@[38;2;255;255;255m@[38;2;255;255;255m@[38;2;255;255;255m@[38;2;255;255;255m@[38;2;255;255;255m@[38;2;255;255;255m@[38;2;255;255;255m@[38;2;253;253;253m@[38;2;229;220;224m%[38;2;128;104;110m=[38;2;86;69;69m-[38;2;255;255;255m@[38;2;192;183;193m#[38;2;163;146;163m+[38;2;255;255;255m@[38;2;255;255;255m@[38;2;255;255;255m@[38;2;255;255;255m@[38;2;255;255;255m@[0m
[38;2;255;255;255m@[38;2;240;240;240m%[38;2;212;212;212m#[38;2;212;213;213m%[38;2;209;210;209m#[38;2;232;233;233m%[38;2;255;255;255m@[38;2;255;255;255m@[38;2;255;255;255m@[38;2;255;255;255m@[38;2;255;255;255m@[38;2;255;255;255m@[38;2;255;255;255m@[38;2;255;255;255m@[38;2;255;255;255m@[38;2;255;255;255m@[38;2;255;255;255m@[38;2;254;254;254m@[38;2;250;249;250m@[38;2;238;231;235m%[38;2;114;93;96m-[38;2;68;52;50m:[38;2;255;255;255m@[38;2;235;232;236m%[38;2;192;182;184m#[38;2;255;255;255m@[38;2;255;255;255m@[38;2;255;255;255m@[38;2;255;255;255m@[38;2;254;254;255m@[0m
[38;2;255;255;255m@[38;2;255;255;255m@[38;2;255;255;255m@[38;2;253;254;254m@[38;2;241;249;248m@[38;2;252;254;255m@[38;2;255;255;255m@[38;2;255;255;255m@[38;2;255;255;255m@[38;2;255;255;255m@[38;2;255;255;255m@[38;2;255;255;255m@[38;2;255;255;255m@[38;2;255;255;255m@[38;2;255;255;255m@[38;2;255;255;255m@[38;2;255;255;255m@[38;2;251;252;252m@[38;2;249;249;251m@[38;2;231;225;232m%[38;2;134;120;126m=[38;2;111;99;99m=[38;2;251;254;255m@[38;2;244;242;248m@[38;2;176;162;190m*[38;2;254;254;255m@[38;2;255;255;255m@[38;2;255;255;255m@[38;2;255;255;255m@[38;2;254;254;255m@[0m
[38;2;255;255;255m@[38;2;255;255;255m@[38;2;254;255;255m@[38;2;249;253;254m@[38;2;213;237;239m%[38;2;244;250;254m@[38;2;254;255;255m@[38;2;255;255;255m@[38;2;255;255;255m@[38;2;255;255;255m@[38;2;255;255;255m@[38;2;255;255;255m@[38;2;255;255;255m@[38;2;255;255;255m@[38;2;255;255;255m@[38;2;255;255;255m@[38;2;255;255;255m@[38;2;251;251;252m@[38;2;245;244;247m@[38;2;239;237;240m%[38;2;143;135;140m+[38;2;67;58;69m:[38;2;252;254;255m@[38;2;245;246;250m@[38;2;231;226;237m%[38;2;254;255;255m@[38;2;255;255;255m@[38;2;255;255;255m@[38;2;255;255;255m@[38;2;254;254;255m@[0m
[38;2;254;255;255m@[38;2;254;255;255m@[38;2;249;253;255m@[38;2;215;238;244m%[38;2;184;217;227m#[38;2;248;252;254m@[38;2;254;255;255m@[38;2;255;255;255m@[38;2;255;255;255m@[38;2;255;255;255m@[38;2;255;255;255m@[38;2;255;255;255m@[38;2;255;255;255m@[38;2;255;255;255m@[38;2;255;255;255m@[38;2;255;255;255m@[38;2;255;255;255m@[38;2;252;252;253m@[38;2;239;235;236m%[38;2;215;207;209m#[38;2;123;105;127m=[38;2;158;141;148m+[38;2;202;189;206m#[38;2;210;201;217m#[38;2;211;203;215m#[38;2;250;250;251m@[38;2;255;255;255m@[38;2;255;255;255m@[38;2;252;251;253m@[38;2;250;250;253m@[0m
[38;2;254;255;255m@[38;2;252;254;255m@[38;2;227;243;253m%[38;2;164;204;220m#[38;2;146;182;195m*[38;2;231;244;251m@[38;2;254;255;255m@[38;2;255;255;255m@[38;2;255;255;255m@[38;2;255;255;255m@[38;2;255;255;255m@[38;2;255;255;255m@[38;2;255;255;255m@[38;2;255;255;255m@[38;2;255;255;255m@[38;2;255;255;255m@[38;2;255;255;255m@[38;2;252;252;253m@[38;2;231;229;237m%[38;2;186;176;204m*[38;2;195;187;212m#[38;2;192;185;209m#[38;2;204;200;221m#[38;2;222;221;235m%[38;2;229;231;241m%[38;2;247;248;250m@[38;2;251;252;253m@[38;2;248;247;249m@[38;2;234;232;242m%[38;2;236;235;243m%[0m
[38;2;253;255;255m@[38;2;254;255;255m@[38;2;224;242;252m%[38;2;179;214;232m#[38;2;159;197;215m#[38;2;205;233;247m%[38;2;250;253;255m@[38;2;255;255;255m@[38;2;255;255;255m@[38;2;255;255;255m@[38;2;255;255;255m@[38;2;255;255;255m@[38;2;255;255;255m@[38;2;255;255;255m@[38;2;255;255;255m@[38;2;255;255;255m@[38;2;254;255;255m@[38;2;251;253;254m@[38;2;213;212;231m%[38;2;207;209;229m#[38;2;224;235;246m%[38;2;216;214;229m%[38;2;231;236;244m%[38;2;236;244;252m@[38;2;239;244;251m@[38;2;248;250;253m@[38;2;234;233;238m%[38;2;218;212;220m%[38;2;213;208;227m#[38;2;222;220;235m%[0m
[38;2;253;255;255m@[38;2;249;253;255m@[38;2;237;248;254m@[38;2;206;228;239m%[38;2;160;192;201m#[38;2;222;241;248m%[38;2;244;251;255m@[38;2;254;255;255m@[38;2;255;255;255m@[38;2;255;255;255m@[38;2;255;255;255m@[38;2;255;255;255m@[38;2;255;255;255m@[38;2;255;255;255m@[38;2;255;255;255m@[38;2;255;255;255m@[38;2;254;255;255m@[38;2;244;248;252m@[38;2;226;239;249m%[38;2;224;238;249m%[38;2;208;227;241m%[38;2;230;205;195m#[38;2;236;232;233m%[38;2;230;235;244m%[38;2;223;225;239m%[38;2;235;234;242m%[38;2;201;202;216m#[38;2;192;191;216m#[38;2;151;163;199m*[38;2;166;191;220m#[0m
[38;2;247;252;255m@[38;2;234;246;253m@[38;2;220;241;252m%[38;2;199;222;233m%[38;2;162;192;198m#[38;2;239;248;251m@[38;2;250;253;255m@[38;2;254;255;255m@[38;2;255;255;255m@[38;2;255;255;255m@[38;2;255;255;255m@[38;2;255;255;255m@[38;2;255;255;255m@[38;2;255;255;255m@[38;2;255;255;255m@[38;2;255;255;255m@[38;2;252;254;255m@[38;2;222;237;247m%[38;2;202;225;242m%[38;2;192;220;240m%[38;2;130;180;208m*[38;2;170;139;128m+[38;2;228;226;228m%[38;2;224;231;242m%[38;2;223;224;236m%[38;2;233;233;240m%[38;2;101;114;130m=[38;2;27;90;130m-[38;2;13;62;90m:[38;2;5;101;155m-[0m
[38;2;228;244;251m@[38;2;175;208;226m#[38;2;215;238;252m%[38;2;128;157;171m+[38;2;133;163;171m*[38;2;222;241;250m%[38;2;246;251;255m@[38;2;250;253;255m@[38;2;252;254;255m@[38;2;253;255;255m@[38;2;255;255;255m@[38;2;255;255;255m@[38;2;255;255;255m@[38;2;252;254;255m@[38;2;248;252;254m@[38;2;247;252;254m@[38;2;245;251;254m@[38;2;223;241;250m%[38;2;198;223;242m%[38;2;144;197;229m#[38;2;58;132;161m=[38;2;133;173;197m*[38;2;201;216;233m%[38;2;212;221;237m%[38;2;232;235;244m%[38;2;224;223;230m%[38;2;51;133;187m=[38;2;15;11;11m [38;2;13;29;41m.[38;2;1;122;192m=[0m
[38;2;215;238;249m%[38;2;217;237;247m%[38;2;211;231;242m%[38;2;147;174;188m*[38;2;83;112;120m=[38;2;158;193;210m#[38;2;205;229;242m%[38;2;210;235;246m%[38;2;229;243;251m%[38;2;228;244;251m@[38;2;220;241;249m%[38;2;226;243;251m%[38;2;232;246;252m@[38;2;241;249;253m@[38;2;238;248;253m@[38;2;241;249;253m@[38;2;240;249;252m@[38;2;220;237;247m%[38;2;194;216;237m%[38;2;84;175;212m*[38;2;34;105;132m-[38;2;140;141;148m+[38;2;208;206;213m#[38;2;215;231;245m%[38;2;212;220;231m%[38;2;212;213;220m%[38;2;54;91;119m-[38;2;11;43;64m.[38;2;13;26;37m.[38;2;5;95;147m-[0m
[38;2;211;236;248m%[38;2;221;239;249m%[38;2;207;230;243m%[38;2;127;153;167m+[38;2;132;165;181m*[38;2;156;186;202m*[38;2;172;205;223m#[38;2;166;194;209m#[38;2;183;216;232m#[38;2;193;226;241m%[38;2;183;219;236m%[38;2;176;217;236m#[38;2;189;226;243m%[38;2;191;226;241m%[38;2;182;220;238m%[38;2;203;233;247m%[38;2;196;230;246m%[38;2;163;212;234m#[38;2;122;189;224m*[38;2;31;134;174m=[38;2;36;107;133m-[38;2;140;97;84m=[38;2;177;176;185m*[38;2;154;196;228m#[38;2;164;183;204m*[38;2;175;165;171m*[38;2;102;126;155m=[38;2;81;121;160m=[38;2;83;110;134m=[38;2;145;173;201m*[0m
[38;2;243;250;253m@[38;2;235;245;249m@[38;2;240;248;252m@[38;2;183;209;222m#[38;2;197;224;238m%[38;2;189;220;236m%[38;2;170;202;219m#[38;2;156;182;196m*[38;2;115;145;158m+[38;2;143;169;182m*[38;2;171;200;216m#[38;2;163;199;217m#[38;2;176;212;230m#[38;2;164;201;218m#[38;2;158;188;202m*[38;2;176;207;223m#[38;2;162;201;217m#[38;2;164;213;232m#[38;2;100;181;216m*[38;2;30;149;191m=[38;2;23;97;124m-[38;2;113;87;89m-[38;2;119;140;158m+[38;2;87;184;226m*[38;2;135;192;222m*[38;2;169;179;191m*[38;2;153;125;126m+[38;2;103;79;75m-[38;2;175;175;187m*[38;2;129;125;163m+[0m
[38;2;225;241;249m%[38;2;206;228;239m%[38;2;166;192;205m#[38;2;131;158;172m+[38;2;159;191;207m#[38;2;165;198;214m#[38;2;125;151;164m+[38;2;146;171;185m*[38;2;120;149;162m+[38;2;146;174;188m*[38;2;155;185;201m*[38;2;145;175;191m*[38;2;182;216;233m#[38;2;144;180;196m*[38;2;163;196;211m#[38;2;148;183;199m*[38;2;137;173;189m*[38;2;156;200;216m#[38;2;104;175;204m*[38;2;69;139;177m=[38;2;28;84;110m-[38;2;100;90;111m-[38;2;96;129;161m=[38;2;84;153;193m+[38;2;109;178;210m*[38;2;166;198;211m#[38;2;212;212;221m%[38;2;192;192;199m#[38;2;145;149;173m+[38;2;65;64;128m:[0m
[38;2;231;245;252m@[38;2;226;242;251m%[38;2;201;226;239m%[38;2;152;185;201m*[38;2;163;189;202m#[38;2;164;196;210m#[38;2;112;137;148m+[38;2;148;177;192m*[38;2;111;138;150m+[38;2;75;96;105m-[38;2;99;122;133m=[38;2;143;171;186m*[38;2;156;188;204m*[38;2;145;184;201m*[38;2;133;162;176m*[38;2;101;123;136m=[38;2;111;132;144m+[38;2;149;186;202m*[38;2;128;182;200m*[38;2;98;176;203m*[38;2;96;182;211m*[38;2;83;150;174m+[38;2;144;200;224m#[38;2;163;209;228m#[38;2;164;210;223m#[38;2;199;222;230m%[38;2;212;219;227m%[38;2;203;204;208m#[38;2;206;207;211m#[38;2;152;156;168m*[0m
[38;2;240;249;253m@[38;2;230;244;250m@[38;2;226;242;250m%[38;2;179;212;228m#[38;2;197;217;226m%[38;2;187;219;233m%[38;2;131;155;168m+[38;2;139;169;182m*[38;2;113;142;155m+[38;2;76;98;107m-[38;2;92;117;128m=[38;2;133;160;174m+[38;2;127;158;172m+[38;2;135;170;186m*[38;2;142;168;183m*[38;2;169;193;209m#[38;2;145;169;186m*[38;2;170;206;222m#[38;2;211;234;243m%[38;2;140;178;192m*[38;2;138;180;195m*[38;2;110;148;161m+[38;2;204;233;241m%[38;2;184;222;234m%[38;2;220;239;246m%[38;2;220;239;247m%[38;2;237;247;251m@[38;2;255;255;255m@[38;2;255;255;255m@[38;2;255;255;255m@[0m
[38;2;198;218;228m%[38;2;210;226;233m%[38;2;223;237;244m%[38;2;188;217;231m#[38;2;200;226;239m%[38;2;200;225;238m%[38;2;187;203;211m#[38;2;179;197;207m#[38;2;165;193;205m#[38;2;132;159;171m+[38;2;145;173;186m*[38;2;156;183;197m*[38;2;167;201;216m#[38;2;171;202;217m#[38;2;188;212;230m#[38;2;189;213;228m#[38;2;188;210;226m#[38;2;211;228;244m%[38;2;159;191;207m#[38;2;143;182;196m*[38;2;193;222;234m%[38;2;185;219;231m%[38;2;216;238;245m%[38;2;232;244;249m@[38;2;206;233;244m%[38;2;200;229;239m%[38;2;247;252;253m@[38;2;255;255;255m@[38;2;255;255;255m@[38;2;255;255;255m@[0m
[38;2;219;236;244m%[38;2;178;204;217m#[38;2;148;174;188m*[38;2;137;165;179m*[38;2;149;174;187m*[38;2;203;221;230m%[38;2;179;207;222m#[38;2;199;225;239m%[38;2;169;201;215m#[38;2;213;231;241m%[38;2;212;235;245m%[38;2;179;210;224m#[38;2;201;227;239m%[38;2;195;222;235m%[38;2;223;238;250m%[38;2;218;235;247m%[38;2;226;237;247m%[38;2;221;236;247m%[38;2;213;235;246m%[38;2;200;229;241m%[38;2;190;218;231m%[38;2;172;214;230m#[38;2;212;234;243m%[38;2;197;218;227m%[38;2;189;223;237m%[38;2;219;234;241m%[38;2;252;254;255m@[38;2;255;255;255m@[38;2;255;255;255m@[38;2;255;255;255m@[0m
[38;2;251;253;255m@[38;2;248;252;254m@[38;2;243;250;253m@[38;2;230;241;246m%[38;2;193;217;229m%[38;2;155;189;205m*[38;2;155;184;200m*[38;2;171;202;218m#[38;2;162;193;209m#[38;2;171;196;208m#[38;2;226;239;245m%[38;2;192;217;229m%[38;2;204;231;242m%[38;2;224;242;251m%[38;2;238;245;252m@[38;2;232;241;249m%[38;2;199;221;236m%[38;2;207;230;246m%[38;2;223;242;251m%[38;2;232;245;251m@[38;2;207;232;245m%[38;2;198;215;223m#[38;2;189;217;229m#[38;2;154;187;201m*[38;2;198;228;239m%[38;2;242;249;252m@[38;2;254;255;255m@[38;2;255;255;255m@[38;2;255;255;255m@[38;2;255;255;255m@[0m
[38;2;254;255;255m@[38;2;254;255;255m@[38;2;253;255;255m@[38;2;254;255;255m@[38;2;245;251;253m@[38;2;226;241;247m%[38;2;202;227;240m%[38;2;145;173;186m*[38;2;189;219;234m%[38;2;151;182;197m*[38;2;168;192;204m#[38;2;230;244;250m@[38;2;196;224;237m%[38;2;221;236;247m%[38;2;208;227;241m%[38;2;160;185;200m*[38;2;205;220;230m%[38;2;172;200;218m#[38;2;160;187;200m*[38;2;172;200;215m#[38;2;209;233;244m%[38;2;215;233;243m%[38;2;188;222;239m%[38;2;152;187;201m*[38;2;219;239;247m%[38;2;253;255;255m@[38;2;255;255;255m@[38;2;255;255;255m@[38;2;255;255;255m@[38;2;255;255;255m@[0m
[38;2;255;255;255m@[38;2;255;255;255m@[38;2;254;255;255m@[38;2;253;255;255m@[38;2;250;253;255m@[38;2;242;250;252m@[38;2;253;254;255m@[38;2;207;227;236m%[38;2;167;199;216m#[38;2;176;209;226m#[38;2;121;147;160m+[38;2;169;188;200m#[38;2;220;234;246m%[38;2;187;214;231m#[38;2;172;202;220m#[38;2;180;205;221m#[38;2;178;195;206m#[38;2;221;238;248m%[38;2;185;211;226m#[38;2;213;234;245m%[38;2;221;237;245m%[38;2;188;217;234m#[38;2;171;200;216m#[38;2;169;190;199m#[38;2;252;254;255m@[38;2;255;255;255m@[38;2;255;255;255m@[38;2;255;255;255m@[38;2;255;255;255m@[38;2;255;255;255m@[0m
[38;2;254;255;255m@[38;2;255;255;255m@[38;2;253;255;255m@[38;2;253;255;255m@[38;2;253;255;255m@[38;2;254;255;255m@[38;2;252;254;255m@[38;2;249;253;254m@[38;2;159;187;201m*[38;2;158;191;207m#[38;2;153;183;198m*[38;2;113;133;146m+[38;2;168;191;207m#[38;2;168;198;217m#[38;2;178;210;229m#[38;2;199;223;239m%[38;2;221;234;242m%[38;2;205;229;247m%[38;2;214;233;247m%[38;2;197;216;229m%[38;2;193;215;227m#[38;2;188;219;236m%[38;2;175;203;218m#[38;2;233;242;245m%[38;2;253;254;255m@[38;2;255;255;255m@[38;2;255;255;255m@[38;2;255;255;255m@[38;2;255;255;255m@[38;2;255;255;255m@[0m
[38;2;253;255;255m@[38;2;255;255;255m@[38;2;255;255;255m@[38;2;255;255;255m@[38;2;254;255;255m@[38;2;253;255;255m@[38;2;249;253;254m@[38;2;250;253;254m@[38;2;143;166;178m*[38;2;146;175;190m*[38;2;144;173;188m*[38;2;148;173;190m*[38;2;144;168;183m*[38;2;178;208;229m#[38;2;162;192;212m#[38;2;217;232;242m%[38;2;197;223;241m%[38;2;188;214;230m#[38;2;186;208;223m#[38;2;189;204;214m#[38;2;180;209;226m#[38;2;183;210;226m#[38;2;145;166;177m*[38;2;251;253;254m@[38;2;254;255;255m@[38;2;255;255;255m@[38;2;255;255;255m@[38;2;255;255;255m@[38;2;255;255;255m@[38;2;255;255;255m@[0m
[38;2;253;254;255m@[38;2;255;255;255m@[38;2;255;255;255m@[38;2;255;255;255m@[38;2;254;255;255m@[38;2;254;255;255m@[38;2;253;254;255m@[38;2;232;238;241m%[38;2;118;143;156m+[38;2;144;173;187m*[38;2;146;174;189m*[38;2;140;167;182m*[38;2;178;208;227m#[38;2;161;194;217m#[38;2;184;207;223m#[38;2;201;223;240m%[38;2;198;227;245m%[38;2;209;228;245m%[38;2;136;159;176m+[38;2;200;216;225m%[38;2;197;223;238m%[38;2;150;173;186m*[38;2;187;200;206m#[38;2;253;254;255m@[38;2;255;255;255m@[38;2;255;255;255m@[38;2;255;255;255m@[38;2;255;255;255m@[38;2;255;255;255m@[38;2;255;255;255m@[0m
[38;2;252;254;255m@[38;2;255;255;255m@[38;2;255;255;255m@[38;2;255;255;255m@[38;2;254;255;255m@[38;2;251;253;254m@[38;2;234;245;250m@[38;2;150;172;182m*[38;2;128;156;169m+[38;2;149;177;192m*[38;2;142;170;185m*[38;2;150;181;197m*[38;2;162;196;213m#[38;2;169;201;223m#[38;2;193;209;224m#[38;2;190;220;239m%[38;2;207;233;247m%[38;2;199;223;237m%[38;2;147;166;177m*[38;2;153;175;186m*[38;2;148;177;191m*[38;2;117;137;147m+[38;2;240;246;248m@[38;2;254;255;255m@[38;2;255;255;255m@[38;2;255;255;255m@[38;2;255;255;255m@[38;2;255;255;255m@[38;2;255;255;255m@[38;2;255;255;255m@[0m
[38;2;254;255;255m@[38;2;255;255;255m@[38;2;255;255;255m@[38;2;250;253;254m@[38;2;250;253;254m@[38;2;235;246;250m@[38;2;166;195;208m#[38;2;109;135;147m+[38;2;137;165;179m*[38;2;136;167;182m*[38;2;148;177;192m*[38;2;157;192;209m#[38;2;161;197;214m#[38;2;192;216;232m#[38;2;196;221;238m%[38;2;187;222;239m%[38;2;202;232;245m%[38;2;160;191;205m#[38;2;168;185;193m*[38;2;124;151;164m+[38;2;147;176;190m*[38;2;81;97;104m-[38;2;250;253;254m@[38;2;253;254;255m@[38;2;255;255;255m@[38;2;255;255;255m@[38;2;255;255;255m@[38;2;255;255;255m@[38;2;255;255;255m@[38;2;255;255;255m@[0m
