[38;2;45;53;72m:[38;2;45;53;72m:[38;2;45;53;72m:[38;2;45;53;72m:[38;2;45;53;72m:[38;2;45;53;72m:[38;2;45;53;72m:[38;2;45;53;72m:[38;2;45;53;72m:[38;2;45;53;72m:[38;2;45;53;72m:[38;2;45;53;72m:[38;2;45;53;72m:[38;2;45;53;72m:[38;2;45;53;72m:[38;2;45;53;72m:[38;2;45;53;72m:[38;2;45;53;72m:[38;2;45;53;72m:[38;2;45;53;72m:[38;2;45;53;72m:[38;2;45;53;72m:[38;2;45;53;72m:[38;2;45;53;72m:[38;2;45;53;72m:[38;2;45;53;72m:[38;2;45;53;72m:[38;2;45;53;72m:[38;2;45;53;72m:[38;2;45;53;72m:[0m
[38;2;45;53;72m:[38;2;45;53;72m:[38;2;45;53;72m:[38;2;45;53;72m:[38;2;45;53;72m:[38;2;45;53;72m:[38;2;45;53;72m:[38;2;45;53;72m:[38;2;45;53;72m:[38;2;45;53;72m:[38;2;45;53;72m:[38;2;45;53;72m:[38;2;45;53;72m:[38;2;45;53;72m:[38;2;45;53;72m:[38;2;45;53;72m:[38;2;45;53;72m:[38;2;45;53;72m:[38;2;45;53;72m:[38;2;45;53;72m:[38;2;45;53;72m:[38;2;45;53;72m:[38;2;45;53;72m:[38;2;45;53;72m:[38;2;45;53;72m:[38;2;45;53;72m:[38;2;45;53;72m:[38;2;45;53;72m:[38;2;45;53;72m:[38;2;45;53;72m:[0m
[38;2;45;53;72m:[38;2;45;53;72m:[38;2;45;53;72m:[38;2;45;53;72m:[38;2;45;53;72m:[38;2;45;53;72m:[38;2;45;53;72m:[38;2;45;53;72m:[38;2;45;53;72m:[38;2;45;53;72m:[38;2;45;53;72m:[38;2;45;53;72m:[38;2;45;53;72m:[38;2;45;53;72m:[38;2;45;53;72m:[38;2;45;53;72m:[38;2;45;53;72m:[38;2;45;53;72m:[38;2;45;53;72m:[38;2;45;53;72m:[38;2;66;74;91m-[38;2;93;100;115m=[38;2;99;106;120m=[38;2;106;112;126m=[38;2;92;99;114m-[38;2;84;91;105m-[38;2;65;76;80m-[38;2;65;75;80m-[38;2;64;75;80m-[38;2;56;66;77m:[0m
[38;2;45;53;72m:[38;2;45;53;72m:[38;2;45;53;72m:[38;2;45;53;72m:[38;2;45;53;72m:[38;2;45;53;72m:[38;2;45;53;72m:[38;2;45;53;72m:[38;2;45;53;72m:[38;2;45;53;72m:[38;2;45;53;72m:[38;2;45;53;72m:[38;2;45;53;72m:[38;2;45;53;72m:[38;2;45;53;72m:[38;2;45;53;72m:[38;2;45;53;72m:[38;2;45;53;72m:[38;2;45;53;72m:[38;2;45;53;72m:[38;2;45;53;72m:[38;2;45;53;72m:[38;2;45;53;72m:[38;2;45;53;72m:[38;2;45;53;72m:[38;2;45;53;72m:[38;2;45;53;72m:[38;2;45;53;72m:[38;2;45;53;72m:[38;2;45;53;72m:[0m
[38;2;45;53;72m:[38;2;45;53;72m:[38;2;45;53;72m:[38;2;45;53;72m:[38;2;45;53;72m:[38;2;45;53;72m:[38;2;45;53;72m:[38;2;45;53;72m:[38;2;45;53;72m:[38;2;45;53;72m:[38;2;45;53;72m:[38;2;45;53;72m:[38;2;45;53;72m:[38;2;45;53;72m:[38;2;45;53;72m:[38;2;45;53;72m:[38;2;45;53;72m:[38;2;45;53;72m:[38;2;45;53;72m:[38;2;45;53;72m:[38;2;45;53;72m:[38;2;45;53;72m:[38;2;45;53;72m:[38;2;45;53;72m:[38;2;45;53;72m:[38;2;45;53;72m:[38;2;45;53;72m:[38;2;45;53;72m:[38;2;45;53;72m:[38;2;45;53;72m:[0m
[38;2;51;60;77m:[38;2;50;58;75m:[38;2;50;58;75m:[38;2;51;59;76m:[38;2;51;60;77m:[38;2;51;60;76m:[38;2;51;59;76m:[38;2;46;55;73m:[38;2;45;54;72m:[38;2;45;54;73m:[38;2;45;54;73m:[38;2;45;54;73m:[38;2;45;54;73m:[38;2;45;53;72m:[38;2;45;53;72m:[38;2;45;53;72m:[38;2;45;53;72m:[38;2;45;53;72m:[38;2;45;53;72m:[38;2;45;53;72m:[38;2;45;53;72m:[38;2;45;53;72m:[38;2;45;53;72m:[38;2;45;53;72m:[38;2;45;53;72m:[38;2;45;53;72m:[38;2;45;53;72m:[38;2;45;53;72m:[38;2;45;53;72m:[38;2;45;53;72m:[0m
[38;2;183;177;164m*[38;2;177;172;161m*[38;2;169;165;155m*[38;2;160;156;149m*[38;2;150;147;142m+[38;2;138;137;135m+[38;2;126;126;126m=[38;2;118;119;121m=[38;2;107;109;114m=[38;2;87;91;100m-[38;2;67;74;87m-[38;2;53;61;78m:[38;2;52;61;77m:[38;2;52;60;77m:[38;2;46;55;74m:[38;2;45;54;73m:[38;2;45;54;73m:[38;2;45;53;72m:[38;2;45;53;72m:[38;2;45;53;72m:[38;2;45;53;72m:[38;2;45;53;72m:[38;2;45;53;72m:[38;2;45;53;72m:[38;2;45;53;72m:[38;2;45;53;72m:[38;2;45;53;72m:[38;2;45;53;72m:[38;2;45;53;72m:[38;2;45;53;72m:[0m
[38;2;182;176;163m*[38;2;179;174;162m*[38;2;177;172;161m*[38;2;176;171;160m*[38;2;176;171;160m*[38;2;175;170;159m*[38;2;174;169;159m*[38;2;172;168;158m*[38;2;170;166;156m*[38;2;170;166;156m*[38;2;172;167;157m*[38;2;165;161;153m*[38;2;143;142;138m+[38;2;121;122;123m=[38;2;105;107;112m=[38;2;75;81;92m-[38;2;55;63;79m:[38;2;55;63;79m:[38;2;49;57;75m:[38;2;45;54;73m:[38;2;45;54;73m:[38;2;45;53;72m:[38;2;45;53;72m:[38;2;45;53;72m:[38;2;45;53;72m:[38;2;45;53;72m:[38;2;45;53;72m:[38;2;45;53;72m:[38;2;45;53;72m:[38;2;45;53;72m:[0m
[38;2;166;162;153m*[38;2;164;160;152m*[38;2;162;158;150m*[38;2;158;155;148m+[38;2;155;152;146m+[38;2;157;154;147m+[38;2;161;157;149m*[38;2;167;163;154m*[38;2;165;161;152m*[38;2;160;156;149m*[38;2;159;155;148m+[38;2;159;155;148m+[38;2;159;156;149m*[38;2;159;156;149m*[38;2;159;156;148m*[38;2;163;159;151m*[38;2;154;151;145m+[38;2;125;125;125m=[38;2;95;99;106m-[38;2;61;68;83m:[38;2;55;63;79m:[38;2;49;58;76m:[38;2;45;54;73m:[38;2;45;54;72m:[38;2;45;53;72m:[38;2;45;53;72m:[38;2;45;53;72m:[38;2;45;53;72m:[38;2;45;53;72m:[38;2;45;53;72m:[0m
[38;2;196;188;173m#[38;2;194;186;171m#[38;2;191;184;169m#[38;2;189;182;168m*[38;2;186;179;166m*[38;2;177;172;160m*[38;2;165;161;153m*[38;2;150;148;143m+[38;2;144;142;138m+[38;2;140;138;136m+[38;2;143;141;138m+[38;2;151;148;143m+[38;2;152;150;144m+[38;2;145;143;139m+[38;2;145;143;139m+[38;2;146;144;140m+[38;2;149;147;142m+[38;2;150;148;142m+[38;2;153;150;144m+[38;2;154;151;145m+[38;2;123;124;125m=[38;2;77;83;94m-[38;2;57;65;80m:[38;2;53;61;77m:[38;2;45;54;72m:[38;2;45;54;72m:[38;2;45;53;72m:[38;2;45;53;72m:[38;2;45;53;72m:[38;2;45;53;72m:[0m
[38;2;201;193;176m#[38;2;199;192;175m#[38;2;197;189;173m#[38;2;194;187;171m#[38;2;192;185;170m#[38;2;189;182;168m*[38;2;184;178;165m*[38;2;179;174;162m*[38;2;174;170;159m*[38;2;171;167;157m*[38;2;156;153;147m+[38;2;137;136;134m+[38;2;124;124;125m=[38;2;131;130;130m+[38;2;141;140;136m+[38;2;139;138;135m+[38;2;131;131;130m+[38;2;133;133;131m+[38;2;138;137;134m+[38;2;145;143;139m+[38;2;145;143;139m+[38;2;153;150;144m+[38;2;134;134;132m+[38;2;73;79;91m-[38;2;59;66;81m:[38;2;51;59;76m:[38;2;45;54;73m:[38;2;45;53;72m:[38;2;45;53;72m:[38;2;45;53;72m:[0m
[38;2;205;197;179m#[38;2;203;195;178m#[38;2;201;193;176m#[38;2;198;191;174m#[38;2;195;188;172m#[38;2;192;185;170m#[38;2;188;181;167m*[38;2;184;178;165m*[38;2;180;175;163m*[38;2;174;169;159m*[38;2;168;163;154m*[38;2;162;158;150m*[38;2;158;155;148m+[38;2;143;141;138m+[38;2;118;119;121m=[38;2;114;116;119m=[38;2;133;132;131m+[38;2;130;130;130m+[38;2;122;123;124m=[38;2;126;126;127m=[38;2;133;132;131m+[38;2;142;140;137m+[38;2;141;140;137m+[38;2;153;151;145m+[38;2;110;113;116m=[38;2;56;64;79m:[38;2;57;65;81m:[38;2;45;54;73m:[38;2;45;53;72m:[38;2;45;53;72m:[0m
[38;2;194;187;172m#[38;2;201;193;176m#[38;2;200;192;175m#[38;2;199;191;175m#[38;2;196;189;173m#[38;2;193;186;170m#[38;2;190;183;168m*[38;2;185;179;166m*[38;2;180;174;162m*[38;2;174;169;158m*[38;2;171;166;156m*[38;2;166;162;153m*[38;2;157;154;147m+[38;2;150;147;142m+[38;2;145;144;140m+[38;2;135;134;132m+[38;2;107;109;114m=[38;2;112;113;117m=[38;2;134;133;132m+[38;2;115;117;119m=[38;2;119;120;122m=[38;2;125;125;126m=[38;2;136;135;133m+[38;2;140;139;136m+[38;2;146;144;140m+[38;2;132;132;131m+[38;2;55;63;78m:[38;2;61;68;83m:[38;2;45;54;73m:[38;2;45;53;72m:[0m
[38;2;145;143;139m+[38;2;148;146;141m+[38;2;164;160;151m*[38;2;181;175;163m*[38;2;192;184;170m#[38;2;189;182;168m*[38;2;188;182;168m*[38;2;183;177;165m*[38;2;179;173;162m*[38;2;175;170;160m*[38;2;168;164;155m*[38;2;161;158;150m*[38;2;159;155;148m+[38;2;152;150;144m+[38;2;142;140;137m+[38;2;137;136;134m+[38;2;133;132;131m+[38;2;112;114;117m=[38;2;96;99;106m-[38;2;131;131;130m+[38;2;110;112;116m=[38;2;115;116;119m=[38;2;122;123;124m=[38;2;135;134;132m+[38;2;140;139;136m+[38;2;146;144;140m+[38;2;124;124;125m=[38;2;53;61;77m:[38;2;58;66;81m:[38;2;45;54;73m:[0m
[38;2;140;139;136m+[38;2;142;140;137m+[38;2;137;136;134m+[38;2;132;132;131m+[38;2;143;142;138m+[38;2;170;166;156m*[38;2;180;175;163m*[38;2;180;174;162m*[38;2;177;172;161m*[38;2;171;167;157m*[38;2;166;162;153m*[38;2;162;158;150m*[38;2;152;149;143m+[38;2;149;147;142m+[38;2;145;143;139m+[38;2;131;131;130m+[38;2;126;127;127m=[38;2;121;122;123m=[38;2;105;107;113m=[38;2;91;95;103m-[38;2;131;130;130m+[38;2;103;105;111m=[38;2;115;117;120m=[38;2;126;126;126m=[38;2;138;137;134m+[38;2;137;136;134m+[38;2;157;154;147m+[38;2;78;84;94m-[38;2;66;73;86m-[38;2;45;54;73m:[0m
[38;2;108;110;115m=[38;2;125;125;126m=[38;2;130;130;129m+[38;2;132;132;131m+[38;2;128;128;128m+[38;2;123;123;124m=[38;2;148;146;141m+[38;2;173;168;158m*[38;2;170;165;155m*[38;2;169;165;155m*[38;2;162;159;151m*[38;2;155;152;146m+[38;2;152;149;144m+[38;2;141;139;136m+[38;2;138;137;134m+[38;2;132;131;130m+[38;2;117;119;121m=[38;2;114;116;119m=[38;2;111;113;117m=[38;2;92;96;104m-[38;2;102;104;110m=[38;2;115;117;119m=[38;2;108;110;115m=[38;2;120;121;123m=[38;2;134;133;132m+[38;2;143;142;138m+[38;2;141;140;137m+[38;2;124;125;125m=[38;2;54;62;78m:[38;2;57;65;80m:[0m
[38;2;75;81;93m-[38;2;89;93;102m-[38;2;110;112;116m=[38;2;120;121;123m=[38;2;124;124;125m=[38;2;123;123;124m=[38;2;114;116;119m=[38;2;141;139;136m+[38;2;165;161;152m*[38;2;163;159;151m*[38;2;159;156;149m*[38;2;150;148;143m+[38;2;144;142;138m+[38;2;137;136;134m+[38;2;127;127;127m=[38;2;124;125;125m=[38;2;113;115;118m=[38;2;105;108;113m=[38;2;102;104;110m=[38;2;96;99;107m-[38;2;85;89;99m-[38;2;124;124;125m=[38;2;102;104;110m=[38;2;119;120;122m=[38;2;133;132;131m+[38;2;142;141;137m+[38;2;139;138;135m+[38;2;144;142;138m+[38;2;46;55;72m:[38;2;63;71;85m:[0m
[38;2;62;69;84m:[38;2;71;78;90m-[38;2;83;88;98m-[38;2;105;108;113m=[38;2;113;115;118m=[38;2;117;118;121m=[38;2;111;113;117m=[38;2;116;117;120m=[38;2;157;154;147m+[38;2;146;144;140m+[38;2;156;153;146m+[38;2;148;146;141m+[38;2;134;133;132m+[38;2;131;131;130m+[38;2;116;117;120m=[38;2;113;115;118m=[38;2;105;108;113m=[38;2;97;100;107m=[38;2;94;97;105m-[38;2;92;96;104m-[38;2;82;87;97m-[38;2;122;123;124m=[38;2;100;103;109m=[38;2;120;121;123m=[38;2;134;133;131m+[38;2;142;141;137m+[38;2;138;137;135m+[38;2;141;140;136m+[38;2;46;56;73m:[38;2;63;70;84m:[0m
[38;2;61;68;83m:[38;2;61;68;83m:[38;2;74;80;92m-[38;2;88;92;101m-[38;2;104;107;112m=[38;2;108;110;115m=[38;2;108;110;115m=[38;2;105;108;113m=[38;2;141;140;137m+[38;2;142;140;137m+[38;2;149;147;142m+[38;2;141;140;137m+[38;2;122;123;124m=[38;2;121;122;124m=[38;2;106;108;113m=[38;2;103;106;111m=[38;2;96;99;106m-[38;2;90;94;103m-[38;2;88;92;101m-[38;2;89;94;102m-[38;2;82;87;97m-[38;2;118;119;121m=[38;2;103;106;111m=[38;2;122;123;124m=[38;2;136;135;133m+[38;2;143;142;138m+[38;2;140;139;136m+[38;2;118;119;121m=[38;2;61;68;82m:[38;2;49;58;75m:[0m
[38;2;58;66;81m:[38;2;58;66;81m:[38;2;69;75;88m-[38;2;81;86;96m-[38;2;97;100;107m=[38;2;101;104;110m=[38;2;100;103;109m=[38;2;98;101;108m=[38;2;138;137;134m+[38;2;128;128;128m+[38;2;140;139;136m+[38;2;131;131;130m+[38;2;112;114;117m=[38;2;109;111;116m=[38;2;96;99;106m-[38;2;94;97;105m-[38;2;87;91;100m-[38;2;85;90;99m-[38;2;84;88;98m-[38;2;86;91;100m-[38;2;92;96;104m-[38;2;106;108;113m=[38;2;111;113;117m=[38;2;126;127;127m=[38;2;140;138;135m+[38;2;138;137;134m+[38;2;151;149;143m+[38;2;76;82;92m-[38;2;64;71;85m:[38;2;45;54;73m:[0m
[38;2;56;64;80m:[38;2;57;65;81m:[38;2;67;73;87m-[38;2;82;87;97m-[38;2;92;96;104m-[38;2;95;99;106m-[38;2;89;93;102m-[38;2;98;101;108m=[38;2;131;131;130m+[38;2;124;124;125m=[38;2;127;127;127m=[38;2;110;112;116m=[38;2;101;104;110m=[38;2;93;97;104m-[38;2;87;91;100m-[38;2;84;89;98m-[38;2;80;84;95m-[38;2;81;85;96m-[38;2;84;89;99m-[38;2;78;83;95m-[38;2;111;113;117m=[38;2;98;101;108m=[38;2;119;120;122m=[38;2;133;133;131m+[38;2;141;140;136m+[38;2;137;136;134m+[38;2;128;128;128m+[38;2;55;63;78m:[38;2;55;63;79m:[38;2;45;54;73m:[0m
[38;2;55;63;80m:[38;2;60;67;83m:[38;2;70;76;89m-[38;2;84;88;98m-[38;2;89;93;101m-[38;2;88;92;101m-[38;2;85;90;99m-[38;2;115;116;119m=[38;2;110;112;116m=[38;2;120;121;122m=[38;2;110;112;116m=[38;2;89;93;102m-[38;2;88;93;101m-[38;2;78;83;94m-[38;2;77;82;94m-[38;2;74;79;92m-[38;2;76;82;93m-[38;2;77;83;94m-[38;2;80;85;96m-[38;2;96;99;106m-[38;2;99;102;108m=[38;2;112;114;117m=[38;2;126;126;127m=[38;2;138;136;134m+[38;2;134;134;132m+[38;2;145;144;139m+[38;2;61;69;83m:[38;2;63;70;84m:[38;2;45;54;73m:[38;2;45;54;73m:[0m
[38;2;56;64;80m:[38;2;65;71;86m:[38;2;78;83;94m-[38;2;83;88;98m-[38;2;84;89;98m-[38;2;81;86;96m-[38;2;102;104;110m=[38;2;106;108;113m=[38;2;111;113;117m=[38;2;105;107;112m=[38;2;83;87;98m-[38;2;81;86;97m-[38;2;71;77;90m-[38;2;69;75;89m-[38;2;67;74;88m-[38;2;70;76;89m-[38;2;72;78;90m-[38;2;78;83;95m-[38;2;87;91;100m-[38;2;100;103;109m=[38;2;105;107;112m=[38;2;120;121;123m=[38;2;133;133;131m+[38;2;134;133;132m+[38;2;144;142;138m+[38;2;76;82;93m-[38;2;64;72;85m-[38;2;45;54;73m:[38;2;45;54;73m:[38;2;45;53;72m:[0m
[38;2;63;70;85m:[38;2;75;80;92m-[38;2;80;85;95m-[38;2;80;85;96m-[38;2;78;83;94m-[38;2;98;101;108m=[38;2;101;104;110m=[38;2;103;106;112m=[38;2;97;101;108m=[38;2;77;83;94m-[38;2;75;81;93m-[38;2;66;73;87m-[38;2;64;71;86m:[38;2;63;70;85m:[38;2;65;72;86m-[38;2;68;74;88m-[38;2;74;80;92m-[38;2;83;88;98m-[38;2;96;100;107m=[38;2;99;102;109m=[38;2;115;116;119m=[38;2;129;129;128m+[38;2;131;131;130m+[38;2;140;139;136m+[38;2;80;85;95m-[38;2;65;72;85m-[38;2;47;55;73m:[38;2;45;54;73m:[38;2;45;53;72m:[38;2;45;53;72m:[0m
[38;2;74;80;92m-[38;2;78;83;94m-[38;2;76;82;93m-[38;2;77;82;94m-[38;2;98;101;108m=[38;2;94;98;106m-[38;2;97;101;107m=[38;2;87;92;101m-[38;2;71;77;90m-[38;2;69;75;89m-[38;2;61;69;84m:[38;2;60;68;83m:[38;2;60;68;83m:[38;2;63;70;85m:[38;2;65;72;87m-[38;2;71;77;90m-[38;2;85;90;99m-[38;2;91;95;103m-[38;2;96;99;106m-[38;2;110;112;116m=[38;2;125;125;126m=[38;2;127;128;127m+[38;2;135;135;133m+[38;2;76;81;92m-[38;2;64;71;85m:[38;2;46;55;73m:[38;2;45;54;73m:[38;2;45;53;72m:[38;2;45;53;72m:[38;2;45;53;72m:[0m
[38;2;89;93;103m-[38;2;89;91;102m-[38;2;109;89;106m-[38;2;107;110;115m=[38;2;99;103;110m=[38;2;103;105;111m=[38;2;92;96;105m-[38;2;89;89;95m-[38;2;87;88;94m-[38;2;76;82;94m-[38;2;64;72;91m-[38;2;76;80;95m-[38;2;80;85;97m-[38;2;83;88;98m-[38;2;88;92;101m-[38;2;102;105;111m=[38;2;104;107;113m=[38;2;110;113;118m=[38;2;121;112;111m=[38;2;129;130;129m+[38;2;125;125;124m=[38;2;140;139;136m+[38;2;87;92;100m-[38;2;85;89;99m-[38;2;69;76;89m-[38;2;69;75;89m-[38;2;69;76;89m-[38;2;69;76;89m-[38;2;70;76;89m-[38;2;70;76;89m-[0m
[38;2;144;143;143m+[38;2;155;140;145m+[38;2;234;105;149m+[38;2;147;146;145m+[38;2;148;147;146m+[38;2;150;148;146m+[38;2;151;149;147m+[38;2;179;163;145m*[38;2;180;164;146m*[38;2;154;153;149m+[38;2;134;143;156m+[38;2;160;156;157m*[38;2;158;155;150m+[38;2;159;156;151m*[38;2;160;157;151m*[38;2;161;158;151m*[38;2;165;164;155m*[38;2;165;164;156m*[38;2;180;121;100m+[38;2;166;163;154m*[38;2;130;128;122m+[38;2;168;164;155m*[38;2;169;165;156m*[38;2;171;167;156m*[38;2;172;167;157m*[38;2;173;168;158m*[38;2;174;170;158m*[38;2;175;171;158m*[38;2;176;172;159m*[38;2;178;172;160m*[0m
[38;2;120;122;126m=[38;2;127;120;127m=[38;2;173;94;126m=[38;2;115;117;122m=[38;2;115;117;122m=[38;2;114;116;121m=[38;2;115;117;121m=[38;2;99;105;103m=[38;2;101;106;105m=[38;2;119;120;124m=[38;2;108;115;109m=[38;2;122;125;123m=[38;2;132;132;132m+[38;2;130;130;131m+[38;2;135;134;133m+[38;2;141;140;137m+[38;2;139;140;133m+[38;2;142;143;136m+[38;2;152;116;104m=[38;2;126;127;127m=[38;2;102;104;106m=[38;2;123;124;125m=[38;2;124;124;126m=[38;2;125;125;125m=[38;2;125;126;126m=[38;2;126;126;126m=[38;2;127;127;127m=[38;2;127;128;127m+[38;2;128;128;127m+[38;2;129;129;128m+[0m
[38;2;73;79;91m-[38;2;63;70;84m:[38;2;57;64;81m:[38;2;54;63;79m:[38;2;51;61;77m:[38;2;52;61;78m:[38;2;53;61;78m:[38;2;55;63;80m:[38;2;60;67;82m:[38;2;67;74;88m-[38;2;81;86;97m-[38;2;82;87;97m-[38;2;80;85;95m-[38;2;91;95;103m-[38;2;104;106;112m=[38;2;112;113;117m=[38;2;121;121;123m=[38;2;92;96;103m-[38;2;59;67;82m:[38;2;51;60;77m:[38;2;45;53;72m:[38;2;45;53;72m:[38;2;45;53;72m:[38;2;45;53;72m:[38;2;45;53;72m:[38;2;45;53;72m:[38;2;45;53;72m:[38;2;45;53;72m:[38;2;45;53;72m:[38;2;45;53;72m:[0m
[38;2;55;63;79m:[38;2;53;61;78m:[38;2;50;59;76m:[38;2;50;59;76m:[38;2;52;60;77m:[38;2;54;61;78m:[38;2;58;65;82m:[38;2;66;73;87m-[38;2;80;85;96m-[38;2;81;86;97m-[38;2;77;82;94m-[38;2;87;91;100m-[38;2;98;102;108m=[38;2;108;110;114m=[38;2;118;119;121m=[38;2;99;102;108m=[38;2;65;72;86m-[38;2;55;63;79m:[38;2;45;54;73m:[38;2;45;53;72m:[38;2;45;53;72m:[38;2;45;53;72m:[38;2;45;53;72m:[38;2;45;53;72m:[38;2;45;53;72m:[38;2;45;53;72m:[38;2;45;53;72m:[38;2;45;53;72m:[38;2;45;53;72m:[38;2;45;53;72m:[0m
