[38;2;255;255;255m@[38;2;255;255;255m@[38;2;255;255;255m@[38;2;255;255;255m@[38;2;255;255;255m@[38;2;255;255;255m@[38;2;255;255;255m@[38;2;191;191;191m#[38;2;66;66;66m:[38;2;1;1;1m [38;2;2;2;2m [38;2;47;47;47m:[38;2;102;102;102m=[38;2;139;139;139m+[38;2;157;157;157m*[38;2;158;158;158m*[38;2;142;142;142m+[38;2;108;108;108m=[38;2;57;57;57m:[38;2;5;5;5m [38;2;0;0;0m [38;2;48;48;48m:[38;2;170;170;170m*[38;2;254;254;254m@[38;2;255;255;255m@[38;2;255;255;255m@[38;2;255;255;255m@[38;2;255;255;255m@[38;2;255;255;255m@[38;2;255;255;255m@[0m
[38;2;255;255;255m@[38;2;255;255;255m@[38;2;255;255;255m@[38;2;255;255;255m@[38;2;255;255;255m@[38;2;234;234;234m%[38;2;85;85;85m-[38;2;0;0;0m [38;2;25;25;25m.[38;2;133;133;133m+[38;2;226;226;226m%[38;2;255;255;255m@[38;2;255;255;255m@[38;2;255;255;255m@[38;2;255;255;255m@[38;2;255;255;255m@[38;2;255;255;255m@[38;2;255;255;255m@[38;2;255;255;255m@[38;2;236;236;236m%[38;2;149;149;149m+[38;2;38;38;38m.[38;2;0;0;0m [38;2;61;61;61m:[38;2;218;218;218m%[38;2;255;255;255m@[38;2;255;255;255m@[38;2;255;255;255m@[38;2;255;255;255m@[38;2;255;255;255m@[0m
[38;2;255;255;255m@[38;2;255;255;255m@[38;2;255;255;255m@[38;2;255;255;255m@[38;2;200;200;200m#[38;2;27;27;27m.[38;2;7;7;7m [38;2;129;129;129m+[38;2;245;245;245m@[38;2;255;255;255m@[38;2;255;255;255m@[38;2;255;255;255m@[38;2;255;255;255m@[38;2;255;255;255m@[38;2;255;255;255m@[38;2;255;255;255m@[38;2;255;255;255m@[38;2;255;255;255m@[38;2;255;255;255m@[38;2;255;255;255m@[38;2;255;255;255m@[38;2;251;251;251m@[38;2;152;152;152m+[38;2;16;16;16m.[38;2;14;14;14m [38;2;175;175;175m*[38;2;255;255;255m@[38;2;255;255;255m@[38;2;255;255;255m@[38;2;255;255;255m@[0m
[38;2;255;255;255m@[38;2;255;255;255m@[38;2;255;255;255m@[38;2;188;188;188m#[38;2;11;11;11m [38;2;34;34;34m.[38;2;207;207;207m#[38;2;255;255;255m@[38;2;255;255;255m@[38;2;255;255;255m@[38;2;255;255;255m@[38;2;255;255;255m@[38;2;255;255;255m@[38;2;255;255;255m@[38;2;255;255;255m@[38;2;255;255;255m@[38;2;255;255;255m@[38;2;255;255;255m@[38;2;255;255;255m@[38;2;255;255;255m@[38;2;255;255;255m@[38;2;255;255;255m@[38;2;255;255;255m@[38;2;225;225;225m%[38;2;53;53;53m:[38;2;3;3;3m [38;2;157;157;157m*[38;2;255;255;255m@[38;2;255;255;255m@[38;2;255;255;255m@[0m
[38;2;255;255;255m@[38;2;255;255;255m@[38;2;206;206;206m#[38;2;12;12;12m [38;2;45;45;45m:[38;2;232;232;232m%[38;2;255;255;255m@[38;2;255;255;255m@[38;2;255;255;255m@[38;2;255;255;255m@[38;2;255;255;255m@[38;2;255;255;255m@[38;2;255;255;255m@[38;2;255;255;255m@[38;2;255;255;255m@[38;2;255;255;255m@[38;2;255;255;255m@[38;2;255;255;255m@[38;2;255;255;255m@[38;2;255;255;255m@[38;2;255;255;255m@[38;2;255;255;255m@[38;2;255;255;255m@[38;2;255;255;255m@[38;2;244;244;244m@[38;2;69;69;69m:[38;2;3;3;3m [38;2;175;175;175m*[38;2;255;255;255m@[38;2;255;255;255m@[0m
[38;2;255;255;255m@[38;2;240;240;240m%[38;2;32;32;32m.[38;2;29;29;29m.[38;2;230;230;230m%[38;2;255;255;255m@[38;2;255;255;255m@[38;2;255;255;255m@[38;2;255;255;255m@[38;2;255;255;255m@[38;2;255;255;255m@[38;2;255;255;255m@[38;2;255;255;255m@[38;2;255;255;255m@[38;2;255;255;255m@[38;2;255;255;255m@[38;2;255;255;255m@[38;2;255;255;255m@[38;2;255;255;255m@[38;2;255;255;255m@[38;2;255;255;255m@[38;2;255;255;255m@[38;2;255;255;255m@[38;2;255;255;255m@[38;2;255;255;255m@[38;2;244;244;244m@[38;2;52;52;52m:[38;2;14;14;14m [38;2;220;220;220m%[38;2;255;255;255m@[0m
[38;2;255;255;255m@[38;2;102;102;102m=[38;2;4;4;4m [38;2;197;197;197m#[38;2;253;253;253m@[38;2;174;174;174m*[38;2;141;141;141m+[38;2;141;141;141m+[38;2;143;143;143m+[38;2;144;144;144m+[38;2;145;145;145m+[38;2;145;145;145m+[38;2;146;146;146m+[38;2;146;146;146m+[38;2;146;146;146m+[38;2;147;147;147m+[38;2;149;149;149m+[38;2;165;165;165m*[38;2;239;239;239m%[38;2;255;255;255m@[38;2;255;255;255m@[38;2;255;255;255m@[38;2;255;255;255m@[38;2;255;255;255m@[38;2;255;255;255m@[38;2;255;255;255m@[38;2;223;223;223m%[38;2;15;15;15m.[38;2;65;65;65m:[38;2;254;254;254m@[0m
[38;2;210;210;210m#[38;2;3;3;3m [38;2;112;112;112m=[38;2;255;255;255m@[38;2;109;109;109m=[38;2;0;0;0m [38;2;0;0;0m [38;2;0;0;0m [38;2;0;0;0m [38;2;0;0;0m [38;2;0;0;0m [38;2;0;0;0m [38;2;0;0;0m [38;2;0;0;0m [38;2;0;0;0m [38;2;0;0;0m [38;2;0;0;0m [38;2;0;0;0m [38;2;26;26;26m.[38;2;218;218;218m%[38;2;255;255;255m@[38;2;255;255;255m@[38;2;255;255;255m@[38;2;255;255;255m@[38;2;255;255;255m@[38;2;255;255;255m@[38;2;255;255;255m@[38;2;149;149;149m+[38;2;0;0;0m [38;2;174;174;174m*[0m
[38;2;92;92;92m-[38;2;14;14;14m [38;2;237;237;237m%[38;2;254;254;254m@[38;2;14;14;14m [38;2;0;0;0m [38;2;0;0;0m [38;2;0;0;0m [38;2;0;0;0m [38;2;0;0;0m [38;2;0;0;0m [38;2;1;1;1m [38;2;14;14;14m [38;2;0;0;0m [38;2;0;0;0m [38;2;0;0;0m [38;2;0;0;0m [38;2;0;0;0m [38;2;0;0;0m [38;2;66;66;66m:[38;2;255;255;255m@[38;2;255;255;255m@[38;2;255;255;255m@[38;2;255;255;255m@[38;2;255;255;255m@[38;2;255;255;255m@[38;2;255;255;255m@[38;2;251;251;251m@[38;2;37;37;37m.[38;2;53;53;53m:[0m
[38;2;8;8;8m [38;2;109;109;109m=[38;2;255;255;255m@[38;2;255;255;255m@[38;2;50;50;50m:[38;2;0;0;0m [38;2;0;0;0m [38;2;0;0;0m [38;2;0;0;0m [38;2;0;0;0m [38;2;0;0;0m [38;2;145;145;145m+[38;2;245;245;245m@[38;2;14;14;14m [38;2;0;0;0m [38;2;0;0;0m [38;2;0;0;0m [38;2;0;0;0m [38;2;0;0;0m [38;2;1;1;1m [38;2;221;221;221m%[38;2;255;255;255m@[38;2;255;255;255m@[38;2;255;255;255m@[38;2;255;255;255m@[38;2;255;255;255m@[38;2;255;255;255m@[38;2;255;255;255m@[38;2;146;146;146m+[38;2;0;0;0m [0m
[38;2;0;0;0m [38;2;200;200;200m#[38;2;255;255;255m@[38;2;255;255;255m@[38;2;214;214;214m%[38;2;69;69;69m:[38;2;36;36;36m.[38;2;36;36;36m.[38;2;35;35;35m.[38;2;41;41;41m.[38;2;155;155;155m+[38;2;255;255;255m@[38;2;198;198;198m#[38;2;1;1;1m [38;2;0;0;0m [38;2;0;0;0m [38;2;0;0;0m [38;2;0;0;0m [38;2;0;0;0m [38;2;0;0;0m [38;2;136;136;136m+[38;2;255;255;255m@[38;2;255;255;255m@[38;2;255;255;255m@[38;2;255;255;255m@[38;2;255;255;255m@[38;2;255;255;255m@[38;2;255;255;255m@[38;2;234;234;234m%[38;2;4;4;4m [0m
[38;2;19;19;19m.[38;2;253;253;253m@[38;2;255;255;255m@[38;2;255;255;255m@[38;2;255;255;255m@[38;2;255;255;255m@[38;2;255;255;255m@[38;2;255;255;255m@[38;2;255;255;255m@[38;2;255;255;255m@[38;2;255;255;255m@[38;2;254;254;254m@[38;2;57;57;57m:[38;2;0;0;0m [38;2;0;0;0m [38;2;0;0;0m [38;2;0;0;0m [38;2;0;0;0m [38;2;0;0;0m [38;2;0;0;0m [38;2;50;50;50m:[38;2;255;255;255m@[38;2;255;255;255m@[38;2;255;255;255m@[38;2;255;255;255m@[38;2;255;255;255m@[38;2;255;255;255m@[38;2;255;255;255m@[38;2;255;255;255m@[38;2;53;53;53m:[0m
[38;2;68;68;68m:[38;2;255;255;255m@[38;2;255;255;255m@[38;2;255;255;255m@[38;2;255;255;255m@[38;2;255;255;255m@[38;2;255;255;255m@[38;2;255;255;255m@[38;2;255;255;255m@[38;2;255;255;255m@[38;2;255;255;255m@[38;2;167;167;167m*[38;2;0;0;0m [38;2;0;0;0m [38;2;44;44;44m:[38;2;120;120;120m=[38;2;10;10;10m [38;2;0;0;0m [38;2;0;0;0m [38;2;0;0;0m [38;2;1;1;1m [38;2;218;218;218m%[38;2;255;255;255m@[38;2;255;255;255m@[38;2;255;255;255m@[38;2;255;255;255m@[38;2;255;255;255m@[38;2;255;255;255m@[38;2;255;255;255m@[38;2;105;105;105m=[0m
[38;2;102;102;102m=[38;2;255;255;255m@[38;2;255;255;255m@[38;2;255;255;255m@[38;2;255;255;255m@[38;2;255;255;255m@[38;2;255;255;255m@[38;2;255;255;255m@[38;2;255;255;255m@[38;2;255;255;255m@[38;2;247;247;247m@[38;2;32;32;32m.[38;2;0;0;0m [38;2;0;0;0m [38;2;187;187;187m#[38;2;255;255;255m@[38;2;142;142;142m+[38;2;0;0;0m [38;2;0;0;0m [38;2;0;0;0m [38;2;0;0;0m [38;2;134;134;134m+[38;2;255;255;255m@[38;2;255;255;255m@[38;2;255;255;255m@[38;2;255;255;255m@[38;2;255;255;255m@[38;2;255;255;255m@[38;2;255;255;255m@[38;2;138;138;138m+[0m
[38;2;116;116;116m=[38;2;255;255;255m@[38;2;255;255;255m@[38;2;255;255;255m@[38;2;255;255;255m@[38;2;255;255;255m@[38;2;255;255;255m@[38;2;255;255;255m@[38;2;255;255;255m@[38;2;255;255;255m@[38;2;136;136;136m+[38;2;0;0;0m [38;2;0;0;0m [38;2;0;0;0m [38;2;123;123;123m=[38;2;255;255;255m@[38;2;250;250;250m@[38;2;42;42;42m.[38;2;0;0;0m [38;2;0;0;0m [38;2;0;0;0m [38;2;48;48;48m:[38;2;255;255;255m@[38;2;255;255;255m@[38;2;255;255;255m@[38;2;255;255;255m@[38;2;255;255;255m@[38;2;255;255;255m@[38;2;255;255;255m@[38;2;154;154;154m+[0m
[38;2;116;116;116m=[38;2;255;255;255m@[38;2;255;255;255m@[38;2;255;255;255m@[38;2;255;255;255m@[38;2;255;255;255m@[38;2;255;255;255m@[38;2;255;255;255m@[38;2;255;255;255m@[38;2;233;233;233m%[38;2;15;15;15m.[38;2;0;0;0m [38;2;0;0;0m [38;2;0;0;0m [38;2;97;97;97m-[38;2;255;255;255m@[38;2;255;255;255m@[38;2;186;186;186m#[38;2;0;0;0m [38;2;0;0;0m [38;2;0;0;0m [38;2;1;1;1m [38;2;217;217;217m%[38;2;255;255;255m@[38;2;255;255;255m@[38;2;255;255;255m@[38;2;255;255;255m@[38;2;255;255;255m@[38;2;255;255;255m@[38;2;153;153;153m+[0m
[38;2;98;98;98m-[38;2;255;255;255m@[38;2;255;255;255m@[38;2;255;255;255m@[38;2;255;255;255m@[38;2;255;255;255m@[38;2;255;255;255m@[38;2;255;255;255m@[38;2;255;255;255m@[38;2;105;105;105m=[38;2;0;0;0m [38;2;0;0;0m [38;2;3;3;3m [38;2;40;40;40m.[38;2;213;213;213m%[38;2;255;255;255m@[38;2;255;255;255m@[38;2;255;255;255m@[38;2;81;81;81m-[38;2;0;0;0m [38;2;0;0;0m [38;2;0;0;0m [38;2;131;131;131m+[38;2;255;255;255m@[38;2;255;255;255m@[38;2;255;255;255m@[38;2;255;255;255m@[38;2;255;255;255m@[38;2;255;255;255m@[38;2;135;135;135m+[0m
[38;2;62;62;62m:[38;2;255;255;255m@[38;2;255;255;255m@[38;2;255;255;255m@[38;2;255;255;255m@[38;2;255;255;255m@[38;2;255;255;255m@[38;2;255;255;255m@[38;2;212;212;212m#[38;2;4;4;4m [38;2;0;0;0m [38;2;40;40;40m.[38;2;233;233;233m%[38;2;255;255;255m@[38;2;255;255;255m@[38;2;255;255;255m@[38;2;255;255;255m@[38;2;255;255;255m@[38;2;222;222;222m%[38;2;9;9;9m [38;2;0;0;0m [38;2;0;0;0m [38;2;45;45;45m:[38;2;255;255;255m@[38;2;255;255;255m@[38;2;255;255;255m@[38;2;255;255;255m@[38;2;255;255;255m@[38;2;255;255;255m@[38;2;99;99;99m-[0m
[38;2;13;13;13m [38;2;249;249;249m@[38;2;255;255;255m@[38;2;255;255;255m@[38;2;255;255;255m@[38;2;255;255;255m@[38;2;255;255;255m@[38;2;255;255;255m@[38;2;73;73;73m-[38;2;0;0;0m [38;2;19;19;19m.[38;2;218;218;218m%[38;2;255;255;255m@[38;2;255;255;255m@[38;2;255;255;255m@[38;2;255;255;255m@[38;2;255;255;255m@[38;2;255;255;255m@[38;2;255;255;255m@[38;2;125;125;125m=[38;2;0;0;0m [38;2;0;0;0m [38;2;0;0;0m [38;2;214;214;214m%[38;2;255;255;255m@[38;2;255;255;255m@[38;2;255;255;255m@[38;2;255;255;255m@[38;2;255;255;255m@[38;2;45;45;45m:[0m
[38;2;0;0;0m [38;2;187;187;187m#[38;2;255;255;255m@[38;2;255;255;255m@[38;2;255;255;255m@[38;2;255;255;255m@[38;2;255;255;255m@[38;2;183;183;183m*[38;2;0;0;0m [38;2;5;5;5m [38;2;190;190;190m#[38;2;255;255;255m@[38;2;255;255;255m@[38;2;255;255;255m@[38;2;255;255;255m@[38;2;255;255;255m@[38;2;255;255;255m@[38;2;255;255;255m@[38;2;255;255;255m@[38;2;245;245;245m@[38;2;30;30;30m.[38;2;0;0;0m [38;2;0;0;0m [38;2;128;128;128m+[38;2;255;255;255m@[38;2;255;255;255m@[38;2;255;255;255m@[38;2;255;255;255m@[38;2;224;224;224m%[38;2;1;1;1m [0m
[38;2;13;13;13m [38;2;91;91;91m-[38;2;255;255;255m@[38;2;255;255;255m@[38;2;255;255;255m@[38;2;255;255;255m@[38;2;255;255;255m@[38;2;136;136;136m+[38;2;1;1;1m [38;2;153;153;153m+[38;2;255;255;255m@[38;2;255;255;255m@[38;2;255;255;255m@[38;2;255;255;255m@[38;2;255;255;255m@[38;2;255;255;255m@[38;2;255;255;255m@[38;2;255;255;255m@[38;2;255;255;255m@[38;2;255;255;255m@[38;2;169;169;169m*[38;2;0;0;0m [38;2;0;0;0m [38;2;43;43;43m:[38;2;255;255;255m@[38;2;255;255;255m@[38;2;255;255;255m@[38;2;255;255;255m@[38;2;131;131;131m+[38;2;1;1;1m [0m
[38;2;108;108;108m=[38;2;6;6;6m [38;2;222;222;222m%[38;2;255;255;255m@[38;2;255;255;255m@[38;2;255;255;255m@[38;2;255;255;255m@[38;2;253;253;253m@[38;2;224;224;224m%[38;2;255;255;255m@[38;2;255;255;255m@[38;2;255;255;255m@[38;2;255;255;255m@[38;2;255;255;255m@[38;2;255;255;255m@[38;2;255;255;255m@[38;2;255;255;255m@[38;2;255;255;255m@[38;2;255;255;255m@[38;2;255;255;255m@[38;2;254;254;254m@[38;2;65;65;65m:[38;2;0;0;0m [38;2;0;0;0m [38;2;211;211;211m#[38;2;255;255;255m@[38;2;255;255;255m@[38;2;245;245;245m@[38;2;24;24;24m.[38;2;69;69;69m:[0m
[38;2;225;225;225m%[38;2;9;9;9m [38;2;87;87;87m-[38;2;255;255;255m@[38;2;255;255;255m@[38;2;255;255;255m@[38;2;255;255;255m@[38;2;255;255;255m@[38;2;255;255;255m@[38;2;255;255;255m@[38;2;255;255;255m@[38;2;255;255;255m@[38;2;255;255;255m@[38;2;255;255;255m@[38;2;255;255;255m@[38;2;255;255;255m@[38;2;255;255;255m@[38;2;255;255;255m@[38;2;255;255;255m@[38;2;255;255;255m@[38;2;255;255;255m@[38;2;209;209;209m#[38;2;4;4;4m [38;2;0;0;0m [38;2;130;130;130m+[38;2;255;255;255m@[38;2;255;255;255m@[38;2;128;128;128m+[38;2;1;1;1m [38;2;193;193;193m#[0m
[38;2;255;255;255m@[38;2;130;130;130m+[38;2;0;0;0m [38;2;171;171;171m*[38;2;255;255;255m@[38;2;255;255;255m@[38;2;255;255;255m@[38;2;255;255;255m@[38;2;255;255;255m@[38;2;255;255;255m@[38;2;255;255;255m@[38;2;255;255;255m@[38;2;255;255;255m@[38;2;255;255;255m@[38;2;255;255;255m@[38;2;255;255;255m@[38;2;255;255;255m@[38;2;255;255;255m@[38;2;255;255;255m@[38;2;255;255;255m@[38;2;255;255;255m@[38;2;255;255;255m@[38;2;135;135;135m+[38;2;42;42;42m.[38;2;199;199;199m#[38;2;255;255;255m@[38;2;206;206;206m#[38;2;7;7;7m [38;2;87;87;87m-[38;2;255;255;255m@[0m
[38;2;255;255;255m@[38;2;250;250;250m@[38;2;55;55;55m:[38;2;14;14;14m [38;2;209;209;209m#[38;2;255;255;255m@[38;2;255;255;255m@[38;2;255;255;255m@[38;2;255;255;255m@[38;2;255;255;255m@[38;2;255;255;255m@[38;2;255;255;255m@[38;2;255;255;255m@[38;2;255;255;255m@[38;2;255;255;255m@[38;2;255;255;255m@[38;2;255;255;255m@[38;2;255;255;255m@[38;2;255;255;255m@[38;2;255;255;255m@[38;2;255;255;255m@[38;2;255;255;255m@[38;2;255;255;255m@[38;2;255;255;255m@[38;2;255;255;255m@[38;2;232;232;232m%[38;2;34;34;34m.[38;2;27;27;27m.[38;2;234;234;234m%[38;2;255;255;255m@[0m
[38;2;255;255;255m@[38;2;255;255;255m@[38;2;227;227;227m%[38;2;27;27;27m.[38;2;24;24;24m.[38;2;211;211;211m#[38;2;255;255;255m@[38;2;255;255;255m@[38;2;255;255;255m@[38;2;255;255;255m@[38;2;255;255;255m@[38;2;255;255;255m@[38;2;255;255;255m@[38;2;255;255;255m@[38;2;255;255;255m@[38;2;255;255;255m@[38;2;255;255;255m@[38;2;255;255;255m@[38;2;255;255;255m@[38;2;255;255;255m@[38;2;255;255;255m@[38;2;255;255;255m@[38;2;255;255;255m@[38;2;255;255;255m@[38;2;230;230;230m%[38;2;45;45;45m:[38;2;10;10;10m [38;2;200;200;200m#[38;2;255;255;255m@[38;2;255;255;255m@[0m
[38;2;252;252;252m@[38;2;251;251;251m@[38;2;251;251;251m@[38;2;215;215;215m%[38;2;41;41;41m.[38;2;23;22;22m.[38;2;183;183;183m*[38;2;250;250;250m@[38;2;249;249;249m@[38;2;252;252;252m@[38;2;252;252;252m@[38;2;251;251;251m@[38;2;249;249;249m@[38;2;251;251;251m@[38;2;253;253;253m@[38;2;252;252;252m@[38;2;248;248;248m@[38;2;252;252;252m@[38;2;252;252;252m@[38;2;248;248;248m@[38;2;247;247;247m@[38;2;241;241;241m@[38;2;255;255;255m@[38;2;201;201;201m#[38;2;31;31;31m.[38;2;11;11;11m [38;2;185;185;185m#[38;2;255;255;255m@[38;2;255;255;255m@[38;2;255;255;255m@[0m
[38;2;236;236;236m%[38;2;203;202;202m#[38;2;209;208;208m#[38;2;210;209;209m#[38;2;211;210;211m#[38;2;108;108;108m=[38;2;63;63;63m:[38;2;102;102;102m=[38;2;181;181;181m*[38;2;200;200;200m#[38;2;206;206;206m#[38;2;215;215;215m%[38;2;211;211;211m#[38;2;211;211;211m#[38;2;204;204;204m#[38;2;206;206;206m#[38;2;223;223;223m%[38;2;207;207;207m#[38;2;210;210;210m#[38;2;217;217;217m%[38;2;220;220;220m%[38;2;195;195;195m#[38;2;116;116;116m=[38;2;5;5;5m [38;2;29;29;29m.[38;2;202;202;202m#[38;2;255;255;255m@[38;2;255;255;255m@[38;2;255;255;255m@[38;2;255;255;255m@[0m
[38;2;255;255;255m@[38;2;255;255;255m@[38;2;255;255;255m@[38;2;255;255;255m@[38;2;255;255;255m@[38;2;247;247;247m@[38;2;120;120;120m=[38;2;6;6;6m [38;2;9;9;9m [38;2;99;99;99m-[38;2;194;194;194m#[38;2;251;251;251m@[38;2;255;255;255m@[38;2;255;255;255m@[38;2;255;255;255m@[38;2;255;255;255m@[38;2;255;255;255m@[38;2;255;255;255m@[38;2;254;254;254m@[38;2;207;207;207m#[38;2;115;115;115m=[38;2;17;17;17m.[38;2;1;1;1m [38;2;95;95;95m-[38;2;237;237;237m%[38;2;255;255;255m@[38;2;255;255;255m@[38;2;255;255;255m@[38;2;255;255;255m@[38;2;255;255;255m@[0m
[38;2;255;255;255m@[38;2;255;255;255m@[38;2;255;255;255m@[38;2;255;255;255m@[38;2;255;255;255m@[38;2;255;255;255m@[38;2;255;255;255m@[38;2;219;219;219m%[38;2;100;100;100m=[38;2;7;7;7m [38;2;0;0;0m [38;2;17;17;17m.[38;2;67;67;67m:[38;2;103;103;103m=[38;2;122;122;122m=[38;2;123;123;123m=[38;2;107;107;107m=[38;2;74;74;74m-[38;2;24;24;24m.[38;2;0;0;0m [38;2;5;5;5m [38;2;83;83;83m-[38;2;204;204;204m#[38;2;255;255;255m@[38;2;255;255;255m@[38;2;255;255;255m@[38;2;255;255;255m@[38;2;255;255;255m@[38;2;255;255;255m@[38;2;255;255;255m@[0m
