[38;2;30;50;33m:[38;2;36;52;47m:[38;2;14;18;20m.[38;2;2;0;1m [38;2;2;0;1m [38;2;2;0;1m [38;2;2;0;1m [38;2;2;0;1m [38;2;2;0;1m [38;2;2;0;1m [38;2;2;0;1m [38;2;2;0;1m [38;2;11;9;9m [38;2;181;162;142m*[38;2;246;196;176m#[38;2;249;197;173m#[38;2;250;202;179m#[38;2;249;199;181m#[38;2;248;190;165m#[38;2;247;194;159m#[38;2;243;172;141m#[38;2;231;156;111m*[38;2;208;138;97m+[38;2;168;83;29m-[38;2;183;115;73m=[38;2;150;93;67m=[38;2;9;3;2m [38;2;2;0;1m [38;2;2;0;1m [38;2;2;0;1m [0m
[38;2;2;0;1m [38;2;2;0;1m [38;2;2;0;1m [38;2;2;0;1m [38;2;2;0;1m [38;2;2;0;1m [38;2;2;0;1m [38;2;2;0;1m [38;2;2;0;1m [38;2;2;0;1m [38;2;2;0;1m [38;2;3;1;2m [38;2;144;135;131m+[38;2;243;194;145m#[38;2;248;183;146m#[38;2;249;198;192m#[38;2;253;222;203m%[38;2;251;209;185m%[38;2;252;216;201m%[38;2;252;217;206m%[38;2;247;196;180m#[38;2;231;169;129m*[38;2;202;131;77m+[38;2;174;89;43m=[38;2;168;117;68m=[38;2;175;115;80m=[38;2;22;10;3m [38;2;2;0;1m [38;2;2;0;1m [38;2;2;0;1m [0m
[38;2;2;0;1m [38;2;2;0;1m [38;2;2;0;1m [38;2;2;0;1m [38;2;2;0;1m [38;2;2;0;1m [38;2;2;0;1m [38;2;2;0;1m [38;2;2;0;1m [38;2;2;0;1m [38;2;2;0;1m [38;2;83;87;89m-[38;2;246;226;216m%[38;2;254;221;171m%[38;2;246;189;138m#[38;2;247;188;164m#[38;2;249;197;177m#[38;2;252;217;202m%[38;2;250;206;195m%[38;2;252;215;198m%[38;2;249;202;199m#[38;2;247;181;162m#[38;2;231;165;116m*[38;2;170;88;25m=[38;2;169;117;66m=[38;2;178;124;67m+[38;2;28;15;4m.[38;2;2;0;1m [38;2;2;0;1m [38;2;2;0;1m [0m
[38;2;2;0;1m [38;2;2;0;1m [38;2;2;0;1m [38;2;2;0;1m [38;2;2;0;1m [38;2;2;0;1m [38;2;2;0;1m [38;2;2;0;1m [38;2;2;0;1m [38;2;2;0;1m [38;2;2;0;1m [38;2;161;168;162m*[38;2;247;211;196m%[38;2;250;201;176m#[38;2;230;193;166m#[38;2;229;176;124m*[38;2;250;203;181m#[38;2;252;215;186m%[38;2;253;219;195m%[38;2;250;207;196m%[38;2;240;182;173m#[38;2;242;166;144m*[38;2;235;167;121m*[38;2;162;102;29m=[38;2;166;112;70m=[38;2;179;118;53m=[38;2;25;15;4m.[38;2;10;6;2m [38;2;2;0;1m [38;2;2;0;1m [0m
[38;2;2;0;1m [38;2;2;0;1m [38;2;2;0;1m [38;2;2;0;1m [38;2;2;0;1m [38;2;2;0;1m [38;2;2;0;1m [38;2;2;0;1m [38;2;2;0;1m [38;2;2;0;1m [38;2;56;53;54m:[38;2;239;220;201m%[38;2;232;154;114m*[38;2;212;111;89m+[38;2;138;87;67m-[38;2;238;166;136m*[38;2;248;189;146m#[38;2;254;227;200m%[38;2;252;215;190m%[38;2;251;209;192m%[38;2;249;199;187m#[38;2;246;170;151m#[38;2;229;137;68m+[38;2;169;117;40m=[38;2;189;135;98m+[38;2;159;99;40m=[38;2;29;11;3m.[38;2;2;0;1m [38;2;2;0;1m [38;2;2;0;1m [0m
[38;2;2;0;1m [38;2;2;0;1m [38;2;2;0;1m [38;2;2;0;1m [38;2;2;0;1m [38;2;2;0;1m [38;2;2;0;1m [38;2;2;0;1m [38;2;2;0;1m [38;2;8;6;7m [38;2;212;203;184m#[38;2;253;216;176m%[38;2;251;206;170m%[38;2;251;210;195m%[38;2;252;213;192m%[38;2;252;217;196m%[38;2;254;225;186m%[38;2;255;239;210m%[38;2;253;228;207m%[38;2;252;214;185m%[38;2;250;198;178m#[38;2;239;160;138m*[38;2;223;118;51m+[38;2;187;123;50m+[38;2;195;123;89m+[38;2;129;62;21m-[38;2;130;94;76m=[38;2;58;31;17m.[38;2;2;0;1m [38;2;2;0;1m [0m
[38;2;2;0;1m [38;2;2;0;1m [38;2;2;0;1m [38;2;2;0;1m [38;2;2;0;1m [38;2;2;0;1m [38;2;2;0;1m [38;2;2;0;1m [38;2;2;0;1m [38;2;68;71;71m:[38;2;243;234;210m%[38;2;252;208;162m%[38;2;252;206;160m#[38;2;249;211;187m%[38;2;248;217;183m%[38;2;252;216;180m%[38;2;254;219;174m%[38;2;255;237;206m%[38;2;254;231;198m%[38;2;251;212;190m%[38;2;247;180;134m#[38;2;229;146;105m*[38;2;219;127;72m+[38;2;213;110;44m=[38;2;158;81;36m-[38;2;152;85;54m-[38;2;153;106;75m=[38;2;157;81;39m-[38;2;12;3;3m [38;2;2;0;1m [0m
[38;2;2;0;1m [38;2;2;0;1m [38;2;2;0;1m [38;2;2;0;1m [38;2;2;0;1m [38;2;2;0;1m [38;2;2;0;1m [38;2;2;0;1m [38;2;2;0;1m [38;2;106;112;109m=[38;2;244;221;185m%[38;2;139;106;82m=[38;2;117;91;65m-[38;2;106;94;85m-[38;2;111;104;88m=[38;2;168;153;117m+[38;2;233;206;173m#[38;2;254;227;198m%[38;2;253;224;196m%[38;2;252;216;194m%[38;2;247;177;138m#[38;2;228;141;87m+[38;2;228;125;63m+[38;2;208;102;34m=[38;2;156;72;22m-[38;2;143;73;28m-[38;2;121;64;27m-[38;2;178;121;75m+[38;2;29;14;9m.[38;2;2;0;1m [0m
[38;2;2;0;1m [38;2;2;0;1m [38;2;2;0;1m [38;2;2;0;1m [38;2;2;0;1m [38;2;2;0;1m [38;2;2;0;1m [38;2;2;0;1m [38;2;2;0;1m [38;2;154;159;153m*[38;2;249;212;161m%[38;2;172;151;131m+[38;2;179;165;146m*[38;2;181;164;141m*[38;2;149;135;119m+[38;2;112;98;87m=[38;2;126;115;109m=[38;2;253;231;214m%[38;2;254;225;193m%[38;2;251;206;185m%[38;2;246;175;147m#[38;2;238;162;132m*[38;2;238;146;103m*[38;2;218;128;76m+[38;2;178;99;34m=[38;2;153;88;47m-[38;2;190;118;80m+[38;2;210;165;123m*[38;2;11;6;4m [38;2;2;0;1m [0m
[38;2;2;0;1m [38;2;2;0;1m [38;2;2;0;1m [38;2;2;0;1m [38;2;2;0;1m [38;2;2;0;1m [38;2;2;0;1m [38;2;2;0;1m [38;2;9;7;8m [38;2;218;222;207m%[38;2;254;231;174m%[38;2;254;238;196m%[38;2;254;230;192m%[38;2;254;234;199m%[38;2;254;238;200m%[38;2;254;234;197m%[38;2;254;234;210m%[38;2;255;234;201m%[38;2;255;230;180m%[38;2;252;208;170m%[38;2;248;192;160m#[38;2;245;174;128m#[38;2;245;169;151m*[38;2;238;153;123m*[38;2;200;126;48m+[38;2;199;126;92m+[38;2;183;129;115m+[38;2;55;44;39m:[38;2;2;0;1m [38;2;2;0;1m [0m
[38;2;2;0;1m [38;2;2;0;1m [38;2;2;0;1m [38;2;2;0;1m [38;2;2;0;1m [38;2;2;0;1m [38;2;2;0;1m [38;2;2;0;1m [38;2;67;70;67m:[38;2;232;232;201m%[38;2;255;233;172m%[38;2;254;243;199m@[38;2;255;241;204m@[38;2;255;244;202m@[38;2;254;248;221m@[38;2;255;234;195m%[38;2;255;234;187m%[38;2;254;229;193m%[38;2;253;218;187m%[38;2;250;198;155m#[38;2;249;191;157m#[38;2;248;181;137m#[38;2;245;167;121m*[38;2;242;144;80m*[38;2;117;62;20m:[38;2;64;42;35m:[38;2;13;7;4m [38;2;2;0;1m [38;2;2;0;1m [38;2;2;0;1m [0m
[38;2;2;0;1m [38;2;2;0;1m [38;2;2;0;1m [38;2;2;0;1m [38;2;2;0;1m [38;2;2;0;1m [38;2;2;0;1m [38;2;2;0;1m [38;2;68;71;69m:[38;2;226;227;193m%[38;2;254;230;182m%[38;2;255;234;173m%[38;2;254;241;206m@[38;2;254;241;205m@[38;2;254;238;207m%[38;2;255;228;179m%[38;2;254;223;173m%[38;2;251;215;178m%[38;2;248;199;157m#[38;2;242;179;131m#[38;2;235;160;93m*[38;2;220;129;70m+[38;2;188;110;50m=[38;2;172;80;23m-[38;2;29;12;4m.[38;2;10;3;2m [38;2;2;0;1m [38;2;2;0;1m [38;2;2;0;1m [38;2;2;0;1m [0m
[38;2;2;0;1m [38;2;2;0;1m [38;2;2;0;1m [38;2;2;0;1m [38;2;2;0;1m [38;2;2;0;1m [38;2;2;0;1m [38;2;2;0;1m [38;2;2;0;1m [38;2;70;70;65m:[38;2;176;158;122m*[38;2;245;178;80m#[38;2;242;179;103m#[38;2;241;176;122m#[38;2;235;171;106m*[38;2;228;155;68m*[38;2;223;145;70m*[38;2;206;128;49m+[38;2;190;111;27m=[38;2;188;82;21m=[38;2;180;68;22m-[38;2;172;46;21m-[38;2;156;50;18m:[38;2;129;51;15m:[38;2;88;31;9m.[38;2;9;2;2m [38;2;2;0;1m [38;2;2;0;1m [38;2;2;0;1m [38;2;2;0;1m [0m
[38;2;2;0;1m [38;2;2;0;1m [38;2;2;0;1m [38;2;2;0;1m [38;2;2;0;1m [38;2;2;0;1m [38;2;2;0;1m [38;2;2;0;1m [38;2;2;0;1m [38;2;2;0;1m [38;2;160;163;132m*[38;2;245;165;83m*[38;2;247;168;98m*[38;2;245;161;92m*[38;2;246;164;103m*[38;2;245;160;101m*[38;2;240;148;83m*[38;2;232;142;71m*[38;2;224;138;60m+[38;2;233;123;64m+[38;2;228;115;67m+[38;2;223;100;41m=[38;2;222;102;30m=[38;2;185;89;22m=[38;2;59;18;7m.[38;2;2;0;1m [38;2;2;0;1m [38;2;2;0;1m [38;2;2;0;1m [38;2;2;0;1m [0m
[38;2;2;0;1m [38;2;2;0;1m [38;2;2;0;1m [38;2;2;0;1m [38;2;2;0;1m [38;2;2;0;1m [38;2;2;0;1m [38;2;2;0;1m [38;2;2;0;1m [38;2;7;5;6m [38;2;229;226;216m%[38;2;250;198;158m#[38;2;249;187;124m#[38;2;249;189;143m#[38;2;250;189;133m#[38;2;250;196;155m#[38;2;249;192;150m#[38;2;250;198;168m#[38;2;250;202;168m#[38;2;252;210;178m%[38;2;250;196;155m#[38;2;229;124;66m+[38;2;183;60;19m-[38;2;83;25;10m.[38;2;2;0;1m [38;2;2;0;1m [38;2;2;0;1m [38;2;2;0;1m [38;2;2;0;1m [38;2;2;0;1m [0m
[38;2;2;0;1m [38;2;2;0;1m [38;2;2;0;1m [38;2;2;0;1m [38;2;2;0;1m [38;2;2;0;1m [38;2;2;0;1m [38;2;2;0;1m [38;2;2;0;1m [38;2;39;39;38m.[38;2;244;242;221m@[38;2;254;226;183m%[38;2;253;210;154m%[38;2;253;217;166m%[38;2;254;222;172m%[38;2;254;232;198m%[38;2;254;231;194m%[38;2;254;233;210m%[38;2;254;232;198m%[38;2;255;236;201m%[38;2;253;219;182m%[38;2;234;158;102m*[38;2;53;15;6m.[38;2;10;2;2m [38;2;2;0;1m [38;2;2;0;1m [38;2;2;0;1m [38;2;2;0;1m [38;2;2;0;1m [38;2;2;0;1m [0m
[38;2;2;0;1m [38;2;2;0;1m [38;2;2;0;1m [38;2;2;0;1m [38;2;2;0;1m [38;2;2;0;1m [38;2;2;0;1m [38;2;2;0;1m [38;2;2;0;1m [38;2;36;36;36m.[38;2;239;236;216m%[38;2;254;225;191m%[38;2;254;226;185m%[38;2;255;238;180m%[38;2;254;248;214m@[38;2;253;252;232m@[38;2;254;247;209m@[38;2;254;249;218m@[38;2;254;248;215m@[38;2;254;238;217m%[38;2;254;221;175m%[38;2;249;189;141m#[38;2;167;69;36m-[38;2;83;21;8m.[38;2;2;0;1m [38;2;2;0;1m [38;2;2;0;1m [38;2;2;0;1m [38;2;2;0;1m [38;2;2;0;1m [0m
[38;2;2;0;1m [38;2;2;0;1m [38;2;2;0;1m [38;2;2;0;1m [38;2;2;0;1m [38;2;2;0;1m [38;2;2;0;1m [38;2;2;0;1m [38;2;2;0;1m [38;2;11;9;9m [38;2;226;212;189m%[38;2;255;230;191m%[38;2;255;235;193m%[38;2;255;239;188m%[38;2;254;247;214m@[38;2;253;250;224m@[38;2;254;250;224m@[38;2;254;247;213m@[38;2;255;242;211m@[38;2;253;224;197m%[38;2;253;217;166m%[38;2;249;188;139m#[38;2;235;129;69m+[38;2;100;27;10m.[38;2;3;1;1m [38;2;2;0;1m [38;2;2;0;1m [38;2;2;0;1m [38;2;2;0;1m [38;2;2;0;1m [0m
[38;2;2;0;1m [38;2;2;0;1m [38;2;2;0;1m [38;2;2;0;1m [38;2;2;0;1m [38;2;2;0;1m [38;2;15;10;10m [38;2;77;64;53m:[38;2;138;118;102m=[38;2;199;174;149m*[38;2;247;208;168m%[38;2;255;235;190m%[38;2;255;239;195m%[38;2;255;244;206m@[38;2;254;247;216m@[38;2;254;249;220m@[38;2;255;239;202m%[38;2;255;238;194m%[38;2;255;233;198m%[38;2;253;217;176m%[38;2;251;204;157m#[38;2;247;178;133m#[38;2;242;141;96m*[38;2;183;61;24m-[38;2;86;69;65m-[38;2;186;145;116m+[38;2;150;112;106m=[38;2;103;78;64m-[38;2;42;28;24m.[38;2;3;1;1m [0m
[38;2;2;0;1m [38;2;100;3;8m.[38;2;102;3;9m.[38;2;103;3;9m.[38;2;133;27;28m:[38;2;189;71;67m-[38;2;233;113;109m+[38;2;239;108;91m+[38;2;241;119;107m+[38;2;241;119;103m+[38;2;239;107;79m+[38;2;242;133;117m+[38;2;242;138;128m*[38;2;242;140;130m*[38;2;242;139;128m*[38;2;242;138;132m*[38;2;242;126;115m+[38;2;242;128;119m+[38;2;242;130;114m+[38;2;241;120;105m+[38;2;239;111;99m+[38;2;237;90;73m=[38;2;234;69;48m=[38;2;216;34;20m-[38;2;195;68;71m-[38;2;237;94;70m=[38;2;238;99;83m=[38;2;237;90;64m=[38;2;236;98;85m=[38;2;218;144;105m*[0m
[38;2;7;10;7m [38;2;240;142;147m*[38;2;246;169;174m#[38;2;249;196;199m#[38;2;233;58;67m-[38;2;243;142;148m*[38;2;249;196;198m#[38;2;227;12;23m:[38;2;251;216;218m%[38;2;243;149;154m*[38;2;250;203;206m%[38;2;243;145;151m*[38;2;242;135;141m*[38;2;248;188;191m#[38;2;244;151;156m*[38;2;246;169;173m#[38;2;248;189;191m#[38;2;231;41;51m-[38;2;248;190;193m#[38;2;244;150;154m*[38;2;247;178;180m#[38;2;245;159;163m*[38;2;227;11;23m:[38;2;248;194;196m#[38;2;243;147;151m*[38;2;235;73;82m=[38;2;249;194;196m#[38;2;244;150;155m*[38;2;246;172;176m#[38;2;238;108;54m+[0m
[38;2;33;44;30m.[38;2;241;145;149m*[38;2;246;170;174m#[38;2;250;204;207m%[38;2;236;86;94m=[38;2;252;227;228m%[38;2;249;199;201m#[38;2;239;113;119m+[38;2;249;199;202m#[38;2;233;63;73m=[38;2;247;184;188m#[38;2;245;159;164m*[38;2;244;158;163m*[38;2;241;133;138m*[38;2;234;65;75m=[38;2;248;190;193m#[38;2;250;203;205m%[38;2;239;112;119m+[38;2;251;213;214m%[38;2;244;152;157m*[38;2;247;181;184m#[38;2;244;155;159m*[38;2;239;112;119m+[38;2;249;198;201m#[38;2;252;226;228m%[38;2;238;107;114m+[38;2;244;150;155m*[38;2;234;69;77m=[38;2;248;192;195m#[38;2;233;93;37m=[0m
[38;2;131;152;118m+[38;2;235;82;82m=[38;2;232;46;48m-[38;2;235;70;70m=[38;2;237;93;93m=[38;2;233;61;64m-[38;2;231;37;39m-[38;2;238;97;99m=[38;2;239;113;113m+[38;2;240;115;114m+[38;2;239;106;105m+[38;2;235;76;80m=[38;2;234;68;72m=[38;2;240;118;117m+[38;2;240;119;121m+[38;2;236;83;88m=[38;2;238;97;101m=[38;2;230;36;43m-[38;2;237;91;94m=[38;2;236;80;84m=[38;2;239;113;114m+[38;2;239;112;113m+[38;2;237;92;94m=[38;2;230;30;33m-[38;2;233;55;58m-[38;2;236;88;90m=[38;2;239;107;105m+[38;2;239;107;107m+[38;2;234;69;71m=[38;2;221;97;36m=[0m
[38;2;183;203;164m#[38;2;250;215;167m%[38;2;253;211;153m%[38;2;245;217;170m%[38;2;245;212;156m%[38;2;251;203;158m#[38;2;252;206;154m#[38;2;253;214;175m%[38;2;254;218;176m%[38;2;253;216;172m%[38;2;253;214;159m%[38;2;252;212;174m%[38;2;251;208;173m%[38;2;252;209;152m%[38;2;254;224;183m%[38;2;255;237;199m%[38;2;254;231;204m%[38;2;252;215;192m%[38;2;244;149;126m*[38;2;241;119;100m+[38;2;241;122;102m+[38;2;241;129;114m+[38;2;242;133;105m+[38;2;240;123;96m+[38;2;237;97;75m=[38;2;239;113;88m+[38;2;238;109;93m+[38;2;236;85;72m=[38;2;238;106;90m+[38;2;229;159;91m*[0m
[38;2;187;200;156m#[38;2;252;210;155m%[38;2;249;229;188m%[38;2;235;241;226m%[38;2;242;241;222m%[38;2;253;213;159m%[38;2;252;204;149m#[38;2;253;209;158m%[38;2;253;215;167m%[38;2;253;210;156m%[38;2;254;220;166m%[38;2;255;229;181m%[38;2;254;229;200m%[38;2;253;220;181m%[38;2;253;214;174m%[38;2;254;217;166m%[38;2;253;216;185m%[38;2;252;212;175m%[38;2;250;192;148m#[38;2;248;179;154m#[38;2;248;181;153m#[38;2;247;166;126m*[38;2;246;170;128m*[38;2;244;150;125m*[38;2;243;149;133m*[38;2;245;160;120m*[38;2;244;155;141m*[38;2;246;170;136m*[38;2;246;183;157m#[38;2;245;195;153m#[0m
[38;2;172;191;137m*[38;2;248;200;140m#[38;2;233;231;200m%[38;2;228;235;223m%[38;2;237;240;222m%[38;2;252;213;172m%[38;2;253;214;169m%[38;2;252;204;154m#[38;2;251;200;143m#[38;2;250;187;119m#[38;2;255;226;174m%[38;2;255;228;170m%[38;2;255;229;190m%[38;2;254;221;185m%[38;2;254;226;189m%[38;2;255;235;191m%[38;2;255;231;187m%[38;2;254;227;197m%[38;2;255;232;184m%[38;2;252;220;197m%[38;2;252;211;175m%[38;2;251;203;162m#[38;2;249;195;157m#[38;2;251;204;171m#[38;2;253;216;182m%[38;2;249;195;170m#[38;2;249;206;194m%[38;2;253;222;180m%[38;2;248;217;197m%[38;2;248;194;159m#[0m
[38;2;145;176;127m*[38;2;228;187;103m#[38;2;251;217;170m%[38;2;245;228;201m%[38;2;246;217;180m%[38;2;252;209;161m%[38;2;253;212;167m%[38;2;253;214;170m%[38;2;252;210;170m%[38;2;252;210;166m%[38;2;254;220;175m%[38;2;255;228;186m%[38;2;254;221;176m%[38;2;252;214;189m%[38;2;252;216;191m%[38;2;254;230;197m%[38;2;255;236;193m%[38;2;254;232;203m%[38;2;255;239;200m%[38;2;254;231;202m%[38;2;254;225;191m%[38;2;252;214;179m%[38;2;253;216;174m%[38;2;251;210;182m%[38;2;249;216;205m%[38;2;239;221;210m%[38;2;225;230;218m%[38;2;217;225;212m%[38;2;241;203;183m#[38;2;239;183;146m#[0m
[38;2;101;138;80m=[38;2;203;170;95m*[38;2;245;185;123m#[38;2;249;193;156m#[38;2;249;189;129m#[38;2;251;197;136m#[38;2;252;207;163m%[38;2;253;216;174m%[38;2;254;222;181m%[38;2;253;215;173m%[38;2;253;217;180m%[38;2;254;222;174m%[38;2;252;210;168m%[38;2;251;206;172m%[38;2;252;214;193m%[38;2;254;222;179m%[38;2;253;216;169m%[38;2;252;218;194m%[38;2;253;217;178m%[38;2;252;221;201m%[38;2;253;218;186m%[38;2;253;217;187m%[38;2;253;214;174m%[38;2;252;218;192m%[38;2;252;253;251m@[38;2;242;249;247m@[38;2;233;244;241m@[38;2;228;242;238m%[38;2;206;199;168m#[38;2;219;163;119m*[0m
[38;2;41;83;43m-[38;2;149;143;100m+[38;2;217;159;86m*[38;2;243;180;134m#[38;2;246;190;133m#[38;2;250;193;144m#[38;2;250;196;152m#[38;2;251;203;163m#[38;2;252;211;175m%[38;2;253;213;165m%[38;2;252;209;168m%[38;2;252;208;166m%[38;2;252;206;158m#[38;2;253;209;155m%[38;2;251;208;182m%[38;2;253;214;170m%[38;2;252;209;171m%[38;2;251;212;188m%[38;2;252;215;184m%[38;2;254;226;192m%[38;2;253;224;203m%[38;2;253;221;197m%[38;2;252;213;185m%[38;2;253;222;186m%[38;2;245;249;245m@[38;2;234;244;239m@[38;2;220;237;231m%[38;2;210;231;223m%[38;2;166;179;123m*[38;2;194;132;90m+[0m
[38;2;23;32;13m.[38;2;83;93;68m-[38;2;171;114;39m=[38;2;209;144;72m+[38;2;230;166;108m*[38;2;247;181;145m#[38;2;232;192;160m#[38;2;250;204;165m#[38;2;250;197;164m#[38;2;249;187;148m#[38;2;250;192;139m#[38;2;249;187;135m#[38;2;250;195;146m#[38;2;251;194;132m#[38;2;250;198;158m#[38;2;252;207;159m%[38;2;250;199;171m#[38;2;250;200;177m#[38;2;250;202;171m#[38;2;251;206;174m%[38;2;251;210;181m%[38;2;250;208;171m%[38;2;249;195;158m#[38;2;243;188;131m#[38;2;231;207;168m#[38;2;221;225;207m%[38;2;201;209;188m#[38;2;143;162;123m+[38;2;141;100;49m=[38;2;156;79;41m-[0m
