[38;2;42;48;42m:[38;2;70;76;70m-[38;2;68;75;69m-[38;2;68;75;69m-[38;2;72;78;72m-[38;2;70;76;70m-[38;2;68;75;69m-[38;2;68;75;69m-[38;2;74;80;74m-[38;2;71;77;71m-[38;2;59;66;60m:[38;2;68;75;69m-[38;2;61;71;62m:[38;2;58;68;59m:[38;2;69;76;70m-[38;2;68;75;69m-[38;2;67;74;68m-[38;2;69;76;70m-[38;2;64;71;65m:[38;2;65;72;66m:[38;2;64;72;61m:[38;2;61;69;58m:[38;2;63;71;60m:[38;2;66;74;63m-[38;2;66;73;67m-[38;2;66;73;67m-[38;2;64;71;63m:[38;2;65;72;64m:[38;2;66;73;62m:[38;2;39;46;35m:[0m
[38;2;80;90;83m-[38;2;170;180;173m*[38;2;106;116;111m=[38;2;133;143;138m+[38;2;173;180;172m*[38;2;150;157;149m+[38;2;110;123;100m=[38;2;181;194;171m#[38;2;165;178;163m*[38;2;68;81;66m-[38;2;50;70;51m:[38;2;82;102;83m-[38;2;79;101;88m-[38;2;105;127;114m=[38;2;136;151;148m+[38;2;134;149;146m+[38;2;129;142;136m+[38;2;116;129;123m=[38;2;178;198;179m#[38;2;90;110;91m=[38;2;105;120;99m=[38;2;118;133;112m+[38;2;105;116;88m=[38;2;133;144;116m+[38;2;120;132;122m+[38;2;116;128;118m=[38;2;117;130;120m=[38;2;105;118;108m=[38;2;145;155;127m+[38;2;68;78;50m-[0m
[38;2;78;88;79m-[38;2;199;209;200m#[38;2;81;93;87m-[38;2;108;120;114m=[38;2;62;69;61m:[38;2;81;88;80m-[38;2;81;84;79m-[38;2;225;228;223m%[38;2;141;148;144m+[38;2;79;86;82m-[38;2;127;142;121m+[38;2;119;134;113m+[38;2;79;91;87m-[38;2;84;96;92m-[38;2;84;95;91m-[38;2;27;38;34m.[38;2;49;62;52m:[38;2;91;104;94m=[38;2;144;167;147m*[38;2;42;65;45m:[38;2;63;72;53m:[38;2;69;78;59m-[38;2;71;82;54m-[38;2;90;101;73m-[38;2;62;70;51m:[38;2;62;70;51m:[38;2;110;124;105m=[38;2;53;67;48m:[38;2;102;108;84m=[38;2;71;77;53m-[0m
[38;2;76;89;74m-[38;2;194;207;192m#[38;2;148;167;150m*[38;2;139;158;141m+[38;2;141;154;86m+[38;2;116;129;61m=[38;2;123;129;105m=[38;2;210;216;192m%[38;2;160;164;108m*[38;2;128;132;76m=[38;2;175;188;147m*[38;2;167;180;139m*[38;2;168;181;171m*[38;2;154;167;157m*[38;2;185;192;188m#[38;2;187;194;190m#[38;2;179;189;180m#[38;2;146;156;147m+[38;2;174;194;163m#[38;2;116;136;105m+[38;2;113;133;84m=[38;2;121;141;92m+[38;2;127;143;83m+[38;2;154;170;110m*[38;2;149;161;102m+[38;2;151;163;104m*[38;2;149;160;104m+[38;2;148;159;103m+[38;2;177;185;150m*[38;2;70;78;43m-[0m
[38;2;82;93;81m-[38;2;201;212;200m#[38;2;171;191;140m*[38;2;138;158;107m+[38;2;154;165;99m*[38;2;190;201;135m#[38;2;205;211;179m#[38;2;209;215;183m#[38;2;164;162;81m*[38;2;154;152;71m+[38;2;157;161;102m*[38;2;208;212;153m#[38;2;185;201;176m#[38;2;182;198;173m#[38;2;205;219;198m%[38;2;196;210;189m#[38;2;215;226;214m%[38;2;202;213;201m#[38;2;124;144;95m+[38;2;93;113;64m=[38;2;109;114;62m=[38;2;102;107;55m=[38;2;144;154;74m+[38;2;190;200;120m#[38;2;173;195;130m#[38;2;155;177;112m*[38;2;160;178;104m*[38;2;186;204;130m#[38;2;190;199;134m#[38;2;71;80;15m-[0m
[38;2;81;92;80m-[38;2;204;215;203m#[38;2;180;198;160m#[38;2;163;181;143m*[38;2;178;189;158m#[38;2;222;233;202m%[38;2;240;243;238m@[38;2;232;235;230m%[38;2;158;164;94m*[38;2;144;150;80m+[38;2;190;203;162m#[38;2;167;180;139m*[38;2;87;115;81m=[38;2;144;172;138m*[38;2;185;206;167m#[38;2;128;149;110m+[38;2;168;186;146m*[38;2;140;158;118m+[38;2;105;131;90m=[38;2;113;139;98m+[38;2;75;103;67m-[38;2;67;95;59m-[38;2;95;107;48m=[38;2;167;179;120m*[38;2;151;179;107m*[38;2;153;181;109m*[38;2;158;177;97m*[38;2;187;206;126m#[38;2;188;198;139m#[38;2;69;79;20m-[0m
[38;2;78;89;77m-[38;2;208;219;207m%[38;2;189;209;176m#[38;2;147;167;134m*[38;2;178;189;159m#[38;2;228;239;209m%[38;2;245;247;246m@[38;2;240;242;241m@[38;2;179;179;121m*[38;2;146;146;88m+[38;2;181;192;138m#[38;2;98;109;55m=[38;2;69;102;59m-[38;2;94;127;84m=[38;2;163;183;126m*[38;2;138;158;101m+[38;2;144;167;114m*[38;2;110;133;80m=[38;2;49;80;50m-[38;2;69;100;70m-[38;2;117;144;95m+[38;2;78;105;56m-[38;2;77;87;41m-[38;2;117;127;81m=[38;2;141;166;112m*[38;2;130;155;101m+[38;2;133;145;71m+[38;2;187;199;125m#[38;2;174;184;126m*[38;2;66;76;18m:[0m
[38;2;74;86;70m-[38;2;199;211;195m#[38;2;197;213;188m#[38;2;174;190;165m#[38;2;189;197;180m#[38;2;236;244;227m@[38;2;239;244;242m@[38;2;228;233;231m%[38;2;211;213;168m#[38;2;179;181;136m*[38;2;169;176;111m*[38;2;112;119;54m=[38;2;44;73;49m:[38;2;52;81;57m-[38;2;113;132;70m=[38;2;140;159;97m+[38;2;175;190;155m#[38;2;179;194;159m#[38;2;91;115;67m=[38;2;90;114;66m=[38;2;132;151;99m+[38;2;86;105;53m-[38;2;91;113;42m=[38;2;132;154;83m+[38;2;143;152;87m+[38;2;120;129;64m=[38;2;161;173;93m*[38;2;154;166;86m*[38;2;175;186;130m*[38;2;66;77;21m:[0m
[38;2;69;82;58m-[38;2;200;213;189m#[38;2;203;217;170m#[38;2;170;184;137m*[38;2;165;174;97m*[38;2;169;178;101m*[38;2;192;203;128m#[38;2;185;196;121m#[38;2;169;170;107m*[38;2;183;184;121m*[38;2;175;178;103m*[38;2;159;162;87m*[38;2;97;113;52m=[38;2;112;128;67m=[38;2;176;185;108m*[38;2;184;193;116m#[38;2;198;208;183m#[38;2;207;217;192m%[38;2;166;182;98m*[38;2;171;187;103m*[38;2;215;226;188m%[38;2;107;118;80m=[38;2;91;108;36m=[38;2;188;205;133m#[38;2;186;195;129m#[38;2;179;188;122m*[38;2;177;188;111m*[38;2;157;168;91m*[38;2;174;185;119m*[38;2;65;76;10m:[0m
[38;2;60;67;13m:[38;2;161;168;114m*[38;2;166;173;108m*[38;2;150;157;92m+[38;2;205;216;141m#[38;2;184;195;120m#[38;2;182;192;108m*[38;2;213;223;139m%[38;2;120;124;65m=[38;2;130;134;75m+[38;2;151;152;78m+[38;2;175;176;102m*[38;2;171;183;90m*[38;2;210;222;129m%[38;2;205;211;153m#[38;2;234;240;182m%[38;2;218;227;208m%[38;2;217;226;207m%[38;2;188;201;125m#[38;2;171;184;108m*[38;2;181;195;142m#[38;2;104;118;65m=[38;2;171;179;110m*[38;2;224;232;163m%[38;2;152;141;75m+[38;2;166;155;89m+[38;2;170;175;95m*[38;2;179;184;104m*[38;2;195;204;151m#[38;2;66;75;22m:[0m
[38;2;74;79;15m-[38;2;155;160;96m+[38;2;151;158;92m+[38;2;162;169;103m*[38;2;213;223;152m%[38;2;177;187;116m*[38;2;193;204;116m#[38;2;178;189;101m*[38;2;164;167;92m*[38;2;153;156;81m+[38;2;182;184;117m*[38;2;198;200;133m#[38;2;191;203;110m#[38;2;189;201;108m#[38;2;207;213;141m#[38;2;218;224;152m%[38;2;184;196;158m#[38;2;170;182;144m*[38;2;151;170;87m*[38;2;172;191;108m*[38;2;207;215;142m#[38;2;173;181;108m*[38;2;149;160;58m+[38;2;195;206;104m#[38;2;173;159;92m*[38;2;153;139;72m+[38;2;200;204;145m#[38;2;213;217;158m#[38;2;229;233;202m%[38;2;70;74;43m-[0m
[38;2;90;89;26m-[38;2;192;191;128m#[38;2;188;188;106m*[38;2;216;216;134m#[38;2;223;228;187m%[38;2;222;227;186m%[38;2;192;205;106m#[38;2;172;185;86m*[38;2;209;212;129m#[38;2;199;202;119m#[38;2;166;157;80m+[38;2;180;171;94m*[38;2;179;185;101m*[38;2;184;190;106m*[38;2;209;213;135m#[38;2;186;190;112m*[38;2;150;165;86m*[38;2;136;151;72m+[38;2;143;161;81m+[38;2;156;174;94m*[38;2;150;165;74m+[38;2;159;174;83m*[38;2;134;137;54m+[38;2;178;181;98m*[38;2;163;135;76m+[38;2;163;135;76m+[38;2;189;189;133m#[38;2;215;215;159m#[38;2;226;231;202m%[38;2;71;76;47m-[0m
[38;2;88;93;55m-[38;2;205;210;172m#[38;2;225;229;196m%[38;2;230;234;201m%[38;2;236;240;209m%[38;2;229;233;202m%[38;2;209;219;148m#[38;2;189;199;128m#[38;2;190;201;126m#[38;2;216;227;152m%[38;2;203;200;131m#[38;2;178;175;106m*[38;2;144;132;64m+[38;2;207;195;127m#[38;2;230;225;172m%[38;2;199;194;141m#[38;2;169;168;79m*[38;2;158;157;68m+[38;2;161;174;84m*[38;2;186;199;109m#[38;2;172;180;120m*[38;2;185;193;133m#[38;2;168;166;95m*[38;2;149;147;76m+[38;2;171;130;72m+[38;2;164;123;65m+[38;2;125;121;49m=[38;2;182;178;106m*[38;2;204;210;164m#[38;2;75;81;35m-[0m
[38;2;86;91;62m-[38;2;226;231;202m%[38;2;221;225;190m%[38;2;240;244;209m%[38;2;236;239;211m%[38;2;235;238;210m%[38;2;221;230;167m%[38;2;192;201;138m#[38;2;203;210;144m#[38;2;208;215;149m#[38;2;220;219;157m%[38;2;200;199;137m#[38;2;173;144;82m+[38;2;175;146;84m+[38;2;218;200;138m#[38;2;167;149;87m+[38;2;168;134;65m+[38;2;155;121;52m=[38;2;140;151;63m+[38;2;175;186;98m*[38;2;124;143;60m+[38;2;138;157;74m+[38;2;200;208;135m#[38;2;175;183;110m*[38;2;127;104;60m=[38;2;103;80;36m-[38;2;58;64;4m:[38;2;144;150;90m+[38;2;216;220;173m%[38;2;78;82;35m-[0m
[38;2;79;82;55m-[38;2;215;218;191m%[38;2;224;229;191m%[38;2;231;236;198m%[38;2;241;243;223m@[38;2;239;241;221m%[38;2;237;242;203m%[38;2;205;210;171m#[38;2;175;179;99m*[38;2;206;210;130m#[38;2;236;233;194m%[38;2;212;209;170m#[38;2;214;195;130m#[38;2;168;149;84m+[38;2;183;155;86m*[38;2;183;155;86m*[38;2;176;134;66m+[38;2;151;109;41m=[38;2;125;129;51m=[38;2;139;143;65m+[38;2;95;106;40m-[38;2;144;155;89m+[38;2;211;218;153m#[38;2;165;172;107m*[38;2;72;76;41m-[38;2;74;78;43m-[38;2;69;75;7m:[38;2;152;158;90m+[38;2;208;212;155m#[38;2;77;81;24m-[0m
[38;2;78;80;37m-[38;2;153;155;112m+[38;2;230;235;197m%[38;2;219;224;186m%[38;2;231;235;202m%[38;2;235;239;206m%[38;2;238;243;205m%[38;2;214;219;181m%[38;2;216;217;177m%[38;2;212;213;173m#[38;2;241;240;214m%[38;2;230;229;203m%[38;2;218;191;128m#[38;2;153;126;63m=[38;2;156;123;50m=[38;2;184;151;78m+[38;2;178;144;75m+[38;2;153;119;50m=[38;2;129;125;53m=[38;2;158;154;82m+[38;2;88;95;45m-[38;2;196;203;153m#[38;2;226;232;200m%[38;2;130;136;104m+[38;2;56;59;32m:[38;2;72;75;48m-[38;2;95;88;12m-[38;2;187;180;104m*[38;2;211;213;146m#[38;2;81;83;16m-[0m
[38;2;90;94;48m-[38;2;189;193;147m#[38;2;218;222;175m%[38;2;232;236;189m%[38;2;222;227;175m%[38;2;228;233;181m%[38;2;213;223;152m%[38;2;181;191;120m*[38;2;181;180;130m*[38;2;208;207;157m#[38;2;240;241;213m%[38;2;233;234;206m%[38;2;200;175;87m*[38;2;171;146;58m+[38;2;165;132;57m+[38;2;187;154;79m+[38;2;191;164;101m*[38;2;145;118;55m=[38;2;136;129;53m=[38;2;171;164;88m*[38;2;116;126;65m=[38;2;205;215;154m#[38;2;233;229;200m%[38;2;121;117;88m=[38;2;101;73;38m-[38;2;106;78;43m-[38;2;141;103;32m=[38;2;201;163;92m*[38;2;210;214;155m#[38;2;78;82;23m-[0m
[38;2;89;94;56m-[38;2;210;215;177m#[38;2;181;188;125m*[38;2;215;222;159m%[38;2;213;220;166m%[38;2;224;231;177m%[38;2;196;202;116m#[38;2;170;176;90m*[38;2;151;144;89m+[38;2;210;203;148m#[38;2;223;222;160m%[38;2;203;202;140m#[38;2;156;110;52m=[38;2;151;105;47m=[38;2;145;126;87m=[38;2;161;142;103m+[38;2;152;142;118m+[38;2;165;155;131m+[38;2;131;127;98m=[38;2;172;168;139m*[38;2;148;154;133m+[38;2;163;169;148m*[38;2;185;180;162m*[38;2;133;128;110m+[38;2;145;107;72m=[38;2;156;118;83m=[38;2;148;138;105m+[38;2;173;163;130m*[38;2;207;212;160m#[38;2;76;81;29m-[0m
[38;2;86;88;43m-[38;2;186;188;143m#[38;2;168;170;99m*[38;2;206;208;137m#[38;2;199;202;135m#[38;2;219;222;155m%[38;2;198;199;95m#[38;2;191;192;88m#[38;2;159;157;113m+[38;2;240;238;194m%[38;2;213;209;148m#[38;2;176;172;111m*[38;2;161;121;72m=[38;2;150;110;61m=[38;2;147;120;66m=[38;2;182;155;101m*[38;2;148;125;95m+[38;2;168;145;115m+[38;2;137;140;112m+[38;2;165;168;140m*[38;2;164;169;153m*[38;2;167;172;156m*[38;2;134;138;118m+[38;2;150;154;134m+[38;2;168;149;136m+[38;2;133;114;101m=[38;2;147;141;121m+[38;2;171;165;145m*[38;2;207;207;155m#[38;2;78;78;26m-[0m
[38;2;76;78;43m-[38;2;192;194;159m#[38;2;217;220;149m%[38;2;209;212;141m#[38;2;187;193;91m#[38;2;205;211;109m#[38;2;197;201;144m#[38;2;226;230;173m%[38;2;233;233;211m%[38;2;245;245;223m@[38;2;206;200;140m#[38;2;188;182;122m*[38;2;140;105;65m=[38;2;170;135;95m+[38;2;157;122;66m=[38;2;162;127;71m+[38;2;156;135;82m+[38;2;163;142;89m+[38;2;157;162;121m*[38;2;182;187;146m*[38;2;162;171;118m*[38;2;160;169;116m*[38;2;141;127;104m+[38;2;131;117;94m=[38;2;161;121;89m=[38;2;155;115;83m=[38;2;165;153;120m+[38;2;175;163;130m*[38;2;199;200;142m#[38;2;77;78;20m-[0m
[38;2;88;89;49m-[38;2;173;174;134m*[38;2;221;225;143m%[38;2;201;205;123m#[38;2;194;202;85m#[38;2;192;200;83m#[38;2;201;205;161m#[38;2;238;242;198m%[38;2;236;239;211m%[38;2;226;229;201m%[38;2;194;181;128m*[38;2;176;163;110m*[38;2;170;148;101m+[38;2;178;156;109m*[38;2;171;126;63m+[38;2;148;103;40m=[38;2;157;129;50m+[38;2;154;126;47m=[38;2;133;139;48m+[38;2;169;175;84m*[38;2;161;173;91m*[38;2;158;170;88m*[38;2;174;138;82m+[38;2;131;95;39m-[38;2;164;96;37m=[38;2;174;106;47m=[38;2;183;147;73m+[38;2;201;165;91m*[38;2;199;203;146m#[38;2;76;80;23m-[0m
[38;2;88;81;38m-[38;2;152;145;102m+[38;2;209;213;122m#[38;2;197;201;110m#[38;2;194;204;94m#[38;2;191;201;91m#[38;2;221;224;186m%[38;2;218;221;183m%[38;2;201;205;123m#[38;2;187;191;109m#[38;2;179;162;84m*[38;2;181;164;86m*[38;2;167;144;94m+[38;2;201;178;128m*[38;2;161;137;93m+[38;2;161;137;93m+[38;2;152;147;112m+[38;2;122;117;82m=[38;2;138;144;112m+[38;2;148;154;122m+[38;2;154;164;118m*[38;2;153;163;117m*[38;2;168;161;139m*[38;2;135;128;106m+[38;2;156;102;36m=[38;2;188;134;68m+[38;2;194;184;103m*[38;2;221;211;130m#[38;2;201;206;144m#[38;2;75;80;18m-[0m
[38;2;90;82;37m-[38;2;152;144;99m+[38;2;199;203;113m#[38;2;204;208;118m#[38;2;197;206;103m#[38;2;201;210;107m#[38;2;209;214;160m#[38;2;230;235;181m%[38;2;220;219;175m%[38;2;132;131;87m+[38;2;140;115;63m=[38;2;170;145;93m+[38;2;170;148;79m+[38;2;200;178;109m*[38;2;165;152;122m+[38;2;166;153;123m+[38;2;164;165;159m*[38;2;147;148;142m+[38;2;149;154;128m+[38;2;131;136;110m+[38;2;145;153;118m+[38;2;138;146;111m+[38;2;154;159;130m*[38;2;156;161;132m*[38;2;153;143;64m+[38;2;190;180;101m*[38;2;212;213;139m#[38;2;214;215;141m#[38;2;201;202;146m#[38;2;75;76;20m-[0m
[38;2;63;53;20m:[38;2;109;99;66m-[38;2;172;167;88m*[38;2;191;186;107m*[38;2;204;216;123m#[38;2;199;211;118m#[38;2;197;207;127m#[38;2;218;228;148m%[38;2;202;202;146m#[38;2;155;155;99m+[38;2;160;137;89m+[38;2;174;151;103m+[38;2;207;192;155m#[38;2;167;152;115m+[38;2;151;132;96m+[38;2;158;139;103m+[38;2;162;159;123m*[38;2;152;149;113m+[38;2;158;156;114m+[38;2;147;145;103m+[38;2;158;156;101m+[38;2;186;184;129m*[38;2;174;179;151m*[38;2;178;183;155m*[38;2;122;103;49m=[38;2;163;144;90m+[38;2;212;214;153m#[38;2;221;223;162m%[38;2;206;209;160m#[38;2;75;78;29m-[0m
[38;2;57;49;14m:[38;2;122;114;79m=[38;2;174;174;108m*[38;2;206;206;140m#[38;2;212;220;147m%[38;2;212;220;147m%[38;2;228;234;174m%[38;2;205;211;151m#[38;2;171;169;98m*[38;2;132;130;59m=[38;2;185;163;115m*[38;2;169;147;99m+[38;2;173;143;95m+[38;2;166;136;88m+[38;2;168;126;56m+[38;2;164;122;52m=[38;2;157;144;78m+[38;2;225;212;146m#[38;2;184;183;123m*[38;2;166;165;105m*[38;2;157;156;94m+[38;2;200;199;137m#[38;2;211;214;145m#[38;2;204;207;138m#[38;2;176;163;97m*[38;2;163;150;84m+[38;2;207;210;141m#[38;2;220;223;154m%[38;2;210;212;166m#[38;2;77;79;33m-[0m
[38;2;77;79;44m-[38;2;184;186;151m*[38;2;198;197;135m#[38;2;176;175;113m*[38;2;189;197;124m#[38;2;199;207;134m#[38;2;215;221;161m%[38;2;190;196;136m#[38;2;130;130;74m=[38;2;145;145;89m+[38;2;166;151;101m+[38;2;181;166;116m*[38;2;191;176;137m*[38;2;182;167;128m*[38;2;152;131;106m+[38;2;172;151;126m+[38;2;159;159;137m*[38;2;175;175;153m*[38;2;163;163;143m*[38;2;153;153;133m+[38;2;148;150;139m+[38;2;157;159;148m*[38;2;181;186;158m*[38;2;161;166;138m*[38;2;172;168;139m*[38;2;144;140;111m+[38;2;160;164;143m*[38;2;166;170;149m*[38;2;197;197;141m#[38;2;80;80;24m-[0m
[38;2;73;66;23m:[38;2;146;139;96m+[38;2;191;190;130m#[38;2;198;197;137m#[38;2;200;209;143m#[38;2;189;198;132m#[38;2;173;185;125m*[38;2;145;157;97m+[38;2;119;114;78m=[38;2;116;111;75m=[38;2;128;90;45m-[38;2;140;102;57m=[38;2;157;118;65m=[38;2;143;104;51m=[38;2;131;108;78m=[38;2;162;139;109m+[38;2;160;163;138m*[38;2;208;211;186m#[38;2;150;150;120m+[38;2;147;147;117m+[38;2;157;166;144m*[38;2;168;177;155m*[38;2;172;178;174m*[38;2;159;165;161m*[38;2;170;169;164m*[38;2;152;151;146m+[38;2;154;158;138m+[38;2;188;192;172m#[38;2;207;206;143m#[38;2;81;80;17m-[0m
[38;2;64;53;23m:[38;2;100;89;59m-[38;2;149;132;66m+[38;2;190;173;107m*[38;2;208;216;156m#[38;2;186;194;134m#[38;2;204;212;154m#[38;2;177;185;127m*[38;2;145;144;92m+[38;2;119;118;66m=[38;2;133;110;60m=[38;2;168;145;95m+[38;2;166;148;84m+[38;2;190;172;108m*[38;2;144;128;81m+[38;2;177;161;114m*[38;2;181;187;155m*[38;2;214;220;188m%[38;2;158;149;107m+[38;2;132;123;81m=[38;2;152;157;129m+[38;2;182;187;159m*[38;2;137;137;105m+[38;2;172;172;140m*[38;2;177;176;150m*[38;2;143;142;116m+[38;2;140;142;111m+[38;2;182;184;153m*[38;2;198;193;118m#[38;2;78;73;0m:[0m
[38;2;62;57;32m:[38;2;94;89;64m-[38;2;147;134;72m+[38;2;199;186;124m#[38;2;206;214;157m#[38;2;209;217;160m#[38;2;214;221;167m%[38;2;166;173;119m*[38;2;127;126;82m=[38;2;99;98;54m-[38;2;141;134;56m+[38;2;197;190;112m#[38;2;214;216;145m#[38;2;203;205;134m#[38;2;179;168;91m*[38;2;207;196;119m#[38;2;217;222;172m%[38;2;222;227;177m%[38;2;184;176;116m*[38;2;220;212;152m#[38;2;218;221;170m%[38;2;210;213;162m#[38;2;145;137;88m+[38;2;152;144;95m+[38;2;169;158;106m*[38;2;136;125;73m=[38;2;109;101;32m-[38;2;172;164;95m*[38;2;190;185;121m*[38;2;70;65;1m:[0m
[38;2;38;38;28m.[38;2;48;48;38m:[38;2;57;57;38m:[38;2;78;78;59m-[38;2;83;88;72m-[38;2;87;92;76m-[38;2;83;91;74m-[38;2;71;79;62m-[38;2;63;67;47m:[38;2;56;60;40m:[38;2;61;64;37m:[38;2;79;82;55m-[38;2;85;89;68m-[38;2;83;87;66m-[38;2;67;66;40m:[38;2;84;83;57m-[38;2;87;93;72m-[38;2;83;89;68m-[38;2;78;80;61m-[38;2;73;75;56m-[38;2;75;80;54m-[38;2;82;87;61m-[38;2;67;68;43m:[38;2;63;64;39m:[38;2;63;64;50m:[38;2;50;51;37m:[38;2;52;51;25m:[38;2;73;72;46m:[38;2;83;87;64m-[38;2;43;47;24m:[0m
