[38;2;42;43;12m.[38;2;50;49;7m:[38;2;36;34;14m.[38;2;38;37;7m.[38;2;27;26;9m.[38;2;12;2;10m [38;2;12;1;14m [38;2;14;4;17m [38;2;14;7;16m [38;2;42;39;20m.[38;2;40;46;23m:[38;2;32;45;27m.[38;2;32;45;32m.[38;2;12;16;36m.[38;2;9;13;33m [38;2;8;12;33m [38;2;12;14;35m.[38;2;25;22;42m.[38;2;39;37;38m.[38;2;40;35;38m.[38;2;46;30;30m.[38;2;38;20;16m.[38;2;54;29;34m.[38;2;67;33;44m.[38;2;71;33;40m.[38;2;71;35;8m.[38;2;54;27;2m.[38;2;49;23;2m.[38;2;51;24;2m.[38;2;53;25;1m.[0m
[38;2;24;26;11m.[38;2;30;30;11m.[38;2;60;58;25m:[38;2;56;48;13m:[38;2;53;55;24m:[38;2;54;54;36m:[38;2;35;23;27m.[38;2;41;26;33m.[38;2;42;43;41m:[38;2;76;75;49m-[38;2;92;88;46m-[38;2;65;71;50m:[38;2;61;82;66m-[38;2;33;55;84m:[38;2;39;53;82m:[38;2;58;56;78m:[38;2;44;60;88m:[38;2;44;65;83m:[38;2;62;82;100m-[38;2;67;77;87m-[38;2;68;62;80m:[38;2;49;44;45m:[38;2;99;61;81m:[38;2;129;76;105m-[38;2;123;67;89m-[38;2;113;58;19m:[38;2;74;35;6m.[38;2;59;28;3m.[38;2;41;19;3m.[38;2;46;20;2m.[0m
[38;2;29;27;10m.[38;2;49;45;9m:[38;2;80;71;34m:[38;2;114;108;34m=[38;2;87;70;37m-[38;2;102;72;71m-[38;2;94;61;81m:[38;2;86;67;80m-[38;2;103;95;63m-[38;2;127;118;82m=[38;2;128;125;89m=[38;2;127;127;93m=[38;2;112;111;102m=[38;2;136;128;112m+[38;2;129;118;114m=[38;2;96;90;103m-[38;2;74;73;92m-[38;2;88;87;97m-[38;2;92;116;140m=[38;2;91;126;153m=[38;2;79;111;141m=[38;2;61;80;96m-[38;2;81;73;95m-[38;2;118;81;100m-[38;2;142;109;77m=[38;2;139;73;19m-[38;2;115;52;7m:[38;2;79;40;4m:[38;2;44;20;4m.[38;2;42;18;3m.[0m
[38;2;30;28;6m.[38;2;52;52;16m:[38;2;119;114;41m=[38;2;129;132;45m=[38;2;127;151;39m+[38;2;101;105;75m=[38;2;107;81;105m-[38;2;108;83;74m-[38;2;134;118;88m=[38;2;131;122;120m=[38;2;92;123;143m=[38;2;160;156;135m+[38;2;180;165;135m*[38;2;175;155;135m*[38;2;137;106;97m=[38;2;111;81;81m-[38;2;91;78;82m-[38;2;76;75;97m-[38;2;101;111;140m=[38;2;89;124;171m=[38;2;71;132;184m=[38;2;68;123;161m=[38;2;80;104;145m=[38;2;105;105;121m=[38;2;138;137;81m+[38;2;194;114;20m=[38;2;140;66;8m-[38;2;110;50;6m:[38;2;66;26;5m.[38;2;48;17;2m.[0m
[38;2;37;38;13m.[38;2;73;64;20m:[38;2;119;100;56m=[38;2;155;148;47m+[38;2;156;165;62m+[38;2;145;140;89m+[38;2;193;165;125m*[38;2;206;183;116m*[38;2;124;117;126m=[38;2;187;170;148m*[38;2;135;156;177m+[38;2;209;192;162m#[38;2;154;161;170m*[38;2;182;148;133m+[38;2;169;111;82m=[38;2;146;101;87m=[38;2;117;95;98m=[38;2;86;85;99m-[38;2;83;86;116m-[38;2;118;142;181m+[38;2;98;151;211m+[38;2;76;156;211m+[38;2;72;139;192m+[38;2;93;129;161m=[38;2;127;144;102m+[38;2;199;119;35m+[38;2;191;111;13m=[38;2;149;83;9m-[38;2;109;58;9m:[38;2;62;28;5m.[0m
[38;2;49;51;18m:[38;2;84;73;15m-[38;2;119;112;37m=[38;2;119;118;32m=[38;2;151;145;60m+[38;2;220;219;120m#[38;2;228;226;134m%[38;2;220;213;142m#[38;2;181;175;166m*[38;2;233;220;187m%[38;2;200;203;197m#[38;2;190;196;196m#[38;2;188;188;197m#[38;2;194;132;107m+[38;2;203;122;69m+[38;2;174;114;78m=[38;2;149;109;91m=[38;2;117;100;101m=[38;2;90;91;113m-[38;2;76;123;183m=[38;2;120;176;232m*[38;2;95;166;233m+[38;2;87;172;226m*[38;2;87;151;199m+[38;2;112;153;146m+[38;2;110;117;102m=[38;2;101;98;59m-[38;2;100;94;38m-[38;2;91;83;46m-[38;2;46;32;23m.[0m
[38;2;48;50;15m:[38;2;88;99;25m-[38;2;125;133;38m=[38;2;182;200;81m#[38;2;195;189;113m#[38;2;203;208;131m#[38;2;156;180;141m*[38;2;200;196;166m#[38;2;240;226;195m%[38;2;204;199;191m#[38;2;198;198;205m#[38;2;240;239;228m%[38;2;223;208;194m#[38;2;185;114;71m=[38;2;188;109;52m=[38;2;170;110;66m=[38;2;158;111;84m=[38;2;135;110;93m=[38;2;115;107;105m=[38;2;131;138;159m+[38;2;121;184;240m*[38;2;120;182;239m*[38;2;140;187;226m*[38;2;128;177;215m*[38;2;144;178;184m*[38;2;113;146;119m+[38;2;89;96;67m-[38;2;94;92;36m-[38;2;74;69;18m:[38;2;52;53;19m:[0m
[38;2;57;54;20m:[38;2;95;87;18m-[38;2;148;142;43m+[38;2;155;174;78m*[38;2;151;162;102m+[38;2;153;166;133m*[38;2;106;144;166m+[38;2;202;204;199m#[38;2;223;221;217m%[38;2;188;208;229m#[38;2;165;189;223m#[38;2;194;202;209m#[38;2;212;187;168m#[38;2;174;107;61m=[38;2;155;92;57m=[38;2;142;93;63m=[38;2;131;92;69m-[38;2;125;101;79m=[38;2;118;110;97m=[38;2;153;154;154m+[38;2;191;213;233m#[38;2;131;188;244m*[38;2;118;183;242m*[38;2;114;179;234m*[38;2;132;164;189m*[38;2;131;136;128m+[38;2;112;118;80m=[38;2;96;97;42m-[38;2;64;66;24m:[38;2;51;49;24m:[0m
[38;2;43;53;17m:[38;2;63;73;18m:[38;2;93;100;33m-[38;2;106;134;65m=[38;2;152;158;99m+[38;2;104;138;153m+[38;2;83;145;209m+[38;2;104;163;230m+[38;2;98;163;243m+[38;2;120;173;242m*[38;2;106;167;245m*[38;2;132;179;238m*[38;2;156;152;171m+[38;2;155;105;85m=[38;2;145;99;88m=[38;2;129;102;99m=[38;2;111;94;92m-[38;2;104;88;78m-[38;2;94;91;85m-[38;2;123;135;153m+[38;2;179;195;226m#[38;2;174;189;229m#[38;2;114;175;242m*[38;2;128;182;233m*[38;2;88;169;225m+[38;2;142;173;158m*[38;2;129;154;98m+[38;2;113;132;66m=[38;2;73;79;33m-[38;2;46;44;21m:[0m
[38;2;48;60;25m:[38;2;90;110;39m=[38;2;136;150;55m+[38;2;97;95;55m-[38;2;126;172;138m*[38;2;76;143;165m+[38;2;49;121;203m=[38;2;60;129;218m=[38;2;64;137;229m+[38;2;99;163;240m+[38;2;99;168;246m*[38;2;121;170;234m*[38;2;138;136;160m+[38;2;161;99;89m=[38;2;181;121;130m+[38;2;196;129;144m+[38;2;146;110;125m=[38;2;95;90;108m-[38;2;79;81;98m-[38;2;91;114;151m=[38;2;118;169;231m*[38;2;96;165;244m*[38;2;61;153;250m+[38;2;44;145;250m+[38;2;73;150;224m+[38;2;76;135;166m=[38;2;105;147;103m+[38;2;83;98;50m-[38;2;69;78;24m-[38;2;38;39;14m.[0m
[38;2;36;40;19m.[38;2;76;79;25m-[38;2;116;126;47m=[38;2;104;133;57m=[38;2;112;158;132m+[38;2;52;115;163m=[38;2;108;141;175m+[38;2;135;159;193m*[38;2;59;106;186m=[38;2;78;137;218m+[38;2;52;130;228m=[38;2;65;129;209m=[38;2;144;111;109m=[38;2;202;117;124m+[38;2;245;171;196m#[38;2;252;173;193m#[38;2;207;147;182m*[38;2;136;111;134m=[38;2;68;81;115m-[38;2;53;91;139m-[38;2;103;137;185m+[38;2;86;153;234m+[38;2;36;135;251m=[38;2;40;140;247m=[38;2;87;159;214m+[38;2;69;139;166m=[38;2;82;122;102m=[38;2;70;89;48m-[38;2;63;74;32m:[38;2;43;58;22m:[0m
[38;2;37;43;15m.[38;2;68;84;32m-[38;2;95;115;34m=[38;2;94;138;44m=[38;2;65;135;101m=[38;2;61;111;141m=[38;2;45;92;148m-[38;2;19;76;155m:[38;2;36;85;160m-[38;2;39;92;175m-[38;2;79;115;177m=[38;2;74;91;132m-[38;2;135;82;72m-[38;2;234;146;152m*[38;2;255;210;217m%[38;2;253;183;200m#[38;2;239;167;219m#[38;2;186;138;171m+[38;2;71;76;99m-[38;2;25;70;129m:[38;2;40;77;135m-[38;2;44;83;164m-[38;2;26;79;167m-[38;2;40;70;138m:[38;2;76;103;152m=[38;2;89;153;159m+[38;2;86;146;76m+[38;2;75;103;33m-[38;2;56;77;23m:[38;2;35;47;15m.[0m
[38;2;20;30;5m.[38;2;43;61;15m:[38;2;112;151;63m+[38;2;118;178;77m*[38;2;91;159;107m+[38;2;41;112;142m-[38;2;26;82;130m-[38;2;12;69;142m:[38;2;8;61;134m:[38;2;8;64;144m:[38;2;21;70;142m:[38;2;57;74;112m-[38;2;121;73;69m-[38;2;244;155;149m*[38;2;255;187;188m#[38;2;250;162;183m*[38;2;250;160;207m*[38;2;188;135;163m+[38;2;89;94;113m-[38;2;81;103;148m=[38;2;75;83;132m-[38;2;154;133;171m+[38;2;117;122;165m=[38;2;56;82;133m-[38;2;38;73;132m:[38;2;60;88;91m-[38;2;57;93;43m-[38;2;63;74;15m:[38;2;49;69;11m:[38;2;33;49;10m:[0m
[38;2;30;45;13m.[38;2;63;83;30m-[38;2;115;124;38m=[38;2;101;133;69m=[38;2;99;140;96m+[38;2;47;107;87m-[38;2;66;119;122m=[38;2;29;75;120m:[38;2;53;86;124m-[38;2;27;63;107m:[38;2;33;58;95m:[38;2;66;70;93m:[38;2;146;88;77m=[38;2;252;143;121m*[38;2;254;131;137m*[38;2;233;120;150m+[38;2;213;141;170m*[38;2;138;114;133m=[38;2;79;89;115m-[38;2;61;86;133m-[38;2;68;85;127m-[38;2;111;100;129m=[38;2;171;163;182m*[38;2;122;126;154m=[38;2;59;82;119m-[38;2;78;92;80m-[38;2;68;111;34m-[38;2;84;110;20m-[38;2;48;71;3m:[38;2;32;47;7m.[0m
[38;2;40;65;15m:[38;2;67;96;15m-[38;2;101;118;19m=[38;2;103;128;34m=[38;2;61;98;45m-[38;2;41;64;45m:[38;2;74;115;94m=[38;2;42;83;99m-[38;2;61;89;102m-[38;2;57;71;89m:[38;2;74;80;93m-[38;2;154;132;130m+[38;2;166;100;85m=[38;2;254;143;117m*[38;2;255;140;160m*[38;2;227;121;155m+[38;2;155;119;132m+[38;2;63;64;94m:[38;2;62;71;96m-[38;2;66;92;127m-[38;2;69;99;144m-[38;2;82;92;130m-[38;2;146;129;152m+[38;2;217;191;204m#[38;2;116;117;142m=[38;2;60;107;53m-[38;2;55;82;11m-[38;2;66;102;5m-[38;2;43;65;5m:[38;2;37;63;6m:[0m
[38;2;46;73;19m:[38;2;75;123;26m=[38;2;101;147;31m+[38;2;114;136;34m=[38;2;76;105;25m-[38;2;84;102;19m-[38;2;153;108;76m=[38;2;108;105;89m=[38;2;89;90;83m-[38;2;126;106;119m=[38;2;181;177;166m*[38;2;181;146;156m+[38;2;118;86;89m-[38;2;235;124;106m+[38;2;229;132;150m+[38;2;194;131;154m+[38;2;128;117;136m=[38;2;28;58;100m:[38;2;47;65;96m:[38;2;47;68;101m:[38;2;69;89;116m-[38;2;162;140;161m+[38;2;222;180;193m#[38;2;243;202;214m#[38;2;167;148;173m+[38;2;148;128;103m+[38;2;105;107;36m=[38;2;76;97;8m-[38;2;45;66;4m:[38;2;36;52;4m:[0m
[38;2;43;67;12m:[38;2;80;101;23m-[38;2;90;116;33m=[38;2;108;123;9m=[38;2;81;123;6m=[38;2;119;137;8m=[38;2;190;140;80m+[38;2;140;103;92m=[38;2;196;163;148m*[38;2;249;197;195m#[38;2;211;205;206m#[38;2;99;81;86m-[38;2;81;78;89m-[38;2;140;95;104m=[38;2;165;126;145m+[38;2;127;117;147m=[38;2;55;75;117m-[38;2;14;63;120m:[38;2;46;69;100m:[38;2;29;56;86m:[38;2;41;54;82m:[38;2;196;134;150m+[38;2;253;188;202m#[38;2;238;205;223m%[38;2;167;149;172m+[38;2;144;101;107m=[38;2;139;104;53m=[38;2;90;108;8m-[38;2;63;90;5m-[38;2;35;49;4m:[0m
[38;2;29;42;9m.[38;2;79;86;10m-[38;2;78;101;14m-[38;2;85;135;9m=[38;2;110;150;15m+[38;2;152;204;22m*[38;2;217;215;94m#[38;2;225;169;153m*[38;2;251;185;187m#[38;2;240;190;199m#[38;2;112;97;112m=[38;2;89;71;78m-[38;2;59;74;94m-[38;2;59;76;108m-[38;2;47;78;119m-[38;2;33;73;128m:[38;2;18;74;136m:[38;2;11;65;126m:[38;2;41;63;98m:[38;2;20;62;100m:[38;2;34;55;85m:[38;2;182;116;120m+[38;2;246;161;173m*[38;2;223;188;216m#[38;2;165;154;180m*[38;2;101;75;73m-[38;2;124;142;24m+[38;2;115;179;3m+[38;2;99;144;3m=[38;2;28;42;3m.[0m
[38;2;16;23;7m.[38;2;56;79;5m:[38;2;80;120;8m=[38;2;58;99;9m-[38;2;157;220;50m#[38;2;159;239;67m#[38;2;220;221;108m%[38;2;254;207;185m%[38;2;253;209;210m%[38;2;211;163;182m*[38;2;145;125;141m+[38;2;82;68;73m-[38;2;46;64;93m:[38;2;41;76;119m-[38;2;31;79;134m-[38;2;21;78;139m:[38;2;13;78;138m:[38;2;9;67;128m:[38;2;43;67;95m:[38;2;16;59;102m:[38;2;25;49;92m:[38;2;116;75;83m-[38;2;172;112;127m=[38;2;195;165;191m*[38;2;165;157;188m*[38;2;128;109;119m=[38;2;114;95;51m-[38;2;79;101;7m-[38;2;59;74;3m:[38;2;37;43;4m.[0m
[38;2;11;13;6m [38;2;36;46;7m.[38;2;68;100;5m-[38;2;77;121;9m=[38;2;122;193;39m*[38;2;179;234;97m#[38;2;240;190;115m#[38;2;254;197;177m#[38;2;254;203;210m%[38;2;225;183;208m#[38;2;145;120;139m=[38;2;76;68;67m:[38;2;45;66;89m:[38;2;33;73;119m:[38;2;25;74;134m:[38;2;17;76;140m:[38;2;11;72;133m:[38;2;13;67;125m:[38;2;38;62;97m:[38;2;15;59;106m:[38;2;11;55;105m:[38;2;24;38;70m.[38;2;38;40;82m:[38;2;116;101;123m=[38;2;141;136;176m+[38;2;88;74;179m-[38;2;94;71;103m-[38;2;119;86;58m-[38;2;76;61;28m:[38;2;44;41;6m.[0m
[38;2;11;15;4m [38;2;55;77;4m:[38;2;90;112;5m=[38;2;55;76;6m:[38;2;120;162;21m+[38;2;218;177;117m*[38;2;239;148;119m*[38;2;254;179;167m#[38;2;254;174;183m#[38;2;216;157;185m*[38;2;152;129;153m+[38;2;65;68;70m:[38;2;41;75;108m:[38;2;27;84;139m-[38;2;21;72;134m:[38;2;33;120;169m=[38;2;39;131;180m=[38;2;9;63;126m:[38;2;36;59;96m:[38;2;13;51;104m:[38;2;7;53;109m:[38;2;11;41;90m.[38;2;10;33;74m.[38;2;31;31;50m.[38;2;52;42;114m:[38;2;43;33;182m:[38;2;48;54;100m:[38;2;83;54;65m:[38;2;67;33;28m.[38;2;35;23;9m.[0m
[38;2;31;37;4m.[38;2;81;104;3m-[38;2;114;139;5m=[38;2;148;162;10m+[38;2;169;183;65m*[38;2;182;152;112m+[38;2;235;137;115m*[38;2;249;153;149m*[38;2;246;153;165m*[38;2;182;142;167m+[38;2;74;113;124m=[38;2;57;85;98m-[38;2;57;171;183m+[38;2;48;178;206m+[38;2;30;116;160m=[38;2;56;185;215m*[38;2;34;185;210m+[38;2;36;139;181m=[38;2;34;53;90m:[38;2;13;53;98m:[38;2;9;47;100m:[38;2;8;39;87m.[38;2;9;34;78m.[38;2;22;35;56m.[38;2;43;36;64m.[38;2;119;98;142m=[38;2;29;38;90m.[38;2;37;39;70m.[38;2;60;39;31m:[38;2;68;52;12m:[0m
[38;2;24;31;3m.[38;2;87;89;4m-[38;2;180;165;17m*[38;2;205;199;63m#[38;2;199;189;91m*[38;2;150;136;119m+[38;2;173;118;133m+[38;2;210;132;141m+[38;2;163;109;127m=[38;2;67;105;107m-[38;2;46;166;166m+[38;2;72;130;126m=[38;2;48;188;180m*[38;2;42;197;215m*[38;2;49;197;219m*[38;2;50;202;223m*[38;2;40;188;217m*[38;2;28;155;189m+[38;2;34;61;92m:[38;2;12;43;94m.[38;2;2;39;96m.[38;2;6;36;73m.[38;2;12;37;68m.[38;2;18;30;55m.[38;2;23;25;44m.[38;2;76;62;93m:[38;2;23;32;81m.[38;2;15;24;58m.[38;2;58;34;24m.[38;2;50;31;6m.[0m
[38;2;14;18;3m.[38;2;39;41;6m.[38;2;163;118;66m=[38;2;163;101;65m=[38;2;170;149;58m+[38;2;116;98;84m=[38;2;98;130;186m=[38;2;85;83;136m-[38;2;39;31;55m.[38;2;31;61;73m:[38;2;23;107;131m-[38;2;90;88;77m-[38;2;17;106;126m-[38;2;16;112;150m-[38;2;32;159;187m+[38;2;47;209;227m*[38;2;27;163;194m+[38;2;17;134;169m=[38;2;38;88;121m-[38;2;8;39;84m.[38;2;7;34;80m.[38;2;29;43;71m.[38;2;29;41;70m.[38;2;18;32;55m.[38;2;21;23;40m.[38;2;27;32;62m.[38;2;8;25;73m.[38;2;8;20;51m.[38;2;44;29;24m.[38;2;22;20;16m.[0m
[38;2;17;22;6m.[38;2;42;46;25m:[38;2;130;90;69m-[38;2;146;90;73m=[38;2;139;102;75m=[38;2;114;88;79m-[38;2;63;57;91m:[38;2;54;62;109m:[38;2;25;26;52m.[38;2;30;43;66m.[38;2;21;58;86m:[38;2;53;51;61m:[38;2;29;99;130m-[38;2;26;117;153m=[38;2;25;129;154m=[38;2;10;79;121m:[38;2;3;58;112m:[38;2;20;144;171m=[38;2;66;66;66m:[38;2;6;30;73m.[38;2;32;42;65m.[38;2;126;107;88m=[38;2;81;62;54m:[38;2;62;54;65m:[38;2;32;39;69m.[38;2;26;29;51m.[38;2;10;21;52m.[38;2;6;16;41m.[38;2;28;19;23m.[38;2;37;32;23m.[0m
[38;2;20;28;3m.[38;2;60;59;33m:[38;2;111;94;60m-[38;2;109;77;50m-[38;2;119;99;60m=[38;2;92;78;73m-[38;2;47;44;72m:[38;2;23;28;61m.[38;2;20;28;50m.[38;2;17;29;50m.[38;2;15;39;68m.[38;2;41;38;48m.[38;2;18;45;75m.[38;2;12;54;91m:[38;2;11;56;90m:[38;2;20;65;110m:[38;2;9;51;91m:[38;2;9;30;73m.[38;2;53;40;42m:[38;2;15;25;54m.[38;2;63;59;66m:[38;2;81;62;49m:[38;2;80;55;41m:[38;2;129;109;87m=[38;2;57;63;81m:[38;2;25;27;50m.[38;2;14;16;38m.[38;2;7;11;29m [38;2;30;28;26m.[38;2;32;31;21m.[0m
[38;2;45;41;17m.[38;2;75;71;38m:[38;2;71;67;29m:[38;2;106;92;51m-[38;2;96;81;43m-[38;2;58;49;50m:[38;2;20;21;51m.[38;2;11;20;54m.[38;2;14;17;44m.[38;2;12;19;37m.[38;2;10;20;49m.[38;2;14;24;45m.[38;2;7;24;60m.[38;2;5;27;61m.[38;2;8;29;67m.[38;2;6;31;71m.[38;2;3;28;70m.[38;2;11;22;53m.[38;2;33;28;38m.[38;2;33;31;40m.[38;2;119;118;81m=[38;2;117;108;70m=[38;2;117;113;73m=[38;2;162;149;92m+[38;2;80;76;59m-[38;2;46;53;52m:[38;2;42;43;37m.[38;2;23;21;24m.[38;2;28;26;19m.[38;2;31;28;21m.[0m
[38;2;13;16;3m.[38;2;19;23;9m.[38;2;32;30;15m.[38;2;49;41;13m.[38;2;64;53;31m:[38;2;37;34;34m.[38;2;13;17;34m.[38;2;14;11;36m [38;2;12;10;32m [38;2;13;11;27m [38;2;8;12;34m [38;2;8;17;41m.[38;2;4;18;47m.[38;2;6;20;47m.[38;2;9;22;48m.[38;2;8;21;48m.[38;2;6;19;49m.[38;2;6;17;43m.[38;2;15;14;36m.[38;2;39;28;36m.[38;2;76;63;46m:[38;2;79;84;53m-[38;2;117;110;79m=[38;2;150;136;96m+[38;2;128;132;90m+[38;2;74;75;46m-[38;2;91;91;65m-[38;2;59;58;36m:[38;2;40;31;18m.[38;2;34;35;20m.[0m
[38;2;30;36;5m.[38;2;26;32;10m.[38;2;20;24;8m.[38;2;49;47;13m:[38;2;66;60;32m:[38;2;24;23;21m.[38;2;11;7;18m [38;2;10;7;20m [38;2;9;6;19m [38;2;10;7;18m [38;2;10;6;21m [38;2;8;6;27m [38;2;6;8;30m [38;2;5;9;32m [38;2;6;11;31m [38;2;4;12;32m [38;2;2;11;33m [38;2;5;9;30m [38;2;11;7;26m [38;2;31;19;24m.[38;2;64;52;38m:[38;2;46;49;33m:[38;2;78;75;52m-[38;2;90;75;56m-[38;2;99;90;63m-[38;2;85;78;58m-[38;2;73;72;52m:[38;2;46;50;34m:[38;2;38;40;19m.[38;2;38;33;11m.[0m
[38;2;26;32;5m.[38;2;32;36;12m.[38;2;28;27;14m.[38;2;37;36;13m.[38;2;28;28;14m.[38;2;12;11;10m [38;2;6;5;10m [38;2;6;4;9m [38;2;5;4;8m [38;2;5;3;11m [38;2;7;5;12m [38;2;6;3;14m [38;2;5;3;16m [38;2;6;4;16m [38;2;7;4;16m [38;2;6;4;17m [38;2;6;4;17m [38;2;6;3;14m [38;2;6;4;12m [38;2;27;21;20m.[38;2;40;39;25m.[38;2;37;36;23m.[38;2;20;19;15m.[38;2;39;38;27m.[38;2;56;52;37m:[38;2;51;38;23m.[38;2;39;25;11m.[38;2;35;30;16m.[38;2;36;37;23m.[38;2;29;34;18m.[0m
