[38;2;255;228;136m%[38;2;254;227;133m%[38;2;253;238;179m%[38;2;253;238;183m%[38;2;254;227;132m%[38;2;254;227;131m%[38;2;254;239;184m%[38;2;255;232;152m%[38;2;255;232;152m%[38;2;255;232;152m%[38;2;254;236;170m%[38;2;254;238;180m%[38;2;255;232;152m%[38;2;255;232;152m%[38;2;255;228;134m%[38;2;254;253;247m@[38;2;255;255;255m@[38;2;255;255;255m@[38;2;255;255;255m@[38;2;255;255;255m@[38;2;255;255;255m@[38;2;255;255;255m@[38;2;255;255;255m@[38;2;255;255;255m@[38;2;255;255;255m@[38;2;255;255;255m@[38;2;255;255;255m@[38;2;255;255;255m@[38;2;255;255;255m@[38;2;255;255;255m@[0m
[38;2;253;244;205m@[38;2;253;240;188m%[38;2;253;241;193m%[38;2;253;240;188m%[38;2;253;241;193m%[38;2;253;241;191m%[38;2;253;240;188m%[38;2;254;255;254m@[38;2;255;255;254m@[38;2;254;255;254m@[38;2;253;241;192m%[38;2;254;240;189m%[38;2;255;255;254m@[38;2;255;255;254m@[38;2;254;242;199m@[38;2;254;253;247m@[38;2;255;255;255m@[38;2;255;255;255m@[38;2;255;255;255m@[38;2;255;255;255m@[38;2;255;255;255m@[38;2;255;255;255m@[38;2;255;255;255m@[38;2;255;255;255m@[38;2;255;255;255m@[38;2;255;255;255m@[38;2;255;255;255m@[38;2;255;255;255m@[38;2;255;255;255m@[38;2;255;255;255m@[0m
[38;2;254;231;148m%[38;2;251;228;140m%[38;2;124;109;66m=[38;2;128;112;65m=[38;2;202;175;95m*[38;2;222;193;100m#[38;2;236;206;134m#[38;2;244;214;126m%[38;2;231;201;132m#[38;2;223;198;114m#[38;2;134;125;123m=[38;2;153;138;106m+[38;2;127;112;66m=[38;2;254;222;109m%[38;2;154;136;78m+[38;2;41;38;47m.[38;2;33;30;45m.[38;2;33;30;46m.[38;2;32;30;45m.[38;2;31;29;44m.[38;2;32;30;45m.[38;2;35;33;48m.[38;2;22;20;34m.[38;2;35;34;46m.[38;2;96;92;101m-[38;2;167;163;167m*[38;2;186;183;186m*[38;2;208;209;212m#[38;2;255;255;255m@[38;2;255;255;255m@[0m
[38;2;253;236;170m%[38;2;249;234;176m%[38;2;139;119;76m=[38;2;153;130;82m+[38;2;168;143;88m+[38;2;215;185;109m#[38;2;238;206;132m#[38;2;243;210;120m#[38;2;231;199;127m#[38;2;198;175;103m*[38;2;139;126;95m=[38;2;88;77;51m-[38;2;121;104;58m=[38;2;168;147;78m+[38;2;247;214;101m%[38;2;34;30;40m.[38;2;23;20;37m.[38;2;22;19;36m.[38;2;20;17;35m.[38;2;23;19;35m.[38;2;30;26;44m.[38;2;21;18;34m.[38;2;20;17;28m.[38;2;18;14;29m.[38;2;10;8;23m [38;2;31;29;41m.[38;2;97;91;101m-[38;2;200;195;199m#[38;2;255;255;255m@[38;2;255;255;255m@[0m
[38;2;253;240;190m%[38;2;247;235;189m%[38;2;154;131;82m+[38;2;188;157;100m*[38;2;175;146;95m+[38;2;207;177;112m*[38;2;231;198;128m#[38;2;243;210;115m#[38;2;229;198;126m#[38;2;216;172;82m*[38;2;162;138;75m+[38;2;74;64;46m:[38;2;129;117;63m=[38;2;94;84;56m-[38;2;109;95;62m-[38;2;27;23;38m.[38;2;21;18;36m.[38;2;19;17;33m.[38;2;33;28;39m.[38;2;89;73;72m-[38;2;101;84;82m-[38;2;53;43;52m:[38;2;15;13;23m [38;2;20;17;26m.[38;2;26;22;31m.[38;2;20;16;29m.[38;2;12;10;25m [38;2;132;131;138m+[38;2;255;255;255m@[38;2;255;255;255m@[0m
[38;2;253;240;189m%[38;2;246;235;190m%[38;2;194;164;99m*[38;2;172;145;91m+[38;2;178;148;95m+[38;2;193;162;106m*[38;2;179;147;121m+[38;2;203;172;129m*[38;2;205;170;105m*[38;2;174;104;51m=[38;2;112;67;54m-[38;2;125;131;78m=[38;2;165;166;89m*[38;2;224;197;95m#[38;2;77;67;50m:[38;2;37;27;44m.[38;2;30;20;38m.[38;2;23;20;34m.[38;2;18;16;30m.[38;2;43;37;49m.[38;2;29;24;37m.[38;2;71;58;61m:[38;2;100;82;79m-[38;2;33;25;37m.[38;2;36;22;53m.[38;2;36;23;51m.[38;2;24;19;29m.[38;2;133;131;136m+[38;2;255;255;255m@[38;2;255;255;255m@[0m
[38;2;254;241;195m%[38;2;251;238;187m%[38;2;185;158;91m*[38;2;178;150;88m+[38;2;189;159;100m*[38;2;199;165;113m*[38;2;180;148;124m+[38;2;180;148;115m+[38;2;189;153;93m*[38;2;161;122;80m=[38;2;95;100;101m-[38;2;123;141;103m+[38;2;180;179;108m*[38;2;193;183;98m*[38;2;144;124;82m=[38;2;127;72;97m-[38;2;21;17;31m.[38;2;28;23;37m.[38;2;48;34;45m.[38;2;136;92;86m=[38;2;55;39;46m:[38;2;19;15;30m.[38;2;118;90;101m-[38;2;113;69;144m-[38;2;131;78;168m-[38;2;124;73;163m-[38;2;77;42;109m:[38;2;131;128;135m+[38;2;255;255;255m@[38;2;255;255;255m@[0m
[38;2;254;244;207m@[38;2;253;239;183m%[38;2;178;152;86m+[38;2;186;158;91m*[38;2;199;167;103m*[38;2;234;204;149m#[38;2;226;194;156m#[38;2;219;187;140m#[38;2;218;186;119m#[38;2;142;174;156m*[38;2;111;174;192m*[38;2;134;176;168m*[38;2;167;176;134m*[38;2;171;172;98m*[38;2;178;136;104m+[38;2;123;73;97m-[38;2;27;20;33m.[38;2;104;67;71m-[38;2;208;141;127m+[38;2;234;170;136m*[38;2;136;87;78m-[38;2;24;18;34m.[38;2;106;63;136m-[38;2;149;96;182m=[38;2;159;106;190m=[38;2;151;97;186m=[38;2;127;75;165m-[38;2;152;137;167m+[38;2;255;255;255m@[38;2;255;255;255m@[0m
[38;2;254;247;219m@[38;2;253;239;183m%[38;2;177;152;86m+[38;2;197;166;95m*[38;2;232;200;126m#[38;2;234;204;153m#[38;2;223;194;154m#[38;2;220;189;141m#[38;2;222;190;122m#[38;2;159;194;172m#[38;2;133;192;205m*[38;2;151;193;180m*[38;2;168;185;146m*[38;2;255;221;103m%[38;2;174;125;104m+[38;2;150;89;115m=[38;2;112;72;72m-[38;2;227;153;134m*[38;2;221;161;136m*[38;2;179;122;107m+[38;2;61;41;49m:[38;2;32;22;43m.[38;2;135;84;162m=[38;2;172;118;194m+[38;2;204;162;208m*[38;2;161;107;189m=[38;2;137;82;170m=[38;2;160;142;176m+[38;2;255;255;255m@[38;2;255;255;255m@[0m
[38;2;254;249;230m@[38;2;253;239;184m%[38;2;181;154;91m+[38;2;234;200;117m#[38;2;243;212;133m%[38;2;225;195;150m#[38;2;212;182;145m#[38;2;201;171;131m*[38;2;189;178;125m*[38;2;164;198;174m#[38;2;169;208;212m#[38;2;162;199;185m#[38;2;175;192;151m#[38;2;109;97;77m-[38;2;58;44;55m:[38;2;66;48;67m:[38;2;164;110;96m=[38;2;217;137;126m+[38;2;236;166;143m*[38;2;151;104;96m=[38;2;30;23;38m.[38;2;44;27;60m.[38;2;146;91;173m=[38;2;170;115;191m+[38;2;176;118;193m+[38;2;159;99;182m=[38;2;153;102;155m=[38;2;219;202;190m#[38;2;255;255;255m@[38;2;255;255;255m@[0m
[38;2;254;252;242m@[38;2;253;239;184m%[38;2;205;173;109m*[38;2;241;210;130m#[38;2;240;208;132m#[38;2;217;186;146m#[38;2;195;165;134m*[38;2;204;173;120m*[38;2;160;165;128m*[38;2;181;200;153m#[38;2;126;187;199m*[38;2;171;198;163m#[38;2;168;186;146m*[38;2;118;106;71m=[38;2;50;62;87m:[38;2;102;106;120m=[38;2;197;137;113m+[38;2;223;154;131m*[38;2;238;167;138m*[38;2;201;150;132m*[38;2;17;12;27m [38;2;45;28;59m.[38;2;131;78;159m-[38;2;152;93;176m=[38;2;155;92;173m=[38;2;145;91;155m=[38;2;201;163;138m*[38;2;229;213;193m%[38;2;255;255;255m@[38;2;255;255;255m@[0m
[38;2;254;254;252m@[38;2;252;239;185m%[38;2;228;195;130m#[38;2;235;203;134m#[38;2;233;201;128m#[38;2;197;167;133m*[38;2;161;120;106m+[38;2;176;119;73m+[38;2;144;113;83m=[38;2;187;184;123m*[38;2;95;154;174m+[38;2;174;186;137m*[38;2;126;130;105m=[38;2;174;166;113m*[38;2;89;117;141m=[38;2;84;114;142m=[38;2;101;121;140m=[38;2;165;140;135m+[38;2;207;158;136m*[38;2;141;114;109m=[38;2;25;21;44m.[38;2;77;63;66m:[38;2;72;47;85m:[38;2;88;54;99m:[38;2;107;71;104m-[38;2;153;118;112m=[38;2;207;168;136m*[38;2;231;211;193m%[38;2;255;255;255m@[38;2;255;255;255m@[0m
[38;2;254;255;254m@[38;2;251;237;184m%[38;2;199;187;137m#[38;2;188;186;140m*[38;2;199;188;131m#[38;2;158;136;127m+[38;2;156;38;68m:[38;2;181;102;66m=[38;2;88;89;66m-[38;2;160;155;86m+[38;2;66;73;77m-[38;2;132;120;92m=[38;2;38;48;74m:[38;2;154;169;141m*[38;2;136;168;177m*[38;2;78;117;152m=[38;2;62;68;93m:[38;2;48;44;83m:[38;2;45;41;56m:[38;2;44;40;56m.[38;2;36;32;57m.[38;2;56;47;88m:[38;2;181;153;124m*[38;2;192;155;128m*[38;2;166;130;114m+[38;2;151;109;97m=[38;2;194;145;118m+[38;2;229;206;189m#[38;2;255;255;255m@[38;2;255;255;255m@[0m
[38;2;255;255;254m@[38;2;253;227;133m%[38;2;198;203;140m#[38;2;207;206;135m#[38;2;215;208;127m#[38;2;111;163;177m+[38;2;123;79;105m-[38;2;184;109;66m=[38;2;237;207;99m#[38;2;197;186;97m*[38;2;65;75;85m-[38;2;150;132;95m+[38;2;231;203;103m#[38;2;165;167;122m*[38;2;71;116;150m=[38;2;75;99;133m-[38;2;48;45;88m:[38;2;26;23;44m.[38;2;49;47;69m:[38;2;55;53;84m:[38;2;57;53;103m:[38;2;57;49;100m:[38;2;205;170;136m*[38;2;204;138;103m+[38;2;208;94;54m=[38;2;218;90;39m=[38;2;217;85;38m=[38;2;230;166;146m*[38;2;255;255;255m@[38;2;255;255;255m@[0m
[38;2;255;255;255m@[38;2;251;242;200m@[38;2;162;197;178m#[38;2;176;203;177m#[38;2;177;203;173m#[38;2;125;185;196m*[38;2;104;160;177m+[38;2;125;109;84m=[38;2;178;174;100m*[38;2;159;164;100m*[38;2;46;47;77m:[38;2;89;93;90m-[38;2;149;170;137m*[38;2;128;167;158m*[38;2;85;120;154m=[38;2;67;82;107m-[38;2;47;44;96m:[38;2;45;41;83m:[38;2;67;65;118m:[38;2;79;77;145m-[38;2;73;66;129m-[38;2;58;50;108m:[38;2;188;128;103m+[38;2;217;95;38m=[38;2;228;109;37m+[38;2;230;114;35m+[38;2;229;108;36m+[38;2;238;171;138m*[38;2;255;255;255m@[38;2;255;255;255m@[0m
[38;2;255;255;255m@[38;2;251;253;253m@[38;2;141;194;204m*[38;2;187;217;215m#[38;2;180;216;214m#[38;2;134;193;202m*[38;2;113;175;189m*[38;2;80;114;115m=[38;2;103;124;82m=[38;2;87;105;75m-[38;2;30;34;62m.[38;2;61;116;154m=[38;2;68;110;148m=[38;2;62;119;160m=[38;2;70;123;159m=[38;2;48;52;72m:[38;2;61;58;117m:[38;2;66;62;121m:[38;2;76;72;134m-[38;2;79;75;141m-[38;2;76;69;134m-[38;2;58;49;100m:[38;2;180;80;51m-[38;2;226;110;36m+[38;2;233;125;36m+[38;2;240;152;65m*[38;2;234;125;36m+[38;2;240;177;138m#[38;2;255;255;255m@[38;2;255;255;255m@[0m
[38;2;255;255;255m@[38;2;251;253;253m@[38;2;133;191;195m*[38;2;164;202;167m#[38;2;163;199;145m#[38;2;147;190;140m*[38;2;124;177;153m*[38;2;84;111;118m=[38;2;70;64;65m:[38;2;28;27;50m.[38;2;53;70;98m:[38;2;54;97;140m-[38;2;62;130;173m=[38;2;75;159;185m+[38;2;88;170;187m+[38;2;65;86;105m-[38;2;67;63;116m:[38;2;63;59;119m:[38;2;65;63;122m:[38;2;81;76;138m-[38;2;53;49;80m:[38;2;40;33;60m.[38;2;189;77;39m-[38;2;227;112;36m+[38;2;234;131;36m+[38;2;242;170;90m*[38;2;235;129;36m+[38;2;240;176;138m#[38;2;255;255;255m@[38;2;255;255;255m@[0m
[38;2;255;255;255m@[38;2;251;252;251m@[38;2;152;190;116m*[38;2;168;207;118m#[38;2;164;208;123m#[38;2;163;205;123m#[38;2;161;201;119m#[38;2;141;170;104m*[38;2;112;87;78m-[38;2;102;75;74m-[38;2;57;71;94m:[38;2;84;115;140m=[38;2;89;124;151m=[38;2;83;120;145m=[38;2;89;121;144m=[38;2;65;85;105m-[38;2;64;62;105m:[38;2;64;61;119m:[38;2;57;54;112m:[38;2;78;74;135m-[38;2;44;41;60m:[38;2;31;27;42m.[38;2;160;62;36m-[38;2;222;101;37m=[38;2;230;117;36m+[38;2;232;123;35m+[38;2;229;113;36m+[38;2;236;172;138m*[38;2;255;255;255m@[38;2;255;255;255m@[0m
[38;2;255;255;255m@[38;2;252;253;250m@[38;2;166;214;110m#[38;2;180;222;126m#[38;2;181;217;139m#[38;2;179;214;140m#[38;2;171;209;132m#[38;2;166;203;121m#[38;2;162;163;110m*[38;2;190;130;115m+[38;2;85;115;138m=[38;2;89;127;153m=[38;2;108;151;172m+[38;2;112;156;176m+[38;2;111;150;169m+[38;2;105;138;156m+[38;2;67;75;98m-[38;2;66;63;119m:[38;2;62;59;115m:[38;2;73;70;129m-[38;2;49;45;73m:[38;2;31;26;42m.[38;2;142;84;70m-[38;2;206;83;36m=[38;2;222;99;37m=[38;2;222;100;36m=[38;2;216;88;36m=[38;2;227;160;139m*[38;2;255;255;255m@[38;2;255;255;255m@[0m
[38;2;255;255;255m@[38;2;252;253;250m@[38;2;173;214;123m#[38;2;183;219;138m#[38;2;210;227;165m%[38;2;216;229;175m%[38;2;181;214;141m#[38;2;172;208;126m#[38;2;152;182;105m*[38;2;123;85;84m-[38;2;72;74;89m-[38;2;71;68;81m:[38;2;75;70;81m-[38;2;72;71;82m-[38;2;79;84;97m-[38;2;85;100;114m-[38;2;90;111;126m=[38;2;84;95;133m-[38;2;58;55;105m:[38;2;65;62;120m:[38;2;53;49;86m:[38;2;69;59;36m:[38;2;184;157;42m+[38;2;199;167;28m*[38;2;205;158;29m*[38;2;196;111;34m=[38;2;177;100;74m=[38;2;216;186;174m#[38;2;255;255;255m@[38;2;255;255;255m@[0m
[38;2;255;255;255m@[38;2;252;253;250m@[38;2;167;207;123m#[38;2;187;216;143m#[38;2;221;231;174m%[38;2;223;230;171m%[38;2;185;215;141m#[38;2;170;209;126m#[38;2;145;181;98m*[38;2;79;65;72m:[38;2;88;81;87m-[38;2;93;86;91m-[38;2;91;83;89m-[38;2;80;73;81m-[38;2;67;59;71m:[38;2;59;54;65m:[38;2;63;56;66m:[38;2;68;68;80m:[38;2;67;66;108m:[38;2;57;52;104m:[38;2;126;103;83m=[38;2;186;171;26m*[38;2;199;188;27m*[38;2;203;190;27m*[38;2;201;187;27m*[38;2;197;177;27m*[38;2;185;145;66m+[38;2;232;210;192m%[38;2;255;255;255m@[38;2;255;255;255m@[0m
[38;2;255;255;255m@[38;2;252;253;250m@[38;2;164;203;118m#[38;2;179;210;133m#[38;2;191;216;140m#[38;2;191;216;139m#[38;2;180;214;130m#[38;2;165;207;117m#[38;2;113;141;84m+[38;2;97;91;94m-[38;2;122;113;112m=[38;2;122;112;110m=[38;2;116;107;105m=[38;2;97;89;93m-[38;2;70;63;73m:[38;2;60;55;66m:[38;2;67;60;70m:[38;2;65;58;70m:[38;2;83;76;85m-[38;2;81;73;95m-[38;2;140;120;58m=[38;2;197;185;26m*[38;2;207;196;29m#[38;2;226;212;50m#[38;2;214;201;30m#[38;2;205;190;28m*[38;2;198;168;29m*[38;2;199;179;164m*[38;2;255;255;255m@[38;2;255;255;255m@[0m
[38;2;255;255;255m@[38;2;251;252;250m@[38;2;153;192;104m*[38;2;168;203;118m#[38;2;176;207;120m#[38;2;177;208;121m#[38;2;167;206;114m#[38;2;142;179;98m*[38;2;100;100;93m=[38;2;137;129;123m+[38;2;141;131;125m+[38;2;147;137;129m+[38;2;134;125;121m=[38;2;117;109;108m=[38;2;77;70;79m-[38;2;60;55;66m:[38;2;74;68;77m:[38;2;87;80;87m-[38;2;109;101;104m=[38;2;119;110;111m=[38;2;134;124;117m=[38;2;153;143;81m+[38;2;199;188;37m*[38;2;230;216;65m#[38;2;218;205;32m#[38;2;205;191;28m*[38;2;194;171;27m*[38;2;193;173;150m*[38;2;255;255;255m@[38;2;255;255;255m@[0m
[38;2;255;255;255m@[38;2;252;252;250m@[38;2;167;170;115m*[38;2;152;180;103m*[38;2;153;186;100m*[38;2;151;185;101m*[38;2;161;185;121m*[38;2;141;142;124m+[38;2;128;121;116m=[38;2;146;137;129m+[38;2;156;145;135m+[38;2;160;149;139m+[38;2;151;140;132m+[38;2;123;114;112m=[38;2;79;73;81m-[38;2;57;53;65m:[38;2;65;59;72m:[38;2;80;73;82m-[38;2;73;66;77m:[38;2;94;86;93m-[38;2;115;106;109m=[38;2;131;121;120m=[38;2;145;134;116m+[38;2;183;172;48m*[38;2;200;188;27m*[38;2;195;180;27m*[38;2;177;148;34m+[38;2;203;186;166m#[38;2;255;255;255m@[38;2;255;255;255m@[0m
[38;2;255;255;255m@[38;2;250;250;249m@[38;2;135;131;102m+[38;2;156;141;125m+[38;2;219;210;188m#[38;2;232;223;202m%[38;2;221;212;194m%[38;2;139;131;126m+[38;2;155;146;136m+[38;2;169;157;145m*[38;2;176;165;150m*[38;2;172;160;146m*[38;2;149;139;131m+[38;2;123;113;112m=[38;2;70;64;74m:[38;2;74;67;78m:[38;2;54;48;63m:[38;2;55;49;65m:[38;2;71;64;76m:[38;2;108;99;104m=[38;2;122;113;115m=[38;2;145;135;131m+[38;2;161;151;141m+[38;2;142;132;120m+[38;2;172;156;41m+[38;2;177;151;30m+[38;2;163;130;77m+[38;2;203;189;174m#[38;2;255;255;255m@[38;2;255;255;255m@[0m
[38;2;255;255;255m@[38;2;250;250;250m@[38;2;126;121;111m=[38;2;157;139;123m+[38;2;207;194;175m#[38;2;226;217;198m%[38;2;156;149;142m+[38;2;146;136;129m+[38;2;184;171;155m*[38;2;186;175;158m*[38;2;184;172;156m*[38;2;178;166;152m*[38;2;151;140;133m+[38;2;98;90;95m-[38;2;68;62;74m:[38;2;61;55;68m:[38;2;71;64;76m:[38;2;70;64;76m:[38;2;113;104;108m=[38;2;117;108;111m=[38;2;132;123;122m=[38;2;173;163;152m*[38;2;185;174;160m*[38;2;161;151;142m+[38;2;126;112;101m=[38;2;152;120;87m=[38;2;165;137;104m+[38;2;219;204;186m#[38;2;255;255;255m@[38;2;255;255;255m@[0m
[38;2;255;255;255m@[38;2;249;249;249m@[38;2;50;46;56m:[38;2;162;143;124m+[38;2;175;169;153m*[38;2;175;171;156m*[38;2;120;112;112m=[38;2;182;171;155m*[38;2;216;201;179m#[38;2;212;198;177m#[38;2;206;193;173m#[38;2;194;182;165m*[38;2;146;135;129m+[38;2;83;74;79m-[38;2;86;76;84m-[38;2;87;76;82m-[38;2;80;73;83m-[38;2;89;81;91m-[38;2;106;98;104m=[38;2;115;106;109m=[38;2;144;134;131m+[38;2;171;161;150m*[38;2;184;173;158m*[38;2;182;170;156m*[38;2;140;130;125m+[38;2;145;119;98m=[38;2;188;160;132m*[38;2;226;210;195m#[38;2;255;255;255m@[38;2;255;255;255m@[0m
[38;2;255;255;255m@[38;2;253;253;253m@[38;2;189;188;192m#[38;2;219;214;211m%[38;2;197;196;198m#[38;2;199;197;199m#[38;2;210;208;209m#[38;2;237;233;228m%[38;2;246;242;235m@[38;2;244;241;234m@[38;2;243;239;233m%[38;2;235;232;227m%[38;2;213;211;211m#[38;2;229;221;214m%[38;2;234;226;218m%[38;2;229;221;214m%[38;2;209;205;206m#[38;2;209;206;208m#[38;2;220;217;216m%[38;2;210;208;210m#[38;2;215;213;213m%[38;2;230;227;223m%[38;2;233;230;226m%[38;2;232;229;225m%[38;2;220;217;215m%[38;2;232;225;218m%[38;2;240;232;223m%[38;2;248;243;238m@[38;2;255;255;255m@[38;2;255;255;255m@[0m
[38;2;255;255;255m@[38;2;255;255;255m@[38;2;255;255;255m@[38;2;255;255;255m@[38;2;255;255;255m@[38;2;255;255;255m@[38;2;255;255;255m@[38;2;255;255;255m@[38;2;255;255;255m@[38;2;255;255;255m@[38;2;255;255;255m@[38;2;255;255;255m@[38;2;255;255;255m@[38;2;255;255;255m@[38;2;255;255;255m@[38;2;255;255;255m@[38;2;255;255;255m@[38;2;255;255;255m@[38;2;255;255;255m@[38;2;255;255;255m@[38;2;255;255;255m@[38;2;255;255;255m@[38;2;255;255;255m@[38;2;255;255;255m@[38;2;255;255;255m@[38;2;255;255;255m@[38;2;255;255;255m@[38;2;255;255;255m@[38;2;255;255;255m@[38;2;255;255;255m@[0m
[38;2;255;255;255m@[38;2;255;255;255m@[38;2;255;255;255m@[38;2;255;255;255m@[38;2;255;255;255m@[38;2;255;255;255m@[38;2;255;255;255m@[38;2;255;255;255m@[38;2;255;255;255m@[38;2;255;255;255m@[38;2;255;255;255m@[38;2;255;255;255m@[38;2;255;255;255m@[38;2;255;255;255m@[38;2;255;255;255m@[38;2;255;255;255m@[38;2;255;255;255m@[38;2;255;255;255m@[38;2;255;255;255m@[38;2;255;255;255m@[38;2;255;255;255m@[38;2;255;255;255m@[38;2;255;255;255m@[38;2;255;255;255m@[38;2;255;255;255m@[38;2;255;255;255m@[38;2;255;255;255m@[38;2;255;255;255m@[38;2;255;255;255m@[38;2;255;255;255m@[0m
