[38;2;6;1;1m [38;2;6;1;1m [38;2;6;1;1m [38;2;6;1;1m [38;2;6;1;1m [38;2;6;1;1m [38;2;6;1;1m [38;2;6;1;1m [38;2;5;11;39m [38;2;16;22;50m.[38;2;11;39;114m.[38;2;33;61;136m:[38;2;29;58;138m:[38;2;24;53;133m:[38;2;25;31;59m.[38;2;0;2;30m [38;2;6;1;1m [38;2;6;1;1m [38;2;8;0;1m [38;2;8;0;1m [38;2;6;1;1m [38;2;6;1;1m [38;2;6;1;1m [38;2;6;1;1m [38;2;6;1;1m [38;2;6;1;1m [38;2;6;1;1m [38;2;6;1;1m [38;2;6;1;1m [38;2;6;1;1m [0m
[38;2;6;1;1m [38;2;6;1;1m [38;2;6;1;1m [38;2;6;1;1m [38;2;6;1;1m [38;2;6;1;1m [38;2;6;1;1m [38;2;6;1;1m [38;2;3;1;6m [38;2;8;6;11m [38;2;6;23;79m.[38;2;31;48;104m:[38;2;20;41;110m.[38;2;27;48;117m:[38;2;7;6;13m [38;2;4;3;10m [38;2;9;1;2m [38;2;8;0;1m [38;2;6;1;1m [38;2;6;1;1m [38;2;6;1;1m [38;2;6;1;1m [38;2;6;1;1m [38;2;6;1;1m [38;2;6;1;1m [38;2;6;1;1m [38;2;6;1;1m [38;2;6;1;1m [38;2;6;1;1m [38;2;6;1;1m [0m
[38;2;6;1;1m [38;2;6;1;1m [38;2;6;1;1m [38;2;6;1;1m [38;2;6;1;1m [38;2;6;1;1m [38;2;6;1;1m [38;2;6;1;1m [38;2;6;1;1m [38;2;6;1;1m [38;2;0;8;49m [38;2;36;50;91m:[38;2;15;47;124m:[38;2;29;61;138m:[38;2;10;1;4m [38;2;9;0;3m [38;2;10;1;2m [38;2;10;1;2m [38;2;6;1;1m [38;2;6;1;1m [38;2;6;1;1m [38;2;7;2;2m [38;2;6;1;1m [38;2;6;1;1m [38;2;8;0;1m [38;2;9;1;2m [38;2;6;1;1m [38;2;6;1;1m [38;2;6;1;1m [38;2;6;1;1m [0m
[38;2;6;1;1m [38;2;6;1;1m [38;2;6;1;1m [38;2;6;1;1m [38;2;6;1;1m [38;2;6;1;1m [38;2;6;1;1m [38;2;6;1;1m [38;2;6;1;1m [38;2;6;1;1m [38;2;1;1;16m [38;2;19;19;34m.[38;2;29;60;145m:[38;2;28;59;144m:[38;2;12;0;6m [38;2;16;4;10m [38;2;10;1;2m [38;2;10;1;2m [38;2;6;1;1m [38;2;6;1;1m [38;2;6;1;1m [38;2;6;1;1m [38;2;10;1;2m [38;2;10;1;2m [38;2;10;1;2m [38;2;10;1;2m [38;2;7;2;2m [38;2;6;1;1m [38;2;6;1;1m [38;2;6;1;1m [0m
[38;2;6;1;1m [38;2;6;1;1m [38;2;6;1;1m [38;2;6;1;1m [38;2;6;1;1m [38;2;6;1;1m [38;2;6;1;1m [38;2;6;1;1m [38;2;6;1;1m [38;2;6;1;1m [38;2;3;0;9m [38;2;11;8;17m [38;2;26;47;130m:[38;2;31;52;135m:[38;2;89;0;38m.[38;2;151;47;100m-[38;2;13;2;4m [38;2;11;0;2m [38;2;9;1;2m [38;2;9;1;2m [38;2;6;1;1m [38;2;6;1;1m [38;2;6;1;1m [38;2;7;2;2m [38;2;9;1;2m [38;2;8;0;1m [38;2;6;1;1m [38;2;6;1;1m [38;2;6;1;1m [38;2;6;1;1m [0m
[38;2;6;1;1m [38;2;6;1;1m [38;2;6;1;1m [38;2;6;1;1m [38;2;6;1;1m [38;2;6;1;1m [38;2;6;1;1m [38;2;6;1;1m [38;2;8;0;1m [38;2;9;1;2m [38;2;14;19;77m.[38;2;37;42;100m:[38;2;37;53;142m:[38;2;36;52;141m:[38;2;177;15;100m:[38;2;206;44;129m-[38;2;90;27;58m:[38;2;48;0;16m [38;2;10;1;2m [38;2;10;1;2m [38;2;9;1;2m [38;2;8;0;1m [38;2;6;1;1m [38;2;6;1;1m [38;2;6;1;1m [38;2;6;1;1m [38;2;6;1;1m [38;2;6;1;1m [38;2;6;1;1m [38;2;6;1;1m [0m
[38;2;6;1;1m [38;2;6;1;1m [38;2;6;1;1m [38;2;6;1;1m [38;2;6;1;1m [38;2;6;1;1m [38;2;6;1;1m [38;2;6;1;1m [38;2;6;1;10m [38;2;16;11;20m [38;2;34;55;148m:[38;2;36;57;150m:[38;2;30;62;153m:[38;2;31;63;154m:[38;2;171;15;106m:[38;2;206;50;141m-[38;2;165;30;101m:[38;2;144;9;80m:[38;2;29;8;15m [38;2;17;0;3m [38;2;10;1;2m [38;2;10;1;2m [38;2;6;1;1m [38;2;6;1;1m [38;2;6;1;1m [38;2;6;1;1m [38;2;6;1;1m [38;2;6;1;1m [38;2;6;1;1m [38;2;6;1;1m [0m
[38;2;6;1;1m [38;2;6;1;1m [38;2;6;1;1m [38;2;6;1;1m [38;2;6;1;1m [38;2;6;1;1m [38;2;6;1;1m [38;2;6;1;1m [38;2;0;2;27m [38;2;30;37;62m.[38;2;24;69;157m:[38;2;23;68;156m:[38;2;32;62;154m:[38;2;31;61;153m:[38;2;168;24;116m:[38;2;192;48;140m-[38;2;219;30;127m-[38;2;214;25;122m-[38;2;147;27;93m:[38;2;115;0;61m.[38;2;10;1;2m [38;2;10;1;2m [38;2;8;0;1m [38;2;8;0;1m [38;2;6;1;1m [38;2;6;1;1m [38;2;6;1;1m [38;2;6;1;1m [38;2;6;1;1m [38;2;6;1;1m [0m
[38;2;6;1;1m [38;2;6;1;1m [38;2;6;1;1m [38;2;6;1;1m [38;2;6;1;1m [38;2;6;1;1m [38;2;6;1;1m [38;2;6;1;1m [38;2;0;3;38m [38;2;36;51;86m:[38;2;17;73;160m:[38;2;16;72;159m:[38;2;31;63;154m:[38;2;30;62;153m:[38;2;193;32;132m-[38;2;208;47;147m-[38;2;211;46;129m-[38;2;182;17;100m:[38;2;215;41;132m-[38;2;179;5;96m:[38;2;9;1;2m [38;2;8;0;1m [38;2;6;1;1m [38;2;6;1;1m [38;2;6;1;1m [38;2;6;1;1m [38;2;6;1;1m [38;2;6;1;1m [38;2;6;1;1m [38;2;6;1;1m [0m
[38;2;6;1;1m [38;2;6;1;1m [38;2;6;1;1m [38;2;6;1;1m [38;2;6;1;1m [38;2;6;1;1m [38;2;6;1;1m [38;2;6;1;1m [38;2;0;4;40m [38;2;37;56;92m:[38;2;21;72;158m:[38;2;17;68;154m:[38;2;23;44;127m:[38;2;37;58;141m:[38;2;172;33;131m:[38;2;186;47;145m-[38;2;231;36;134m-[38;2;235;40;138m-[38;2;159;49;106m-[38;2;86;0;33m.[38;2;10;1;2m [38;2;10;1;2m [38;2;5;1;4m [38;2;7;3;6m [38;2;15;21;52m.[38;2;8;14;45m.[38;2;5;1;2m [38;2;5;1;2m [38;2;6;1;1m [38;2;6;1;1m [0m
[38;2;6;1;1m [38;2;6;1;1m [38;2;6;1;1m [38;2;6;1;1m [38;2;6;1;1m [38;2;6;1;1m [38;2;6;1;1m [38;2;6;1;1m [38;2;0;4;38m [38;2;37;54;88m:[38;2;30;67;150m:[38;2;18;55;138m:[38;2;2;13;68m.[38;2;36;47;102m:[38;2;140;26;126m:[38;2;165;51;151m-[38;2;235;35;136m-[38;2;235;35;136m-[38;2;165;32;107m:[38;2;120;0;62m.[38;2;10;1;2m [38;2;10;1;2m [38;2;8;19;77m.[38;2;41;52;110m:[38;2;35;45;110m:[38;2;11;21;86m.[38;2;5;5;9m [38;2;2;2;6m [38;2;6;1;1m [38;2;6;1;1m [0m
[38;2;7;2;2m [38;2;6;1;1m [38;2;6;1;1m [38;2;6;1;1m [38;2;6;1;1m [38;2;6;1;1m [38;2;6;1;1m [38;2;6;1;1m [38;2;0;9;56m [38;2;43;55;102m:[38;2;35;55;134m:[38;2;24;44;123m:[38;2;6;11;35m [38;2;9;14;38m.[38;2;116;22;118m:[38;2;156;62;158m-[38;2;238;31;139m-[38;2;230;23;131m-[38;2;160;27;102m:[38;2;130;0;72m.[38;2;53;24;58m.[38;2;42;13;47m.[38;2;35;60;149m:[38;2;32;57;146m:[38;2;36;45;106m:[38;2;8;17;78m.[38;2;5;5;9m [38;2;2;2;6m [38;2;6;1;1m [38;2;6;1;1m [0m
[38;2;6;1;1m [38;2;6;1;1m [38;2;6;1;1m [38;2;6;1;1m [38;2;6;1;1m [38;2;6;1;1m [38;2;6;1;1m [38;2;6;1;1m [38;2;19;38;109m.[38;2;33;52;123m:[38;2;35;51;128m:[38;2;22;38;115m.[38;2;12;10;23m [38;2;3;1;14m [38;2;20;10;73m.[38;2;65;55;118m:[38;2;176;31;130m:[38;2;179;34;133m-[38;2;212;23;120m:[38;2;230;41;138m-[38;2;156;64;151m-[38;2;116;24;111m:[38;2;39;57;145m:[38;2;32;50;138m:[38;2;37;47;105m:[38;2;8;18;76m.[38;2;5;5;9m [38;2;2;2;6m [38;2;6;1;1m [38;2;6;1;1m [0m
[38;2;6;1;1m [38;2;6;1;1m [38;2;6;1;1m [38;2;6;1;1m [38;2;6;1;1m [38;2;6;1;1m [38;2;5;1;4m [38;2;9;5;8m [38;2;28;55;138m:[38;2;30;57;140m:[38;2;37;51;123m:[38;2;17;31;103m.[38;2;8;4;9m [38;2;6;2;7m [38;2;143;0;73m.[38;2;195;48;125m-[38;2;238;37;138m-[38;2;235;34;135m-[38;2;236;36;136m-[38;2;238;38;138m-[38;2;136;70;164m-[38;2;102;36;130m:[38;2;37;59;146m:[38;2;27;49;136m:[38;2;36;44;97m:[38;2;6;14;67m.[38;2;6;2;3m [38;2;5;1;2m [38;2;6;1;1m [38;2;6;1;1m [0m
[38;2;6;1;1m [38;2;6;1;1m [38;2;6;1;1m [38;2;6;1;1m [38;2;6;1;1m [38;2;6;1;1m [38;2;3;0;9m [38;2;13;10;19m [38;2;20;55;139m:[38;2;29;64;148m:[38;2;37;60;130m:[38;2;7;30;100m.[38;2;37;0;10m [38;2;84;32;57m:[38;2;237;37;137m-[38;2;239;39;139m-[38;2;239;39;139m-[38;2;236;36;136m-[38;2;227;41;142m-[38;2;219;33;134m-[38;2;40;65;157m:[38;2;36;61;153m:[38;2;33;63;153m:[38;2;29;59;149m:[38;2;36;45;90m:[38;2;0;5;50m [38;2;13;3;6m [38;2;10;0;3m [38;2;6;1;1m [38;2;6;1;1m [0m
[38;2;6;1;1m [38;2;6;1;1m [38;2;6;1;1m [38;2;6;1;1m [38;2;6;1;1m [38;2;6;1;1m [38;2;1;1;16m [38;2;21;21;36m.[38;2;19;40;109m.[38;2;28;49;118m:[38;2;38;62;126m:[38;2;0;24;88m.[38;2;106;0;44m.[38;2;187;63;125m-[38;2;238;40;139m-[38;2;239;41;140m-[38;2;239;41;140m-[38;2;237;39;138m-[38;2;159;68;163m-[38;2;122;31;126m:[38;2;23;68;156m:[38;2;23;68;156m:[38;2;30;64;155m:[38;2;26;60;151m:[38;2;42;59;107m:[38;2;0;9;57m [38;2;35;8;19m.[38;2;29;2;13m [38;2;6;1;1m [38;2;6;1;1m [0m
[38;2;6;1;1m [38;2;6;1;1m [38;2;6;1;1m [38;2;6;1;1m [38;2;6;1;1m [38;2;6;1;1m [38;2;0;7;47m [38;2;34;42;82m:[38;2;21;30;67m.[38;2;4;13;50m [38;2;35;43;84m:[38;2;2;10;51m [38;2;214;29;122m-[38;2;230;45;138m-[38;2;239;41;138m-[38;2;239;41;138m-[38;2;236;41;139m-[38;2;234;39;137m-[38;2;49;69;158m-[38;2;42;62;151m:[38;2;14;75;160m:[38;2;14;75;160m:[38;2;31;66;149m:[38;2;14;49;132m:[38;2;23;18;40m.[38;2;12;7;29m [38;2;41;5;21m [38;2;43;7;23m.[38;2;13;4;5m [38;2;9;0;1m [0m
[38;2;6;1;1m [38;2;6;1;1m [38;2;6;1;1m [38;2;6;1;1m [38;2;6;1;1m [38;2;6;1;1m [38;2;6;22;76m.[38;2;35;51;105m:[38;2;24;34;74m.[38;2;3;13;53m [38;2;37;0;22m [38;2;79;33;64m:[38;2;239;41;140m-[38;2;238;40;139m-[38;2;233;33;134m-[38;2;235;35;136m-[38;2;189;59;157m-[38;2;161;31;129m:[38;2;10;77;162m:[38;2;11;78;163m:[38;2;14;75;160m:[38;2;12;73;158m:[38;2;39;54;119m:[38;2;8;23;88m.[38;2;17;0;8m [38;2;29;10;20m.[38;2;41;4;23m [38;2;43;6;25m.[38;2;25;8;14m [38;2;13;0;2m [0m
[38;2;6;1;1m [38;2;6;1;1m [38;2;6;1;1m [38;2;6;1;1m [38;2;6;1;1m [38;2;6;1;1m [38;2;11;35;101m.[38;2;33;57;123m:[38;2;30;42;92m:[38;2;5;17;67m.[38;2;52;0;39m [38;2;97;39;84m:[38;2;239;38;139m-[38;2;235;34;135m-[38;2;145;25;90m:[38;2;115;0;60m.[38;2;71;59;145m:[38;2;65;53;139m:[38;2;7;80;163m:[38;2;7;80;163m:[38;2;24;69;156m:[38;2;20;65;152m:[38;2;29;35;69m.[38;2;0;2;36m [38;2;23;2;11m [38;2;27;6;15m [38;2;31;4;15m [38;2;34;7;18m [38;2;28;9;15m [38;2;16;0;3m [0m
[38;2;6;1;1m [38;2;6;1;1m [38;2;6;1;1m [38;2;6;1;1m [38;2;6;1;1m [38;2;6;1;1m [38;2;12;40;108m.[38;2;32;60;128m:[38;2;31;44;98m:[38;2;7;20;74m.[38;2;33;7;38m.[38;2;43;17;48m.[38;2;210;36;128m-[38;2;178;4;96m:[38;2;8;3;23m [38;2;24;19;39m.[38;2;6;75;158m:[38;2;9;78;161m:[38;2;12;77;161m:[38;2;10;75;159m:[38;2;33;65;142m:[38;2;12;44;121m:[38;2;14;4;14m [38;2;12;2;12m [38;2;20;3;9m [38;2;17;0;6m [38;2;28;3;13m [38;2;33;8;18m [38;2;24;7;13m [38;2;15;0;4m [0m
[38;2;6;1;1m [38;2;6;1;1m [38;2;6;1;1m [38;2;6;1;1m [38;2;6;1;1m [38;2;6;1;1m [38;2;12;37;105m.[38;2;32;57;125m:[38;2;26;36;78m.[38;2;4;14;56m.[38;2;16;9;21m [38;2;13;6;18m [38;2;73;21;48m.[38;2;41;0;16m [38;2;0;33;93m.[38;2;30;71;131m:[38;2;5;81;163m:[38;2;5;81;163m:[38;2;20;73;158m:[38;2;17;70;155m:[38;2;32;36;68m.[38;2;0;3;35m [38;2;24;3;12m [38;2;25;4;13m [38;2;17;0;6m [38;2;21;4;10m [38;2;69;13;44m.[38;2;58;2;33m.[38;2;21;6;11m [38;2;15;0;5m [0m
[38;2;6;1;1m [38;2;6;1;1m [38;2;6;1;1m [38;2;6;1;1m [38;2;6;1;1m [38;2;6;1;1m [38;2;6;28;90m.[38;2;37;59;121m:[38;2;30;39;76m.[38;2;0;6;43m [38;2;11;5;11m [38;2;10;4;10m [38;2;0;4;22m [38;2;20;26;44m.[38;2;8;77;162m:[38;2;9;78;163m:[38;2;14;75;160m:[38;2;12;73;158m:[38;2;35;55;110m:[38;2;1;21;76m.[38;2;32;0;14m [38;2;54;15;36m.[38;2;66;17;41m.[38;2;43;0;18m [38;2;33;0;11m [38;2;65;20;43m.[38;2;103;20;66m.[38;2;78;0;41m.[38;2;25;6;12m [38;2;19;0;6m [0m
[38;2;6;1;1m [38;2;6;1;1m [38;2;6;1;1m [38;2;6;1;1m [38;2;6;1;1m [38;2;6;1;1m [38;2;9;24;85m.[38;2;42;57;118m:[38;2;39;54;99m:[38;2;0;7;52m [38;2;10;2;3m [38;2;9;1;2m [38;2;0;33;88m.[38;2;26;76;131m:[38;2;8;79;163m:[38;2;7;78;162m:[38;2;35;62;135m:[38;2;11;38;111m.[38;2;44;0;25m [38;2;72;22;53m.[38;2;180;21;108m:[38;2;166;7;94m:[38;2;31;8;18m [38;2;18;0;5m [38;2;85;0;38m.[38;2;143;39;96m:[38;2;139;29;91m:[38;2;100;0;52m.[38;2;23;4;10m [38;2;22;3;9m [0m
[38;2;6;1;1m [38;2;6;1;1m [38;2;6;1;1m [38;2;6;1;1m [38;2;70;0;30m.[38;2;113;31;73m:[38;2;104;59;151m-[38;2;78;33;125m:[38;2;22;51;119m:[38;2;17;46;114m:[38;2;8;13;36m [38;2;13;18;41m.[38;2;4;77;160m:[38;2;8;81;164m-[38;2;28;65;148m:[38;2;18;55;138m:[38;2;53;5;47m.[38;2;74;26;68m.[38;2;214;20;121m:[38;2;219;25;126m-[38;2;101;30;68m:[38;2;56;0;23m [38;2;18;0;6m [38;2;30;9;18m [38;2;161;1;91m.[38;2;185;25;115m:[38;2;145;27;92m:[38;2;112;0;59m.[38;2;26;5;12m [38;2;22;1;8m [0m
[38;2;6;1;1m [38;2;6;1;1m [38;2;68;0;33m.[38;2;97;23;62m.[38;2;200;19;118m:[38;2;198;17;116m:[38;2;92;53;138m:[38;2;72;33;118m:[38;2;16;52;128m:[38;2;23;59;135m:[38;2;1;46;115m.[38;2;25;70;139m:[38;2;13;75;160m:[38;2;12;74;159m:[38;2;38;14;52m.[38;2;47;23;61m.[38;2;220;27;125m-[38;2;228;35;133m-[38;2;144;35;94m:[38;2;95;0;45m.[38;2;11;2;3m [38;2;11;2;3m [38;2;57;0;28m [38;2;86;21;57m.[38;2;189;11;111m:[38;2;196;18;118m:[38;2;183;26;112m:[38;2;159;2;88m.[38;2;28;7;16m [38;2;20;0;8m [0m
[38;2;38;0;9m [38;2;92;37;63m:[38;2;238;37;138m-[38;2;235;34;135m-[38;2;163;37;110m:[38;2;120;0;67m.[38;2;20;63;144m:[38;2;24;67;148m:[38;2;23;58;128m:[38;2;12;47;117m:[38;2;2;65;144m:[38;2;14;77;156m:[38;2;30;68;145m:[38;2;10;48;125m:[38;2;77;0;24m.[38;2;168;61;115m-[38;2;195;42;124m-[38;2;146;0;75m.[38;2;17;2;7m [38;2;13;0;3m [38;2;13;0;2m [38;2;18;4;7m [38;2;119;0;61m.[38;2;158;32;100m:[38;2;230;21;131m-[38;2;231;22;132m-[38;2;190;26;117m:[38;2;165;1;92m.[38;2;29;8;15m [38;2;19;0;5m [0m
[38;2;164;3;85m:[38;2;213;52;134m-[38;2;239;39;139m-[38;2;236;36;136m-[38;2;188;52;148m-[38;2;166;30;126m:[38;2;17;74;157m:[38;2;10;67;150m:[38;2;17;69;146m:[38;2;8;60;137m:[38;2;7;80;163m:[38;2;7;80;163m:[38;2;37;66;126m:[38;2;0;25;85m.[38;2;103;0;48m.[38;2;159;39;104m:[38;2;44;14;28m.[38;2;22;0;6m [38;2;8;0;1m [38;2;9;1;2m [38;2;33;0;12m [38;2;62;19;41m.[38;2;220;19;125m:[38;2;234;33;139m-[38;2;238;29;137m-[38;2;231;22;130m-[38;2;174;32;112m:[38;2;135;0;73m.[38;2;23;6;12m [38;2;15;0;4m [0m
[38;2;236;36;136m-[38;2;240;40;140m-[38;2;239;39;139m-[38;2;237;37;137m-[38;2;181;62;156m-[38;2;155;36;130m:[38;2;6;69;150m:[38;2;12;75;156m:[38;2;18;65;137m:[38;2;8;55;127m:[38;2;15;70;152m:[38;2;13;68;150m:[38;2;29;36;64m.[38;2;0;1;29m [38;2;53;10;31m.[38;2;41;0;19m [38;2;6;1;1m [38;2;6;1;1m [38;2;24;0;7m [38;2;47;15;30m.[38;2;160;3;89m:[38;2;181;24;110m:[38;2;235;30;135m-[38;2;239;34;139m-[38;2;239;28;137m-[38;2;231;20;129m-[38;2;152;27;97m:[38;2;120;0;65m.[38;2;15;4;6m [38;2;11;0;2m [0m
[38;2;239;41;138m-[38;2;239;41;138m-[38;2;237;37;137m-[38;2;237;37;137m-[38;2;178;58;157m-[38;2;154;34;133m:[38;2;12;56;129m:[38;2;24;68;141m:[38;2;21;61;124m:[38;2;1;41;104m.[38;2;21;48;105m:[38;2;11;38;95m.[38;2;26;25;47m.[38;2;2;1;23m [38;2;11;2;3m [38;2;10;1;2m [38;2;8;0;1m [38;2;9;1;2m [38;2;135;0;68m.[38;2;186;39;119m-[38;2;236;25;134m-[38;2;237;26;135m-[38;2;238;29;135m-[38;2;239;30;136m-[38;2;235;25;138m-[38;2;224;14;127m:[38;2;138;33;93m:[38;2;91;0;46m.[38;2;10;1;2m [38;2;10;1;2m [0m
[38;2;237;39;139m-[38;2;231;33;133m-[38;2;231;29;133m-[38;2;234;32;136m-[38;2;226;42;140m-[38;2;222;38;136m-[38;2;132;70;159m-[38;2;103;41;130m:[38;2;23;39;92m.[38;2;19;35;88m.[38;2;13;27;58m.[38;2;3;17;48m.[38;2;9;5;10m [38;2;6;2;7m [38;2;8;0;1m [38;2;9;1;2m [38;2;35;0;11m [38;2;67;19;43m.[38;2;229;22;130m-[38;2;237;30;138m-[38;2;237;30;136m-[38;2;238;31;137m-[38;2;239;26;136m-[38;2;236;23;133m-[38;2;229;19;133m-[38;2;221;11;125m:[38;2;121;32;82m:[38;2;73;0;34m.[38;2;9;1;2m [38;2;8;0;1m [0m
